Composition,
Date Added,1999-08-03
Formula,
Grain Size Description,<45.0um
Grain Size,0.0 - 45.0
Locality,
Minimum Wavelength,300
Sample Name,MIX540
Maximum Wavelength,24923
Database of Origin,ReLab
Other Information,
References,
Resolution,8.0
Material Class,Mineral
Sample Description,Palagonite (PAL102x) 90% + Diaspore (OOH012) 10%  Dry-sieved. 
Sample ID,LAMX50
Original Sample ID,MX-EAC-050
Viewing Geometry,
Wavelength,Response
300.0,37.32
305.0,35.66
310.0,36.51
315.0,36.42
320.0,37.07
325.0,37.79
330.0,38.53
335.0,39.16
340.0,40.2
345.0,41.03
350.0,42.0
355.0,43.38
360.0,44.44
365.0,45.7
370.0,47.19
375.0,49.0
380.0,50.82
385.0,53.1
390.0,53.71
395.0,55.81
400.0,58.82
405.0,61.26
410.0,64.02
415.0,66.93
420.0,69.79
425.0,73.39
430.0,77.12
435.0,81.09
440.0,85.36
445.0,89.35
450.0,93.24
455.0,96.86
460.0,99.81
465.0,102.76
470.0,105.53
475.0,108.42
480.0,111.78
485.0,115.62
490.0,120.59
495.0,125.88
500.0,131.43
505.0,137.67
510.0,143.43
515.0,150.34
520.0,156.89
525.0,164.21
530.0,171.53
535.0,178.91
540.0,186.05
545.0,193.59
550.0,200.69
555.0,208.33
560.0,215.7
565.0,223.31
570.0,230.66
575.0,238.13
580.0,245.56
585.0,252.47
590.0,259.21
595.0,265.91
600.0,271.86
605.0,277.59
610.0,283.63
615.0,289.4
620.0,294.46
625.0,299.32
630.0,304.08
635.0,308.84
640.0,312.92
645.0,317.02
650.0,320.93
655.0,324.54
660.0,327.82
665.0,331.45
670.0,334.49
675.0,337.79
680.0,340.44
685.0,343.92
690.0,346.18
695.0,348.79
700.0,351.48
705.0,353.84
710.0,356.38
715.0,358.87
720.0,360.8
725.0,361.88
730.0,363.0
735.0,365.33
740.0,366.93
745.0,368.45
750.0,369.91
755.0,371.12
760.0,372.53
765.0,372.99
770.0,374.16
775.0,374.37
780.0,375.07
785.0,375.22
790.0,375.71
795.0,375.85
800.0,375.45
805.0,375.53
810.0,374.93
815.0,374.79
820.0,374.72
825.0,374.46
830.0,373.93
835.0,373.18
840.0,373.42
845.0,372.61
850.0,372.33
855.0,371.31
860.0,371.11
865.0,370.65
870.0,370.53
875.0,369.95
880.0,369.71
885.0,369.61
890.0,369.41
895.0,368.59
900.0,368.35
905.0,369.11
910.0,368.36
915.0,368.39
920.0,368.54
925.0,368.25
930.0,368.78
935.0,368.45
940.0,368.12
945.0,368.25
950.0,368.36
955.0,368.13
960.0,367.67
965.0,368.21
970.0,368.2
975.0,368.55
980.0,368.96
985.0,369.02
990.0,368.71
995.0,368.96
1000.0,369.07
1005.0,369.6
1010.0,369.73
1015.0,370.09
1020.0,370.57
1025.0,370.54
1030.0,370.96
1035.0,371.04
1040.0,371.54
1045.0,371.91
1050.0,372.09
1055.0,372.32
1060.0,372.85
1065.0,373.41
1070.0,373.71
1075.0,374.01
1080.0,374.21
1085.0,374.49
1090.0,375.22
1095.0,375.31
1100.0,375.85
1105.0,376.02
1110.0,376.46
1115.0,376.97
1120.0,377.7
1125.0,377.55
1130.0,377.4
1135.0,378.38
1140.0,378.04
1145.0,378.71
1150.0,378.44
1155.0,378.69
1160.0,378.95
1165.0,379.45
1170.0,379.61
1175.0,380.04
1180.0,379.87
1185.0,380.1
1190.0,380.79
1195.0,381.04
1200.0,380.6
1205.0,382.0
1210.0,382.27
1215.0,381.8
1220.0,382.12
1225.0,382.58
1230.0,382.59
1235.0,383.06
1240.0,383.51
1245.0,383.5
1250.0,383.71
1255.0,383.67
1260.0,383.7
1265.0,383.84
1270.0,383.76
1275.0,383.17
1280.0,382.85
1285.0,382.72
1290.0,382.87
1295.0,382.86
1300.0,383.03
1305.0,383.16
1310.0,382.58
1315.0,382.81
1320.0,382.61
1325.0,382.8
1330.0,382.48
1335.0,382.45
1340.0,382.58
1345.0,382.76
1350.0,382.42
1355.0,382.82
1360.0,382.51
1365.0,382.09
1370.0,381.74
1375.0,379.87
1380.0,378.94
1385.0,378.4
1390.0,377.6
1395.0,375.68
1400.0,374.25
1405.0,372.93
1410.0,369.47
1415.0,369.17
1420.0,368.63
1425.0,369.0
1430.0,370.59
1435.0,371.03
1440.0,372.88
1445.0,373.91
1450.0,375.1
1455.0,375.34
1460.0,376.21
1465.0,377.03
1470.0,377.42
1475.0,377.4
1480.0,378.57
1485.0,379.32
1490.0,379.84
1495.0,380.69
1500.0,381.24
1505.0,381.46
1510.0,382.25
1515.0,382.62
1520.0,383.17
1525.0,383.56
1530.0,383.92
1535.0,384.28
1540.0,384.83
1545.0,385.24
1550.0,386.0
1555.0,385.96
1560.0,386.17
1565.0,386.82
1570.0,386.92
1575.0,386.7
1580.0,387.55
1585.0,387.49
1590.0,387.83
1595.0,387.94
1600.0,388.18
1605.0,388.42
1610.0,388.27
1615.0,389.06
1620.0,389.0
1625.0,388.66
1630.0,388.0
1635.0,388.61
1640.0,388.79
1645.0,389.13
1650.0,389.37
1655.0,389.23
1660.0,389.08
1665.0,390.39
1670.0,389.87
1675.0,390.42
1680.0,389.91
1685.0,389.71
1690.0,390.32
1695.0,389.04
1700.0,389.62
1705.0,389.81
1710.0,389.73
1715.0,389.49
1720.0,389.58
1725.0,389.52
1730.0,389.02
1735.0,389.01
1740.0,388.53
1745.0,388.4
1750.0,388.14
1755.0,388.09
1760.0,387.61
1765.0,387.71
1770.0,387.38
1775.0,386.98
1780.0,387.29
1785.0,387.09
1790.0,386.89
1795.0,387.14
1800.0,387.18
1805.0,387.32
1810.0,387.67
1815.0,388.37
1820.0,388.49
1825.0,388.83
1830.0,388.85
1835.0,388.6
1840.0,388.59
1845.0,388.27
1850.0,387.81
1855.0,388.07
1860.0,389.42
1865.0,388.34
1870.0,386.78
1875.0,385.27
1880.0,382.75
1885.0,378.23
1890.0,374.95
1895.0,369.68
1900.0,362.65
1905.0,355.79
1910.0,345.52
1915.0,343.3
1920.0,343.06
1925.0,343.83
1930.0,345.86
1935.0,348.42
1940.0,350.56
1945.0,351.56
1950.0,354.21
1955.0,355.96
1960.0,357.56
1965.0,358.94
1970.0,360.74
1975.0,362.21
1980.0,363.7
1985.0,365.29
1990.0,366.44
1995.0,368.36
2000.0,369.83
2005.0,371.15
2010.0,372.75
2015.0,374.16
2020.0,375.3
2025.0,376.24
2030.0,377.46
2035.0,378.77
2040.0,380.08
2045.0,380.7
2050.0,381.75
2055.0,382.47
2060.0,383.14
2065.0,383.38
2070.0,384.05
2075.0,384.96
2080.0,385.88
2085.0,386.4
2090.0,387.19
2095.0,387.44
2100.0,387.53
2105.0,387.9
2110.0,388.39
2115.0,388.51
2120.0,389.47
2125.0,389.8
2130.0,390.34
2135.0,390.63
2140.0,390.4
2145.0,389.69
2150.0,389.31
2155.0,388.66
2160.0,387.48
2165.0,386.43
2170.0,385.14
2175.0,384.15
2180.0,383.34
2185.0,382.08
2190.0,380.9
2195.0,378.98
2200.0,378.12
2205.0,376.65
2210.0,376.77
2215.0,377.82
2220.0,379.43
2225.0,380.09
2230.0,379.85
2235.0,379.83
2240.0,379.77
2245.0,380.38
2250.0,380.92
2255.0,381.69
2260.0,382.4
2265.0,383.0
2270.0,382.34
2275.0,382.29
2280.0,381.78
2285.0,381.06
2290.0,380.5
2295.0,380.36
2300.0,380.52
2305.0,380.69
2310.0,380.62
2315.0,380.09
2320.0,380.1
2325.0,378.86
2330.0,378.72
2335.0,377.68
2340.0,376.87
2345.0,375.63
2350.0,373.98
2355.0,372.75
2360.0,371.66
2365.0,370.11
2370.0,368.26
2375.0,366.83
2380.0,365.38
2385.0,363.96
2390.0,362.07
2395.0,360.95
2400.0,360.03
2405.0,358.53
2410.0,356.97
2415.0,356.04
2420.0,353.72
2425.0,351.21
2430.0,350.28
2435.0,348.72
2440.0,346.07
2445.0,345.32
2450.0,343.83
2455.0,342.12
2460.0,340.64
2465.0,339.89
2470.0,338.66
2475.0,335.7
2480.0,337.39
2485.0,333.35
2490.0,331.94
2495.0,330.36
2500.0,329.76
2502.0,329.31
2503.2,329.16
2504.4,329.17
2505.6,328.91
2506.8,328.36
2508.0,328.1
2509.3,327.55
2510.5,327.88
2511.7,328.35
2512.9,328.1
2514.1,327.44
2515.3,327.02
2516.6,326.74
2517.8,326.99
2519.0,327.0
2520.2,326.64
2521.5,326.37
2522.7,326.34
2523.9,325.88
2525.2,326.23
2526.4,325.68
2527.6,325.25
2528.8,324.7
2530.1,324.44
2531.3,324.12
2532.6,324.1
2533.8,324.37
2535.0,324.4
2536.3,323.76
2537.5,323.63
2538.8,323.99
2540.0,323.51
2541.2,322.81
2542.5,322.2
2543.7,321.43
2545.0,321.45
2546.2,321.43
2547.5,321.11
2548.7,320.71
2550.0,320.91
2551.2,320.63
2552.5,320.08
2553.8,319.57
2555.0,320.29
2556.3,320.17
2557.5,319.62
2558.8,319.32
2560.1,318.2
2561.3,317.08
2562.6,316.66
2563.9,316.72
2565.1,317.25
2566.4,317.62
2567.7,317.46
2568.9,316.23
2570.2,315.56
2571.5,316.51
2572.8,316.08
2574.0,313.73
2575.3,314.61
2576.6,314.36
2577.9,313.6
2579.2,314.54
2580.5,314.06
2581.7,312.35
2583.0,312.36
2584.3,311.03
2585.6,312.35
2586.9,312.94
2588.2,311.04
2589.5,311.47
2590.8,312.27
2592.1,311.75
2593.4,310.2
2594.7,306.57
2596.0,305.27
2597.3,310.81
2598.6,311.89
2599.9,310.27
2601.2,308.5
2602.5,307.5
2603.8,307.49
2605.1,305.79
2606.4,305.24
2607.7,306.54
2609.0,306.82
2610.3,306.02
2611.7,306.27
2613.0,305.74
2614.3,304.69
2615.6,304.08
2616.9,301.68
2618.3,301.54
2619.6,303.6
2620.9,301.36
2622.2,302.11
2623.6,303.24
2624.9,301.91
2626.2,299.72
2627.5,297.95
2628.9,298.91
2630.2,297.81
2631.5,295.91
2632.9,297.9
2634.2,297.02
2635.6,296.37
2636.9,296.36
2638.2,295.08
2639.6,293.41
2640.9,292.65
2642.3,291.84
2643.6,291.1
2645.0,289.91
2646.3,288.68
2647.7,288.43
2649.0,287.96
2650.4,286.68
2651.7,284.88
2653.1,282.52
2654.4,281.65
2655.8,280.16
2657.2,278.26
2658.5,276.45
2659.9,273.8
2661.3,271.57
2662.6,269.82
2664.0,267.16
2665.4,263.34
2666.7,260.32
2668.1,259.35
2669.5,257.08
2670.9,251.42
2672.2,246.05
2673.6,241.83
2675.0,236.32
2676.4,231.81
2677.8,228.4
2679.1,226.63
2680.5,224.03
2681.9,221.31
2683.3,217.07
2684.7,212.24
2686.1,207.05
2687.5,201.96
2688.9,195.94
2690.3,189.47
2691.7,182.55
2693.1,175.01
2694.5,166.48
2695.9,158.58
2697.3,151.14
2698.7,144.16
2700.1,137.71
2701.5,131.58
2702.9,125.95
2704.3,121.43
2705.7,117.32
2707.1,114.12
2708.5,111.65
2710.0,109.34
2711.4,106.89
2712.8,105.3
2714.2,103.93
2715.6,102.71
2717.1,101.39
2718.5,100.0
2719.9,98.63
2721.3,96.89
2722.8,95.39
2724.2,93.51
2725.6,92.64
2727.1,91.75
2728.5,90.21
2729.9,89.0
2731.4,88.02
2732.8,87.09
2734.2,86.1
2735.7,84.8
2737.1,83.83
2738.6,82.69
2740.0,81.56
2741.5,80.87
2742.9,80.38
2744.4,80.28
2745.8,79.74
2747.3,78.9
2748.7,78.2
2750.2,77.69
2751.7,77.32
2753.1,76.72
2754.6,75.78
2756.1,75.19
2757.5,75.25
2759.0,75.28
2760.5,75.2
2761.9,75.09
2763.4,75.01
2764.9,75.51
2766.3,75.44
2767.8,74.76
2769.3,74.89
2770.8,75.27
2772.3,75.43
2773.7,75.62
2775.2,75.67
2776.7,75.44
2778.2,75.39
2779.7,75.89
2781.2,76.45
2782.7,76.49
2784.2,76.33
2785.7,76.6
2787.2,76.82
2788.7,77.05
2790.2,77.24
2791.7,77.34
2793.2,77.72
2794.7,77.97
2796.2,78.09
2797.7,78.37
2799.2,78.78
2800.7,78.76
2802.2,78.48
2803.8,78.67
2805.3,79.73
2806.8,80.14
2808.3,80.16
2809.8,80.46
2811.4,81.04
2812.9,81.26
2814.4,81.33
2815.9,81.63
2817.5,82.19
2819.0,82.45
2820.5,82.7
2822.1,82.78
2823.6,83.1
2825.1,83.72
2826.7,84.12
2828.2,84.18
2829.8,84.53
2831.3,84.79
2832.9,85.02
2834.4,85.26
2836.0,85.67
2837.5,85.82
2839.1,86.03
2840.6,86.27
2842.2,86.66
2843.7,86.91
2845.3,87.21
2846.9,87.26
2848.4,87.17
2850.0,87.29
2851.6,87.42
2853.1,87.45
2854.7,87.48
2856.3,87.61
2857.8,87.84
2859.4,87.73
2861.0,87.74
2862.6,88.05
2864.2,88.34
2865.7,88.09
2867.3,87.87
2868.9,87.86
2870.5,88.11
2872.1,88.29
2873.7,88.31
2875.3,88.22
2876.9,88.36
2878.5,88.46
2880.1,88.68
2881.7,88.81
2883.3,88.7
2884.9,88.84
2886.5,89.0
2888.1,88.8
2889.7,88.69
2891.3,88.74
2892.9,88.58
2894.5,88.44
2896.2,88.52
2897.8,88.71
2899.4,88.87
2901.0,88.89
2902.7,88.79
2904.3,88.95
2905.9,89.21
2907.5,89.23
2909.2,89.38
2910.8,89.43
2912.4,89.57
2914.1,89.84
2915.7,89.95
2917.4,89.66
2919.0,89.86
2920.6,90.31
2922.3,90.45
2923.9,90.39
2925.6,90.61
2927.2,90.8
2928.9,90.82
2930.5,91.1
2932.2,91.31
2933.9,91.31
2935.5,91.67
2937.2,91.94
2938.9,92.15
2940.5,92.42
2942.2,92.73
2943.9,92.81
2945.5,92.79
2947.2,92.9
2948.9,93.16
2950.6,93.66
2952.2,93.77
2953.9,93.65
2955.6,93.7
2957.3,93.82
2959.0,94.03
2960.7,94.04
2962.4,94.21
2964.1,94.49
2965.8,94.68
2967.4,94.99
2969.1,95.24
2970.9,95.51
2972.6,95.85
2974.3,96.32
2976.0,96.29
2977.7,96.16
2979.4,96.39
2981.1,96.65
2982.8,96.76
2984.5,97.05
2986.3,97.41
2988.0,97.76
2989.7,98.05
2991.4,98.15
2993.1,98.3
2994.9,98.47
2996.6,98.51
2998.3,98.6
3000.1,98.92
3001.8,99.23
3003.6,99.41
3005.3,99.67
3007.0,99.93
3008.8,100.11
3010.5,100.3
3012.3,100.78
3014.0,101.06
3015.8,101.25
3017.5,101.48
3019.3,101.64
3021.1,101.83
3022.8,102.18
3024.6,102.39
3026.3,102.54
3028.1,102.74
3029.9,103.04
3031.7,103.49
3033.4,103.63
3035.2,103.81
3037.0,104.03
3038.8,104.06
3040.5,103.99
3042.3,104.28
3044.1,104.7
3045.9,104.87
3047.7,105.05
3049.5,104.99
3051.3,105.17
3053.1,105.61
3054.9,105.85
3056.7,106.09
3058.5,106.3
3060.3,106.37
3062.1,106.45
3063.9,106.71
3065.7,106.85
3067.5,106.82
3069.4,106.95
3071.2,107.35
3073.0,107.59
3074.8,107.73
3076.6,108.02
3078.5,108.21
3080.3,108.12
3082.1,108.12
3084.0,108.51
3085.8,108.82
3087.6,108.83
3089.5,108.76
3091.3,108.96
3093.2,109.28
3095.0,109.42
3096.9,109.79
3098.7,110.07
3100.6,110.17
3102.4,110.43
3104.3,110.75
3106.1,110.93
3108.0,111.07
3109.9,111.27
3111.7,111.49
3113.6,111.79
3115.5,112.31
3117.3,112.68
3119.2,112.79
3121.1,112.99
3123.0,113.27
3124.9,113.6
3126.7,113.85
3128.6,114.11
3130.5,114.51
3132.4,114.74
3134.3,114.97
3136.2,115.26
3138.1,115.68
3140.0,116.17
3141.9,116.48
3143.8,116.65
3145.7,116.91
3147.6,117.14
3149.5,117.39
3151.4,117.72
3153.4,118.14
3155.3,118.44
3157.2,118.61
3159.1,118.94
3161.1,119.45
3163.0,119.71
3164.9,119.95
3166.9,120.35
3168.8,120.66
3170.7,120.93
3172.7,121.17
3174.6,121.51
3176.6,122.05
3178.5,122.38
3180.5,122.6
3182.4,122.79
3184.4,123.25
3186.3,123.73
3188.3,123.97
3190.2,124.23
3192.2,124.62
3194.2,124.72
3196.1,124.97
3198.1,125.37
3200.1,125.72
3202.1,125.88
3204.0,126.38
3206.0,126.9
3208.0,127.18
3210.0,127.44
3212.0,127.89
3214.0,128.24
3216.0,128.52
3218.0,128.78
3220.0,129.3
3222.0,129.76
3224.0,130.05
3226.0,130.25
3228.0,130.56
3230.0,130.87
3232.0,131.09
3234.0,131.45
3236.0,131.97
3238.1,132.33
3240.1,132.62
3242.1,132.99
3244.1,133.39
3246.2,133.57
3248.2,133.68
3250.2,134.13
3252.3,134.64
3254.3,134.82
3256.4,135.07
3258.4,135.44
3260.5,135.74
3262.5,136.11
3264.6,136.61
3266.6,136.94
3268.7,137.22
3270.7,137.33
3272.8,137.44
3274.9,137.87
3277.0,138.42
3279.0,138.61
3281.1,138.79
3283.2,139.21
3285.3,139.64
3287.3,139.89
3289.4,140.08
3291.5,140.43
3293.6,140.93
3295.7,141.23
3297.8,141.42
3299.9,141.7
3302.0,141.96
3304.1,142.29
3306.2,142.7
3308.3,142.92
3310.4,143.14
3312.5,143.52
3314.7,143.98
3316.8,144.33
3318.9,144.62
3321.0,145.03
3323.2,145.38
3325.3,145.58
3327.4,145.78
3329.6,146.24
3331.7,146.63
3333.8,146.88
3336.0,147.21
3338.1,147.58
3340.3,147.94
3342.4,148.19
3344.6,148.58
3346.8,148.99
3348.9,149.4
3351.1,149.7
3353.3,149.83
3355.4,150.06
3357.6,150.61
3359.8,151.18
3362.0,151.42
3364.1,151.7
3366.3,152.21
3368.5,152.47
3370.7,152.73
3372.9,153.13
3375.1,153.56
3377.3,154.02
3379.5,154.53
3381.7,154.89
3383.9,155.16
3386.1,155.46
3388.3,155.62
3390.5,155.95
3392.8,156.43
3395.0,156.88
3397.2,157.17
3399.4,157.54
3401.7,157.85
3403.9,158.12
3406.1,158.43
3408.4,158.81
3410.6,159.1
3412.9,159.52
3415.1,159.94
3417.4,160.25
3419.6,160.76
3421.9,161.13
3424.1,161.58
3426.4,161.97
3428.7,162.25
3430.9,162.52
3433.2,163.02
3435.5,163.47
3437.8,163.9
3440.0,164.41
3442.3,164.78
3444.6,165.22
3446.9,165.77
3449.2,166.3
3451.5,166.6
3453.8,166.97
3456.1,167.38
3458.4,167.76
3460.7,168.18
3463.0,168.62
3465.3,169.06
3467.6,169.58
3470.0,169.99
3472.3,170.42
3474.6,170.95
3477.0,171.48
3479.3,171.86
3481.6,172.23
3484.0,172.63
3486.3,173.08
3488.7,173.56
3491.0,173.93
3493.4,174.43
3495.7,174.91
3498.1,175.09
3500.4,175.46
3502.8,176.12
3505.2,176.63
3507.5,177.14
3509.9,177.63
3512.3,178.17
3514.7,178.7
3517.1,179.13
3519.4,179.54
3521.8,179.97
3524.2,180.44
3526.6,180.99
3529.0,181.48
3531.4,181.99
3533.8,182.34
3536.2,182.69
3538.7,183.18
3541.1,183.91
3543.5,184.48
3545.9,184.83
3548.3,185.24
3550.8,185.7
3553.2,186.23
3555.6,186.77
3558.1,187.11
3560.5,187.47
3563.0,188.01
3565.4,188.55
3567.9,188.95
3570.3,189.35
3572.8,189.78
3575.3,190.2
3577.7,190.7
3580.2,191.32
3582.7,191.78
3585.2,192.19
3587.6,192.61
3590.1,193.0
3592.6,193.46
3595.1,193.93
3597.6,194.33
3600.1,194.71
3602.6,195.2
3605.1,195.62
3607.6,195.97
3610.1,196.28
3612.6,196.82
3615.2,197.33
3617.7,197.68
3620.2,197.93
3622.7,198.44
3625.3,198.97
3627.8,199.38
3630.3,199.84
3632.9,200.3
3635.4,200.57
3638.0,200.97
3640.5,201.32
3643.1,201.61
3645.7,201.99
3648.2,202.45
3650.8,202.76
3653.4,203.16
3655.9,203.67
3658.5,204.04
3661.1,204.41
3663.7,204.78
3666.3,205.13
3668.9,205.6
3671.5,206.01
3674.1,206.37
3676.7,206.66
3679.3,206.96
3681.9,207.27
3684.5,207.63
3687.2,208.04
3689.8,208.4
3692.4,208.79
3695.0,209.17
3697.7,209.52
3700.3,209.88
3703.0,210.26
3705.6,210.68
3708.3,211.06
3710.9,211.4
3713.6,211.64
3716.2,212.02
3718.9,212.49
3721.6,212.79
3724.2,213.06
3726.9,213.27
3729.6,213.63
3732.3,214.03
3735.0,214.34
3737.7,214.61
3740.4,214.86
3743.1,215.02
3745.8,215.29
3748.5,215.76
3751.2,216.15
3753.9,216.41
3756.6,216.67
3759.3,216.97
3762.1,217.25
3764.8,217.51
3767.5,217.96
3770.3,218.3
3773.0,218.56
3775.8,218.84
3778.5,219.08
3781.3,219.28
3784.0,219.58
3786.8,219.89
3789.6,220.14
3792.3,220.38
3795.1,220.5
3797.9,220.83
3800.7,221.14
3803.5,221.39
3806.3,221.63
3809.1,221.87
3811.9,222.11
3814.7,222.22
3817.5,222.42
3820.3,222.66
3823.1,222.82
3825.9,222.96
3828.8,223.17
3831.6,223.31
3834.4,223.39
3837.3,223.66
3840.1,223.92
3842.9,224.18
3845.8,224.33
3848.7,224.46
3851.5,224.66
3854.4,224.81
3857.2,224.91
3860.1,225.02
3863.0,225.13
3865.9,225.33
3868.8,225.47
3871.6,225.61
3874.5,225.78
3877.4,225.91
3880.3,225.93
3883.2,226.06
3886.2,226.23
3889.1,226.28
3892.0,226.34
3894.9,226.33
3897.8,226.38
3900.8,226.47
3903.7,226.46
3906.7,226.5
3909.6,226.52
3912.6,226.54
3915.5,226.7
3918.5,226.73
3921.4,226.66
3924.4,226.72
3927.4,226.75
3930.4,226.72
3933.3,226.77
3936.3,226.76
3939.3,226.78
3942.3,226.85
3945.3,226.94
3948.3,226.87
3951.3,226.74
3954.3,226.82
3957.4,226.92
3960.4,226.87
3963.4,226.83
3966.4,226.92
3969.5,226.9
3972.5,226.87
3975.6,226.96
3978.6,226.88
3981.7,226.74
3984.7,226.8
3987.8,226.95
3990.9,226.89
3993.9,226.78
3997.0,226.73
4000.1,226.65
4003.2,226.62
4006.3,226.62
4009.4,226.62
4012.5,226.68
4015.6,226.67
4018.7,226.63
4021.8,226.69
4024.9,226.76
4028.1,226.78
4031.2,226.65
4034.3,226.5
4037.5,226.53
4040.6,226.51
4043.8,226.49
4046.9,226.54
4050.1,226.54
4053.3,226.49
4056.4,226.5
4059.6,226.49
4062.8,226.38
4066.0,226.3
4069.2,226.17
4072.4,226.11
4075.6,226.05
4078.8,226.0
4082.0,225.9
4085.2,225.88
4088.4,225.81
4091.7,225.66
4094.9,225.6
4098.1,225.49
4101.4,225.36
4104.6,225.38
4107.9,225.38
4111.1,225.36
4114.4,225.27
4117.7,225.13
4120.9,225.04
4124.2,224.95
4127.5,224.9
4130.8,225.0
4134.1,224.94
4137.4,224.91
4140.7,224.89
4144.0,224.87
4147.3,224.73
4150.6,224.68
4154.0,224.63
4157.3,224.58
4160.6,224.59
4164.0,224.6
4167.3,224.52
4170.7,224.47
4174.0,224.45
4177.4,224.41
4180.8,224.4
4184.1,224.48
4187.5,224.45
4190.9,224.49
4194.3,224.45
4197.7,224.37
4201.1,224.3
4204.5,224.13
4207.9,223.94
4211.3,223.85
4214.7,223.72
4218.2,223.65
4221.6,223.56
4225.0,223.49
4228.5,223.42
4231.9,223.36
4235.4,223.35
4238.9,223.37
4242.3,223.36
4245.8,223.47
4249.3,223.6
4252.8,223.68
4256.3,223.86
4259.8,223.91
4263.3,223.58
4266.8,223.38
4270.3,223.37
4273.8,223.23
4277.3,223.17
4280.9,223.08
4284.4,222.93
4288.0,222.82
4291.5,222.78
4295.1,222.73
4298.6,222.6
4302.2,222.54
4305.8,222.57
4309.3,222.63
4312.9,222.66
4316.5,222.64
4320.1,222.65
4323.7,222.81
4327.3,222.94
4330.9,223.12
4334.6,223.26
4338.2,223.31
4341.8,223.32
4345.5,223.56
4349.1,223.79
4352.8,223.89
4356.4,224.01
4360.1,224.07
4363.8,224.09
4367.4,224.23
4371.1,224.46
4374.8,224.62
4378.5,224.76
4382.2,224.9
4385.9,224.94
4389.6,225.03
4393.3,225.15
4397.1,225.35
4400.8,225.4
4404.5,225.5
4408.3,225.71
4412.0,225.93
4415.8,226.11
4419.6,226.2
4423.3,226.32
4427.1,226.52
4430.9,226.7
4434.7,226.94
4438.5,227.13
4442.3,227.33
4446.1,227.55
4449.9,227.72
4453.7,227.9
4457.6,228.18
4461.4,228.44
4465.2,228.58
4469.1,228.74
4472.9,229.01
4476.8,229.26
4480.7,229.64
4484.5,229.87
4488.4,230.09
4492.3,230.21
4496.2,230.32
4500.1,230.42
4504.0,230.53
4507.9,230.6
4511.9,230.68
4515.8,230.7
4519.7,230.65
4523.7,230.47
4527.6,230.45
4531.6,230.53
4535.6,230.51
4539.5,230.35
4543.5,230.33
4547.5,230.32
4551.5,230.11
4555.5,229.9
4559.5,229.85
4563.5,229.64
4567.5,229.4
4571.5,229.22
4575.6,229.09
4579.6,228.83
4583.7,228.51
4587.7,228.25
4591.8,228.06
4595.9,227.81
4599.9,227.51
4604.0,227.29
4608.1,227.02
4612.2,226.65
4616.3,226.26
4620.4,225.74
4624.6,225.19
4628.7,224.61
4632.8,223.9
4637.0,223.18
4641.1,222.38
4645.3,221.34
4649.4,220.36
4653.6,219.43
4657.8,218.48
4662.0,217.45
4666.2,216.39
4670.4,215.38
4674.6,214.33
4678.8,213.3
4683.0,212.5
4687.3,211.73
4691.5,210.84
4695.8,210.03
4700.0,209.4
4704.3,208.82
4708.6,208.35
4712.9,207.97
4717.1,207.61
4721.4,207.36
4725.7,207.3
4730.1,207.25
4734.4,207.2
4738.7,207.22
4743.0,207.47
4747.4,207.8
4751.7,208.1
4756.1,208.52
4760.5,208.97
4764.8,209.36
4769.2,209.98
4773.6,210.6
4778.0,211.25
4782.4,211.89
4786.8,212.5
4791.3,213.22
4795.7,213.98
4800.1,214.66
4804.6,215.3
4809.0,215.91
4813.5,216.52
4818.0,217.14
4822.5,217.7
4826.9,218.15
4831.4,218.59
4835.9,219.05
4840.5,219.45
4845.0,219.76
4849.5,220.13
4854.1,220.47
4858.6,220.88
4863.2,221.25
4867.7,221.55
4872.3,221.9
4876.9,222.24
4881.5,222.63
4886.1,222.91
4890.7,222.99
4895.3,223.18
4899.9,223.44
4904.6,223.56
4909.2,223.56
4913.9,223.53
4918.5,223.43
4923.2,223.39
4927.9,223.33
4932.6,223.21
4937.3,222.99
4942.0,222.76
4946.7,222.49
4951.4,222.12
4956.2,221.62
4960.9,221.25
4965.6,220.9
4970.4,220.34
4975.2,219.61
4980.0,218.89
4984.7,218.13
4989.5,217.27
4994.3,216.29
4999.2,215.22
5004.0,214.03
5008.8,212.77
5013.7,211.45
5018.5,209.99
5023.4,208.49
5028.3,207.08
5033.1,205.77
5038.0,204.72
5042.9,203.91
5047.8,203.38
5052.8,203.19
5057.7,203.41
5062.6,203.83
5067.6,204.54
5072.5,205.41
5077.5,206.48
5082.5,207.53
5087.5,208.65
5092.5,209.88
5097.5,211.11
5102.5,212.17
5107.5,213.13
5112.6,214.09
5117.6,215.05
5122.7,215.96
5127.7,216.85
5132.8,217.57
5137.9,218.21
5143.0,218.83
5148.1,219.33
5153.2,219.84
5158.3,220.39
5163.5,220.81
5168.6,221.21
5173.8,221.53
5179.0,221.84
5184.1,222.04
5189.3,222.2
5194.5,222.31
5199.7,222.36
5205.0,222.38
5210.2,222.5
5215.4,222.53
5220.7,222.63
5225.9,222.62
5231.2,222.49
5236.5,222.31
5241.8,222.34
5247.1,222.25
5252.4,222.22
5257.7,222.02
5263.1,221.81
5268.4,221.68
5273.8,221.51
5279.2,221.15
5284.5,221.0
5289.9,220.77
5295.3,220.49
5300.8,220.36
5306.2,220.25
5311.6,220.07
5317.1,219.8
5322.5,219.47
5328.0,219.22
5333.5,218.97
5339.0,218.74
5344.5,218.42
5350.0,217.98
5355.5,217.55
5361.0,217.49
5366.6,217.43
5372.2,217.28
5377.7,217.09
5383.3,216.87
5388.9,216.7
5394.5,216.6
5400.1,216.49
5405.8,216.43
5411.4,216.26
5417.1,216.08
5422.7,215.67
5428.4,215.54
5434.1,215.58
5439.8,215.5
5445.5,215.26
5451.2,215.12
5457.0,214.99
5462.7,214.72
5468.5,214.32
5474.3,214.24
5480.1,214.15
5485.9,214.1
5491.7,213.94
5497.5,213.77
5503.3,213.5
5509.2,213.22
5515.0,212.96
5520.9,212.71
5526.8,212.43
5532.7,212.3
5538.6,212.03
5544.5,211.77
5550.5,211.54
5556.4,211.3
5562.4,211.08
5568.4,210.95
5574.3,210.72
5580.3,210.44
5586.4,210.38
5592.4,210.56
5598.4,210.43
5604.5,210.2
5610.5,210.02
5616.6,209.86
5622.7,209.7
5628.8,209.61
5634.9,209.39
5641.1,209.05
5647.2,208.73
5653.4,208.74
5659.5,208.62
5665.7,208.51
5671.9,208.28
5678.1,207.94
5684.4,207.72
5690.6,207.59
5696.9,207.23
5703.1,207.07
5709.4,206.75
5715.7,206.34
5722.0,205.91
5728.3,205.81
5734.7,205.64
5741.0,205.36
5747.4,204.94
5753.8,204.59
5760.1,204.23
5766.6,203.67
5773.0,203.13
5779.4,202.89
5785.9,202.4
5792.3,202.06
5798.8,201.57
5805.3,200.92
5811.8,200.16
5818.3,199.33
5824.9,198.14
5831.4,197.22
5838.0,196.42
5844.6,195.7
5851.2,194.63
5857.8,193.38
5864.4,191.83
5871.0,190.3
5877.7,188.59
5884.4,186.69
5891.1,184.75
5897.8,183.16
5904.5,181.51
5911.2,179.95
5918.0,178.2
5924.7,176.3
5931.5,174.33
5938.3,172.23
5945.1,169.91
5951.9,168.11
5958.8,166.11
5965.6,163.99
5972.5,161.61
5979.4,159.13
5986.3,156.58
5993.2,153.97
6000.2,151.47
6007.1,149.27
6014.1,146.87
6021.1,144.55
6028.1,142.47
6035.1,140.39
6042.1,138.13
6049.2,135.99
6056.2,133.88
6063.3,132.32
6070.4,131.01
6077.5,129.61
6084.7,128.5
6091.8,127.71
6099.0,127.02
6106.2,126.47
6113.4,126.03
6120.6,126.1
6127.8,126.84
6135.1,127.59
6142.3,128.62
6149.6,130.04
6156.9,131.75
6164.3,133.58
6171.6,136.16
6178.9,138.57
6186.3,140.88
6193.7,144.0
6201.1,147.2
6208.5,149.78
6216.0,152.55
6223.5,155.2
6230.9,157.87
6238.4,160.27
6245.9,162.63
6253.5,164.91
6261.0,167.03
6268.6,168.76
6276.2,170.52
6283.8,172.11
6291.4,173.7
6299.1,175.04
6306.7,176.28
6314.4,177.46
6322.1,178.56
6329.8,179.55
6337.6,180.47
6345.3,180.98
6353.1,181.67
6360.9,182.58
6368.7,183.23
6376.5,183.65
6384.4,184.36
6392.3,184.87
6400.2,185.3
6408.1,185.51
6416.0,185.17
6424.0,185.06
6431.9,185.82
6439.9,186.21
6447.9,186.56
6456.0,186.62
6464.0,186.69
6472.1,186.69
6480.2,186.32
6488.3,185.87
6496.4,185.63
6504.6,185.64
6512.7,185.94
6520.9,185.86
6529.1,185.61
6537.4,185.73
6545.6,185.68
6553.9,185.38
6562.2,185.14
6570.5,184.9
6578.9,184.58
6587.2,184.48
6595.6,184.44
6604.0,184.33
6612.4,184.28
6620.9,183.99
6629.3,183.62
6637.8,183.04
6646.3,182.4
6654.9,182.29
6663.4,182.07
6672.0,181.52
6680.6,180.78
6689.2,180.16
6697.8,179.8
6706.5,179.45
6715.2,178.86
6723.9,178.37
6732.6,178.15
6741.4,177.98
6750.2,177.74
6759.0,177.35
6767.8,176.89
6776.6,176.3
6785.5,175.58
6794.4,174.89
6803.3,174.11
6812.3,173.73
6821.2,173.3
6830.2,172.6
6839.2,171.76
6848.3,171.22
6857.3,170.51
6866.4,169.66
6875.5,168.8
6884.6,168.56
6893.8,168.38
6903.0,167.96
6912.2,167.3
6921.4,166.67
6930.7,166.17
6939.9,165.56
6949.2,164.71
6958.6,164.0
6967.9,163.05
6977.3,162.01
6986.7,161.38
6996.1,160.59
7005.6,159.57
7015.1,158.79
7024.6,158.13
7034.1,157.34
7043.7,156.7
7053.2,155.89
7062.9,154.91
7072.5,154.45
7082.2,153.91
7091.8,153.22
7101.6,152.44
7111.3,151.72
7121.1,150.93
7130.9,150.19
7140.7,149.51
7150.5,148.74
7160.4,147.77
7170.3,147.05
7180.2,146.17
7190.2,145.4
7200.2,144.71
7210.2,143.87
7220.2,142.76
7230.3,141.86
7240.4,141.01
7250.5,140.1
7260.7,139.17
7270.9,138.31
7281.1,137.3
7291.3,136.21
7301.6,135.28
7311.9,134.36
7322.2,133.32
7332.6,132.42
7343.0,131.26
7353.4,129.96
7363.8,128.87
7374.3,127.87
7384.8,126.74
7395.3,125.54
7405.9,124.37
7416.5,123.21
7427.1,121.95
7437.8,120.79
7448.5,119.64
7459.2,118.55
7469.9,117.3
7480.7,116.09
7491.5,114.88
7502.4,113.78
7513.2,112.7
7524.1,111.63
7535.1,110.53
7546.0,109.46
7557.0,108.3
7568.1,107.14
7579.1,105.94
7590.2,104.82
7601.4,103.58
7612.5,102.29
7623.7,100.95
7635.0,99.6
7646.2,98.32
7657.5,97.09
7668.8,95.67
7680.2,94.36
7691.6,93.01
7703.0,91.64
7714.5,90.14
7726.0,88.72
7737.5,87.36
7749.1,86.02
7760.7,84.48
7772.3,82.96
7784.0,81.46
7795.7,80.05
7807.4,78.5
7819.2,76.99
7831.0,75.51
7842.9,74.16
7854.8,72.71
7866.7,71.35
7878.6,69.97
7890.6,68.71
7902.6,67.43
7914.7,66.18
7926.8,64.84
7939.0,63.68
7951.1,62.5
7963.3,61.43
7975.6,60.31
7987.9,59.33
8000.2,58.35
8012.6,57.46
8025.0,56.61
8037.4,55.92
8049.9,55.24
8062.4,54.62
8075.0,53.95
8087.6,53.51
8100.2,53.08
8112.9,52.93
8125.6,52.83
8138.4,52.76
8151.2,52.74
8164.0,52.86
8176.9,52.99
8189.8,53.26
8202.7,53.56
8215.7,53.94
8228.8,54.3
8241.9,54.71
8255.0,55.02
8268.2,55.41
8281.4,55.77
8294.6,56.16
8307.9,56.34
8321.2,56.46
8334.6,56.56
8348.0,56.68
8361.5,56.64
8375.0,56.62
8388.6,56.48
8402.2,56.39
8415.8,56.29
8429.5,56.35
8443.2,56.35
8457.0,56.4
8470.8,56.4
8484.7,56.41
8498.6,56.48
8512.5,56.65
8526.5,56.68
8540.6,56.82
8554.7,57.03
8568.8,57.22
8583.0,57.29
8597.2,57.36
8611.5,57.28
8625.8,57.16
8640.2,56.86
8654.6,56.66
8669.1,56.33
8683.6,56.06
8698.2,55.87
8712.8,55.89
8727.5,55.95
8742.2,56.08
8757.0,56.12
8771.8,56.12
8786.7,56.03
8801.6,56.08
8816.6,56.0
8831.6,55.89
8846.6,55.72
8861.8,55.67
8876.9,55.61
8892.2,55.52
8907.4,55.38
8922.8,55.31
8938.2,55.13
8953.6,55.04
8969.1,55.04
8984.6,55.03
9000.2,54.93
9015.9,54.94
9031.6,54.99
9047.4,55.05
9063.2,55.12
9079.0,55.18
9095.0,55.04
9111.0,55.05
9127.0,55.09
9143.1,55.22
9159.3,55.41
9175.5,55.58
9191.7,55.61
9208.1,55.82
9224.4,56.05
9240.9,56.31
9257.4,56.72
9273.9,57.24
9290.6,57.47
9307.2,57.8
9324.0,58.24
9340.8,58.71
9357.6,59.2
9374.6,59.64
9391.5,60.0
9408.6,60.42
9425.7,60.68
9442.9,60.94
9460.1,61.01
9477.4,61.16
9494.8,61.23
9512.2,61.25
9529.7,61.16
9547.2,60.99
9564.8,60.65
9582.5,60.3
9600.3,59.96
9618.1,59.62
9635.9,59.2
9653.9,58.89
9671.9,58.55
9690.0,58.19
9708.1,57.7
9726.3,57.31
9744.6,56.99
9763.0,56.69
9781.4,56.25
9799.9,55.85
9818.4,55.63
9837.1,55.47
9855.8,55.15
9874.5,54.89
9893.4,54.63
9912.3,54.51
9931.3,54.24
9950.4,54.04
9969.5,53.86
9988.7,53.6
10008.0,53.32
10027.3,53.13
10046.8,52.88
10066.3,52.74
10085.9,52.56
10105.5,52.33
10125.3,52.1
10145.1,51.89
10165.0,51.67
10184.9,51.54
10205.0,51.32
10225.1,51.16
10245.3,50.93
10265.6,50.89
10286.0,50.9
10306.4,50.91
10327.0,50.72
10347.6,50.51
10368.3,50.42
10389.0,50.45
10409.9,50.3
10430.9,50.12
10451.9,49.96
10473.0,49.89
10494.2,49.67
10515.5,49.45
10536.9,49.32
10558.3,49.18
10579.9,48.97
10601.5,48.87
10623.2,48.79
10645.0,48.75
10666.9,48.66
10688.9,48.6
10711.0,48.48
10733.2,48.42
10755.5,48.34
10777.8,48.3
10800.3,48.23
10822.8,48.19
10845.5,48.22
10868.2,48.25
10891.0,48.24
10914.0,48.3
10937.0,48.23
10960.1,48.38
10983.3,48.51
11006.7,48.65
11030.1,48.9
11053.6,49.09
11077.2,49.13
11100.9,49.36
11124.8,49.52
11148.7,49.57
11172.7,49.7
11196.8,49.91
11221.1,50.03
11245.4,50.1
11269.9,50.07
11294.4,50.05
11319.1,49.94
11343.8,49.9
11368.7,49.99
11393.7,50.05
11418.8,49.99
11444.0,50.13
11469.3,50.36
11494.8,50.54
11520.3,50.6
11546.0,50.62
11571.7,50.67
11597.6,50.88
11623.6,51.08
11649.7,51.36
11676.0,51.53
11702.3,51.85
11728.8,52.23
11755.4,52.68
11782.1,52.9
11809.0,53.17
11835.9,53.45
11863.0,53.79
11890.2,54.01
11917.6,54.25
11945.0,54.56
11972.6,54.91
12000.3,55.09
12028.2,55.31
12056.1,55.49
12084.2,55.75
12112.5,55.91
12140.8,56.01
12169.3,56.11
12198.0,56.17
12226.7,56.06
12255.6,55.89
12284.7,55.64
12313.9,55.5
12343.2,55.22
12372.6,54.88
12402.2,54.3
12432.0,53.62
12461.9,53.02
12491.9,52.58
12522.1,52.13
12552.4,51.67
12582.9,51.32
12613.5,51.06
12644.2,50.59
12675.1,50.27
12706.2,50.13
12737.4,50.11
12768.8,49.97
12800.3,49.86
12832.0,49.78
12863.9,49.79
12895.9,49.67
12928.0,49.57
12960.3,49.61
12992.8,49.67
13025.5,49.77
13058.3,50.01
13091.3,50.04
13124.4,50.14
13157.7,50.22
13191.2,50.3
13224.8,50.32
13258.7,50.37
13292.7,50.51
13326.8,50.79
13361.2,50.92
13395.7,51.05
13430.4,51.15
13465.3,51.36
13500.4,51.5
13535.6,51.72
13571.0,51.89
13606.7,52.05
13642.5,52.13
13678.5,52.13
13714.6,52.16
13751.0,52.18
13787.6,52.28
13824.4,52.31
13861.3,52.34
13898.5,52.39
13935.8,52.33
13973.4,52.34
14011.2,52.18
14049.1,52.11
14087.3,51.94
14125.7,51.97
14164.3,52.0
14203.1,51.82
14242.1,51.63
14281.4,51.87
14320.8,51.97
14360.5,51.88
14400.4,51.77
14440.5,51.66
14480.8,51.53
14521.4,51.55
14562.2,51.47
14603.2,51.37
14644.4,51.35
14685.9,51.44
14727.7,51.34
14769.6,51.12
14811.8,50.84
14854.3,50.74
14896.9,50.69
14939.9,50.62
14983.0,50.3
15026.5,49.78
15070.2,49.37
15114.1,49.18
15158.3,49.03
15202.7,48.66
15247.5,48.15
15292.4,48.01
15337.7,48.1
15383.2,48.15
15429.0,48.12
15475.0,48.29
15521.4,48.43
15568.0,48.71
15614.9,49.0
15662.0,49.3
15709.5,49.57
15757.2,49.94
15805.3,50.17
15853.6,50.73
15902.3,51.6
15951.2,52.62
16000.4,53.53
16050.0,54.54
16099.8,55.76
16150.0,57.18
16200.4,58.5
16251.2,59.89
16302.3,61.09
16353.7,62.29
16405.5,63.42
16457.6,64.47
16510.0,65.23
16562.7,66.1
16615.8,66.76
16669.2,67.33
16723.0,68.03
16777.1,68.68
16831.6,69.26
16886.4,70.0
16941.6,70.52
16997.2,71.03
17053.1,71.61
17109.4,72.16
17166.0,72.72
17223.0,73.36
17280.5,73.76
17338.2,74.18
17396.4,74.56
17455.0,74.53
17514.0,74.42
17573.3,74.46
17633.1,74.46
17693.3,74.62
17753.9,74.51
17814.9,74.25
17876.3,74.15
17938.2,74.0
18000.5,73.7
18063.2,73.48
18126.3,73.27
18189.9,73.23
18254.0,73.2
18318.5,73.08
18383.5,72.88
18448.9,72.84
18514.8,72.72
18581.1,72.53
18648.0,71.96
18715.3,71.37
18783.1,70.96
18851.4,70.67
18920.2,70.24
18989.5,69.8
19059.3,69.09
19129.7,68.33
19200.5,67.93
19271.9,68.67
19343.8,69.4
19416.2,69.54
19489.2,69.1
19562.8,68.48
19636.9,68.44
19711.5,68.47
19786.8,67.8
19862.6,67.1
19939.0,66.77
20016.0,66.65
20093.5,66.58
20171.7,66.6
20250.5,66.31
20329.9,66.18
20410.0,66.42
20490.7,66.51
20572.0,66.75
20653.9,67.59
20736.5,68.11
20819.8,68.28
20903.8,68.87
20988.4,69.32
21073.7,69.39
21159.7,70.04
21246.5,71.13
21333.9,72.28
21422.0,72.4
21510.9,72.65
21600.6,72.86
21690.9,72.81
21782.1,72.55
21874.0,72.09
21966.7,71.68
22060.1,71.93
22154.4,71.48
22249.5,70.89
22345.4,70.54
22442.1,70.84
22539.7,70.81
22638.1,70.89
22737.4,70.78
22837.6,70.66
22938.7,70.38
23040.6,69.94
23143.5,70.57
23247.2,71.39
23352.0,71.51
23457.6,71.37
23564.3,70.45
23671.8,70.67
23780.4,71.38
23890.0,71.89
24000.6,70.48
24112.3,69.35
24224.9,69.01
24338.7,68.93
24453.5,68.33
24569.4,68.08
24686.4,69.32
24804.5,69.56
24923.7,68.46
