Composition,
Date Added,2015-10-19
Formula,
Grain Size Description,<125.0um
Grain Size,(0.0 - 125.0)
Locality,"Painted Desert, AZ, Navajo territory"
Minimum Wavelength,800
Sample Name,Painted Desert soil: Site 1 Stop 2 <125 um
Maximum Wavelength,99719
Database of Origin,RELAB
Other Information,
References,
Resolution,4.0
Material class,Sediment
Sample Description,Painted Desert project
Sample ID,BIR1JB851A
Original Sample ID,JB-JLB-851-A
Viewing Geometry,Unknown
Wavelength,Response
799.9,0.31782
800.0,0.31873
800.2,0.31965
800.3,0.31928
800.4,0.31824
800.5,0.31846
800.7,0.3204
800.8,0.31992
800.9,0.31868
801.0,0.31845
801.2,0.31736
801.3,0.3174
801.4,0.3188
801.5,0.31948
801.6,0.3191
801.8,0.31838
801.9,0.31832
802.0,0.31836
802.1,0.31861
802.3,0.31795
802.4,0.31632
802.5,0.31615
802.6,0.31843
802.8,0.31937
802.9,0.3188
803.0,0.3184
803.1,0.31713
803.3,0.31819
803.4,0.31727
803.5,0.31635
803.6,0.31828
803.8,0.31948
803.9,0.31985
804.0,0.31798
804.1,0.31798
804.3,0.31846
804.4,0.31834
804.5,0.31724
804.6,0.31658
804.8,0.31595
804.9,0.31582
805.0,0.31649
805.1,0.31768
805.3,0.31731
805.4,0.31625
805.5,0.31651
805.6,0.31797
805.8,0.31802
805.9,0.31748
806.0,0.31626
806.1,0.31586
806.3,0.31715
806.4,0.31737
806.5,0.31719
806.6,0.31796
806.8,0.31812
806.9,0.31809
807.0,0.31818
807.1,0.31741
807.3,0.31589
807.4,0.31602
807.5,0.31798
807.6,0.31844
807.8,0.3179
807.9,0.31776
808.0,0.31809
808.1,0.31903
808.3,0.31842
808.4,0.31602
808.5,0.31584
808.6,0.31706
808.8,0.31791
808.9,0.31747
809.0,0.31548
809.2,0.31435
809.3,0.31596
809.4,0.31558
809.5,0.3161
809.7,0.31783
809.8,0.31654
809.9,0.31583
810.0,0.31632
810.2,0.31657
810.3,0.31547
810.4,0.3142
810.5,0.31472
810.7,0.31648
810.8,0.31655
810.9,0.31493
811.0,0.31491
811.2,0.31522
811.3,0.31475
811.4,0.31544
811.5,0.31435
811.7,0.31315
811.8,0.31325
811.9,0.31352
812.1,0.31327
812.2,0.31415
812.3,0.31529
812.4,0.31583
812.6,0.3155
812.7,0.31555
812.8,0.31625
813.0,0.31609
813.1,0.31668
813.2,0.31591
813.3,0.3154
813.5,0.31611
813.6,0.31572
813.7,0.31586
813.8,0.31693
814.0,0.31662
814.1,0.31558
814.2,0.31493
814.4,0.31651
814.5,0.31828
814.6,0.31864
814.7,0.31737
814.9,0.31651
815.0,0.31631
815.1,0.31543
815.3,0.31518
815.4,0.31378
815.5,0.31397
815.6,0.31325
815.8,0.31403
815.9,0.31638
816.0,0.31709
816.2,0.31712
816.3,0.31643
816.4,0.31501
816.5,0.31597
816.7,0.31699
816.8,0.31669
816.9,0.31667
817.0,0.317
817.2,0.31515
817.3,0.31451
817.4,0.31452
817.6,0.31512
817.7,0.31556
817.8,0.31586
818.0,0.31542
818.1,0.31571
818.2,0.31785
818.3,0.31777
818.5,0.31632
818.6,0.31685
818.7,0.3168
818.9,0.31658
819.0,0.3169
819.1,0.31673
819.3,0.3157
819.4,0.31537
819.5,0.31476
819.6,0.31442
819.8,0.31492
819.9,0.3148
820.0,0.31496
820.2,0.31633
820.3,0.31659
820.4,0.31529
820.5,0.31517
820.7,0.31545
820.8,0.31479
820.9,0.31486
821.1,0.31532
821.2,0.31528
821.3,0.31543
821.5,0.31556
821.6,0.31568
821.7,0.31588
821.8,0.31457
822.0,0.31387
822.1,0.31423
822.2,0.31357
822.4,0.31469
822.5,0.31565
822.6,0.31475
822.8,0.31482
822.9,0.316
823.0,0.31673
823.2,0.31598
823.3,0.31576
823.4,0.31621
823.5,0.31494
823.7,0.31405
823.8,0.31559
823.9,0.31721
824.1,0.31771
824.2,0.31694
824.3,0.31616
824.5,0.31669
824.6,0.31774
824.7,0.3174
824.8,0.31722
825.0,0.31672
825.1,0.31643
825.3,0.31663
825.4,0.31711
825.5,0.31717
825.6,0.3179
825.8,0.31821
825.9,0.31861
826.0,0.31906
826.2,0.31954
826.3,0.31948
826.4,0.31908
826.6,0.32011
826.7,0.32008
826.8,0.31936
827.0,0.31953
827.1,0.31872
827.2,0.31781
827.3,0.31769
827.5,0.31945
827.6,0.32021
827.8,0.31846
827.9,0.31834
828.0,0.31984
828.2,0.32064
828.3,0.32129
828.4,0.32118
828.5,0.32172
828.7,0.321
828.8,0.32023
828.9,0.32081
829.1,0.32148
829.2,0.32246
829.3,0.32285
829.5,0.32329
829.6,0.32224
829.7,0.32183
829.9,0.32242
830.0,0.32199
830.1,0.32232
830.3,0.32239
830.4,0.32151
830.5,0.32141
830.7,0.3223
830.8,0.32338
830.9,0.32326
831.1,0.32291
831.2,0.32267
831.3,0.32255
831.5,0.32213
831.6,0.32139
831.7,0.32144
831.9,0.32298
832.0,0.32318
832.1,0.32237
832.3,0.32214
832.4,0.32139
832.5,0.32193
832.7,0.3233
832.8,0.32422
832.9,0.32296
833.1,0.32259
833.2,0.32359
833.3,0.32406
833.5,0.32382
833.6,0.32289
833.7,0.32339
833.9,0.32434
834.0,0.32442
834.1,0.32341
834.3,0.32299
834.4,0.32343
834.5,0.32212
834.7,0.32358
834.8,0.32416
835.0,0.32282
835.1,0.32269
835.2,0.32384
835.3,0.32273
835.5,0.32169
835.6,0.32314
835.8,0.32364
835.9,0.32234
836.0,0.32218
836.2,0.32249
836.3,0.32254
836.4,0.32287
836.6,0.3224
836.7,0.32184
836.8,0.32224
837.0,0.32305
837.1,0.32347
837.2,0.32361
837.4,0.32301
837.5,0.3223
837.6,0.32337
837.8,0.3247
837.9,0.32453
838.0,0.32447
838.2,0.32344
838.3,0.32213
838.5,0.32141
838.6,0.32158
838.7,0.32296
838.9,0.32271
839.0,0.3226
839.1,0.32341
839.3,0.32357
839.4,0.32264
839.5,0.32351
839.7,0.32437
839.8,0.32315
840.0,0.32324
840.1,0.32285
840.2,0.32168
840.4,0.3221
840.5,0.32229
840.6,0.3212
840.8,0.32116
840.9,0.32196
841.0,0.32248
841.2,0.32282
841.3,0.32403
841.5,0.32485
841.6,0.32347
841.7,0.32262
841.9,0.32358
842.0,0.32329
842.1,0.32189
842.3,0.32099
842.4,0.32142
842.5,0.32212
842.7,0.32275
842.8,0.32233
843.0,0.32287
843.1,0.32263
843.2,0.32157
843.4,0.32019
843.5,0.32108
843.6,0.32358
843.8,0.32355
843.9,0.32265
844.0,0.32185
844.2,0.3212
844.3,0.32208
844.5,0.32353
844.6,0.32248
844.7,0.32124
844.9,0.32171
845.0,0.32241
845.2,0.32292
845.3,0.32328
845.4,0.32233
845.6,0.32205
845.7,0.32142
845.8,0.32234
846.0,0.32331
846.1,0.32329
846.3,0.32246
846.4,0.32166
846.5,0.32181
846.7,0.32219
846.8,0.32296
847.0,0.3237
847.1,0.32253
847.2,0.32174
847.4,0.32214
847.5,0.32327
847.6,0.32264
847.8,0.32076
847.9,0.32195
848.1,0.32312
848.2,0.32118
848.3,0.32052
848.5,0.32186
848.6,0.32316
848.8,0.32308
848.9,0.32291
849.0,0.32255
849.2,0.32289
849.3,0.32283
849.5,0.32346
849.6,0.32341
849.7,0.3225
849.9,0.32142
850.0,0.32104
850.1,0.32194
850.3,0.32291
850.4,0.32351
850.6,0.32286
850.7,0.32135
850.8,0.32105
851.0,0.32117
851.1,0.32219
851.3,0.3221
851.4,0.32191
851.5,0.32252
851.7,0.32301
851.8,0.3232
852.0,0.3225
852.1,0.32196
852.2,0.32213
852.4,0.32134
852.5,0.32163
852.7,0.32137
852.8,0.32051
852.9,0.32075
853.1,0.32113
853.2,0.32115
853.4,0.32149
853.5,0.32192
853.6,0.32271
853.8,0.32319
853.9,0.32252
854.1,0.32096
854.2,0.32114
854.3,0.32192
854.5,0.32097
854.6,0.32115
854.8,0.32296
854.9,0.32367
855.0,0.32384
855.2,0.32289
855.3,0.32202
855.5,0.32245
855.6,0.32309
855.8,0.32235
855.9,0.32164
856.0,0.32209
856.2,0.32219
856.3,0.32191
856.5,0.32285
856.6,0.32301
856.8,0.32357
856.9,0.32398
857.0,0.32314
857.2,0.32291
857.3,0.32303
857.5,0.32273
857.6,0.32391
857.7,0.32388
857.9,0.3228
858.0,0.32262
858.2,0.32336
858.3,0.32444
858.5,0.32383
858.6,0.32282
858.7,0.32192
858.9,0.3221
859.0,0.32296
859.2,0.32331
859.3,0.32327
859.4,0.32304
859.6,0.32272
859.7,0.32292
859.9,0.32315
860.0,0.32259
860.2,0.32222
860.3,0.32213
860.4,0.32212
860.6,0.3222
860.7,0.32229
860.9,0.32274
861.0,0.32295
861.2,0.32347
861.3,0.324
861.4,0.32383
861.6,0.32326
861.7,0.32316
861.9,0.32344
862.0,0.32308
862.2,0.32268
862.3,0.32229
862.5,0.32208
862.6,0.32286
862.7,0.32276
862.9,0.32354
863.0,0.32401
863.2,0.32367
863.3,0.32288
863.5,0.32324
863.6,0.32458
863.7,0.32454
863.9,0.32443
864.0,0.32356
864.2,0.32297
864.3,0.32405
864.5,0.32469
864.6,0.32452
864.8,0.32389
864.9,0.323
865.0,0.32321
865.2,0.32419
865.3,0.32391
865.5,0.32264
865.6,0.32193
865.8,0.32222
865.9,0.3225
866.0,0.32269
866.2,0.32342
866.3,0.32365
866.5,0.32342
866.6,0.32339
866.8,0.32345
866.9,0.32294
867.1,0.32304
867.2,0.32388
867.3,0.32388
867.5,0.32355
867.6,0.32334
867.8,0.32335
867.9,0.32367
868.1,0.32358
868.2,0.32306
868.4,0.32284
868.5,0.32363
868.7,0.32414
868.8,0.32375
869.0,0.32335
869.1,0.32407
869.2,0.3247
869.4,0.32396
869.5,0.32346
869.7,0.3232
869.8,0.32306
870.0,0.32362
870.1,0.32467
870.3,0.32493
870.4,0.32401
870.6,0.32407
870.7,0.3245
870.8,0.32351
871.0,0.32381
871.1,0.3244
871.3,0.32476
871.4,0.32446
871.6,0.3241
871.7,0.32482
871.9,0.32431
872.0,0.32382
872.2,0.3237
872.3,0.32379
872.5,0.32401
872.6,0.32456
872.8,0.32501
872.9,0.32475
873.0,0.32447
873.2,0.32428
873.3,0.32405
873.5,0.32451
873.6,0.32521
873.8,0.32511
873.9,0.32508
874.1,0.32486
874.2,0.32346
874.4,0.32361
874.5,0.32416
874.7,0.32448
874.8,0.3251
875.0,0.32539
875.1,0.32493
875.3,0.32411
875.4,0.32412
875.5,0.3246
875.7,0.32405
875.8,0.3236
876.0,0.32405
876.2,0.32481
876.3,0.32517
876.4,0.32497
876.6,0.32471
876.7,0.32454
876.9,0.32423
877.0,0.32377
877.2,0.32411
877.3,0.32454
877.5,0.32458
877.6,0.32488
877.8,0.32458
877.9,0.32428
878.1,0.32456
878.2,0.32498
878.4,0.32461
878.5,0.32421
878.7,0.32407
878.8,0.32425
879.0,0.32452
879.1,0.32475
879.3,0.32525
879.4,0.32543
879.6,0.32547
879.7,0.32463
879.9,0.32479
880.0,0.32479
880.2,0.32401
880.3,0.32401
880.5,0.32458
880.6,0.32463
880.8,0.32539
880.9,0.32523
881.1,0.32477
881.2,0.32426
881.4,0.32438
881.5,0.32454
881.7,0.3247
881.8,0.32469
882.0,0.32521
882.1,0.32531
882.3,0.32494
882.4,0.32502
882.6,0.32521
882.7,0.32572
882.9,0.32517
883.0,0.3237
883.2,0.32414
883.3,0.32505
883.5,0.32501
883.6,0.32487
883.8,0.32455
883.9,0.32507
884.1,0.32597
884.2,0.32528
884.4,0.325
884.5,0.32443
884.7,0.32392
884.8,0.32494
885.0,0.32548
885.1,0.32518
885.3,0.32564
885.4,0.32638
885.6,0.32564
885.7,0.32508
885.9,0.32536
886.0,0.32562
886.2,0.32534
886.3,0.32453
886.5,0.32473
886.6,0.32537
886.8,0.32504
886.9,0.32476
887.1,0.3246
887.2,0.32462
887.4,0.325
887.5,0.32549
887.7,0.32625
887.8,0.32577
888.0,0.32566
888.2,0.32587
888.3,0.32561
888.5,0.32549
888.6,0.32515
888.8,0.32483
888.9,0.32536
889.1,0.32598
889.2,0.32583
889.4,0.3249
889.5,0.32471
889.7,0.32504
889.8,0.32545
890.0,0.32577
890.1,0.32604
890.3,0.3261
890.4,0.32564
890.6,0.32501
890.8,0.32555
890.9,0.32596
891.0,0.32593
891.2,0.32594
891.4,0.32564
891.5,0.32566
891.7,0.32567
891.8,0.32527
892.0,0.32545
892.1,0.32566
892.3,0.32559
892.4,0.32574
892.6,0.32643
892.7,0.32693
892.9,0.32668
893.0,0.3261
893.2,0.32594
893.4,0.32613
893.5,0.32647
893.7,0.32665
893.8,0.32673
894.0,0.32661
894.1,0.32698
894.3,0.3273
894.4,0.32743
894.6,0.32712
894.7,0.32661
894.9,0.32678
895.0,0.32699
895.2,0.32666
895.4,0.32644
895.5,0.3266
895.7,0.32672
895.8,0.32699
896.0,0.32682
896.1,0.32696
896.3,0.32722
896.4,0.32681
896.6,0.32671
896.8,0.32736
896.9,0.32704
897.1,0.32657
897.2,0.32651
897.4,0.32668
897.5,0.32711
897.7,0.32692
897.8,0.32649
898.0,0.32671
898.2,0.32687
898.3,0.3269
898.5,0.32709
898.6,0.32715
898.8,0.32694
898.9,0.32657
899.1,0.32665
899.2,0.32675
899.4,0.32639
899.6,0.32629
899.7,0.32653
899.9,0.32678
900.0,0.32676
900.2,0.32643
900.3,0.32674
900.5,0.32711
900.7,0.32713
900.8,0.32751
901.0,0.32722
901.1,0.32648
901.3,0.32641
901.4,0.32726
901.6,0.32749
901.8,0.32707
901.9,0.32704
902.1,0.32706
902.2,0.32722
902.4,0.32739
902.5,0.32747
902.7,0.3273
902.8,0.3275
903.0,0.3273
903.2,0.32735
903.3,0.32726
903.5,0.32669
903.6,0.3267
903.8,0.32708
904.0,0.32732
904.1,0.32699
904.3,0.32681
904.4,0.32682
904.6,0.32708
904.7,0.3273
904.9,0.32764
905.0,0.32785
905.2,0.32821
905.4,0.32817
905.5,0.32786
905.7,0.32736
905.8,0.32725
906.0,0.3277
906.2,0.32787
906.3,0.32794
906.5,0.32788
906.6,0.32822
906.8,0.32843
907.0,0.32824
907.1,0.32808
907.3,0.32801
907.4,0.32779
907.6,0.32787
907.7,0.3281
907.9,0.32827
908.1,0.32862
908.2,0.32886
908.4,0.32863
908.5,0.32815
908.7,0.32817
908.9,0.32834
909.0,0.32881
909.2,0.32931
909.3,0.32881
909.5,0.32815
909.7,0.32802
909.8,0.32813
910.0,0.3281
910.1,0.32833
910.3,0.32836
910.5,0.32802
910.6,0.32873
910.8,0.32899
910.9,0.32898
911.1,0.32882
911.3,0.32824
911.4,0.32831
911.6,0.32866
911.7,0.32864
911.9,0.32858
912.1,0.32863
912.2,0.32859
912.4,0.32845
912.5,0.32917
912.7,0.32934
912.9,0.32911
913.0,0.32881
913.2,0.3286
913.3,0.32844
913.5,0.32832
913.7,0.32852
913.8,0.32895
914.0,0.32915
914.2,0.32897
914.3,0.3288
914.5,0.32887
914.6,0.32904
914.8,0.32899
915.0,0.32935
915.1,0.32957
915.3,0.32963
915.4,0.3295
915.6,0.32891
915.8,0.32878
915.9,0.32856
916.1,0.32844
916.3,0.32866
916.4,0.32917
916.6,0.32933
916.7,0.32916
916.9,0.32897
917.1,0.32906
917.2,0.32905
917.4,0.32921
917.5,0.32951
917.7,0.32962
917.9,0.32957
918.0,0.32925
918.2,0.32907
918.4,0.3292
918.5,0.32937
918.7,0.32966
918.8,0.32957
919.0,0.32944
919.2,0.3295
919.3,0.32928
919.5,0.32934
919.7,0.32939
919.8,0.32952
920.0,0.32974
920.2,0.32958
920.3,0.32994
920.5,0.33052
920.6,0.33051
920.8,0.32971
921.0,0.32941
921.1,0.32974
921.3,0.32961
921.5,0.32924
921.6,0.32931
921.8,0.32962
922.0,0.33007
922.1,0.33031
922.3,0.33024
922.4,0.32987
922.6,0.32967
922.8,0.33
922.9,0.33064
923.1,0.33082
923.3,0.33047
923.4,0.33022
923.6,0.3304
923.8,0.33033
923.9,0.33032
924.1,0.33026
924.3,0.33047
924.4,0.33046
924.6,0.33013
924.7,0.33021
924.9,0.33015
925.1,0.33013
925.2,0.33023
925.4,0.33048
925.6,0.3305
925.7,0.3307
925.9,0.33066
926.1,0.33069
926.2,0.33096
926.4,0.33072
926.6,0.33046
926.7,0.33042
926.9,0.33077
927.1,0.3312
927.2,0.33096
927.4,0.33068
927.6,0.33097
927.7,0.33098
927.9,0.33069
928.0,0.33068
928.2,0.33075
928.4,0.33101
928.5,0.33136
928.7,0.33139
928.9,0.331
929.0,0.33115
929.2,0.33111
929.4,0.33112
929.5,0.33126
929.7,0.33115
929.9,0.33112
930.0,0.3311
930.2,0.33085
930.4,0.331
930.5,0.33145
930.7,0.33123
930.9,0.33115
931.0,0.33148
931.2,0.3316
931.4,0.33126
931.6,0.33149
931.7,0.33191
931.9,0.33209
932.1,0.33156
932.2,0.33105
932.4,0.33121
932.6,0.33141
932.7,0.33171
932.9,0.33214
933.1,0.33207
933.2,0.33182
933.4,0.33155
933.6,0.33141
933.7,0.3314
933.9,0.33168
934.1,0.33195
934.2,0.33195
934.4,0.33166
934.6,0.33133
934.8,0.33152
934.9,0.33186
935.1,0.33194
935.3,0.33219
935.4,0.33244
935.6,0.33225
935.8,0.3319
935.9,0.33181
936.1,0.33214
936.3,0.33232
936.4,0.33214
936.6,0.33203
936.8,0.33223
936.9,0.33227
937.1,0.33228
937.3,0.33217
937.5,0.33185
937.6,0.33197
937.8,0.33204
938.0,0.33224
938.1,0.33251
938.3,0.3323
938.5,0.3318
938.6,0.33182
938.8,0.33212
939.0,0.33204
939.2,0.33219
939.3,0.33268
939.5,0.33256
939.7,0.33228
939.8,0.33231
940.0,0.33272
940.2,0.33282
940.3,0.33286
940.5,0.33298
940.7,0.33238
940.8,0.33197
941.0,0.33231
941.2,0.3326
941.4,0.33267
941.5,0.33261
941.7,0.3327
941.9,0.33279
942.0,0.33295
942.2,0.33278
942.4,0.33235
942.6,0.33248
942.7,0.33245
942.9,0.33235
943.1,0.33297
943.3,0.33306
943.4,0.33265
943.6,0.33241
943.8,0.33244
943.9,0.33247
944.1,0.33285
944.3,0.3331
944.5,0.33321
944.6,0.33329
944.8,0.33316
945.0,0.33273
945.1,0.33236
945.3,0.33257
945.5,0.33271
945.7,0.33275
945.8,0.33311
946.0,0.33312
946.2,0.33293
946.3,0.33278
946.5,0.33266
946.7,0.33281
946.9,0.33293
947.0,0.33321
947.2,0.33347
947.4,0.33336
947.6,0.33338
947.7,0.33306
947.9,0.33303
948.1,0.33355
948.3,0.33361
948.4,0.33332
948.6,0.33362
948.8,0.33376
949.0,0.33375
949.1,0.33393
949.3,0.3339
949.5,0.33391
949.6,0.33402
949.8,0.33402
950.0,0.33421
950.2,0.33421
950.3,0.33433
950.5,0.3345
950.7,0.33437
950.9,0.33431
951.0,0.33434
951.2,0.3344
951.4,0.33437
951.6,0.33456
951.7,0.33469
951.9,0.33469
952.1,0.33476
952.3,0.3348
952.4,0.3348
952.6,0.33479
952.8,0.33476
953.0,0.33479
953.1,0.33472
953.3,0.33455
953.5,0.33437
953.7,0.33446
953.8,0.33465
954.0,0.33488
954.2,0.33509
954.4,0.33538
954.5,0.33579
954.7,0.33568
954.9,0.33525
955.1,0.33499
955.2,0.33507
955.4,0.33503
955.6,0.33515
955.8,0.33528
956.0,0.33538
956.1,0.33554
956.3,0.33566
956.5,0.33557
956.7,0.33525
956.8,0.33531
957.0,0.33557
957.2,0.33586
957.4,0.33601
957.5,0.33573
957.7,0.33565
957.9,0.33581
958.1,0.33581
958.2,0.33575
958.4,0.33578
958.6,0.33581
958.8,0.33599
959.0,0.3359
959.1,0.33573
959.3,0.3359
959.5,0.33594
959.7,0.33596
959.8,0.33606
960.0,0.33593
960.2,0.33579
960.4,0.33574
960.5,0.33566
960.7,0.33581
960.9,0.33588
961.1,0.33584
961.3,0.33604
961.4,0.33623
961.6,0.33629
961.8,0.33596
962.0,0.33574
962.2,0.33573
962.3,0.33612
962.5,0.33631
962.7,0.33626
962.9,0.33643
963.0,0.33653
963.2,0.33619
963.4,0.33597
963.6,0.3362
963.8,0.33624
963.9,0.33604
964.1,0.33608
964.3,0.33618
964.5,0.33625
964.7,0.33634
964.8,0.3365
965.0,0.33638
965.2,0.33618
965.4,0.33636
965.6,0.33661
965.7,0.33646
965.9,0.33625
966.1,0.3363
966.3,0.33646
966.5,0.33673
966.6,0.3368
966.8,0.33659
967.0,0.33665
967.2,0.33676
967.4,0.33669
967.5,0.33689
967.7,0.3367
967.9,0.33657
968.1,0.33671
968.3,0.33684
968.4,0.33677
968.6,0.33669
968.8,0.3366
969.0,0.33682
969.2,0.33737
969.3,0.33735
969.5,0.337
969.7,0.33708
969.9,0.33729
970.1,0.33743
970.3,0.33744
970.4,0.33767
970.6,0.33797
970.8,0.33808
971.0,0.33772
971.2,0.33744
971.3,0.33742
971.5,0.33757
971.7,0.33764
971.9,0.33763
972.1,0.33763
972.3,0.33788
972.4,0.33804
972.6,0.33782
972.8,0.33759
973.0,0.33783
973.2,0.33801
973.3,0.33801
973.5,0.33787
973.7,0.33769
973.9,0.33779
974.1,0.33795
974.3,0.33802
974.5,0.33809
974.6,0.33819
974.8,0.33808
975.0,0.33801
975.2,0.33795
975.4,0.33826
975.5,0.33834
975.7,0.3381
975.9,0.33801
976.1,0.33807
976.3,0.33819
976.5,0.33849
976.7,0.33826
976.8,0.33807
977.0,0.33828
977.2,0.33838
977.4,0.33846
977.6,0.33849
977.8,0.33855
977.9,0.33844
978.1,0.33827
978.3,0.33835
978.5,0.33854
978.7,0.33874
978.9,0.33873
979.0,0.33863
979.2,0.33875
979.4,0.33891
979.6,0.33889
979.8,0.33871
980.0,0.33853
980.2,0.33852
980.3,0.33893
980.5,0.3391
980.7,0.33888
980.9,0.33891
981.1,0.33887
981.3,0.33904
981.5,0.33944
981.7,0.33951
981.8,0.33931
982.0,0.3393
982.2,0.33922
982.4,0.33902
982.6,0.33916
982.8,0.33923
983.0,0.33911
983.1,0.33914
983.3,0.33942
983.5,0.33949
983.7,0.33963
983.9,0.33968
984.1,0.33979
984.3,0.33953
984.4,0.33916
984.6,0.33959
984.8,0.33967
985.0,0.33967
985.2,0.33978
985.4,0.3399
985.6,0.33993
985.8,0.33966
985.9,0.33975
986.1,0.33974
986.3,0.3397
986.5,0.33959
986.7,0.33944
986.9,0.33949
987.1,0.33969
987.3,0.33978
987.4,0.33976
987.6,0.33977
987.8,0.33982
988.0,0.33999
988.2,0.33985
988.4,0.33967
988.6,0.33978
988.8,0.33983
989.0,0.34028
989.1,0.34058
989.3,0.34039
989.5,0.34018
989.7,0.3402
989.9,0.34036
990.1,0.3405
990.3,0.34031
990.5,0.34032
990.7,0.34031
990.8,0.34024
991.0,0.34047
991.2,0.34064
991.4,0.34062
991.6,0.34061
991.8,0.34056
992.0,0.34063
992.2,0.34081
992.4,0.34072
992.5,0.34065
992.7,0.34066
992.9,0.34064
993.1,0.34061
993.3,0.34065
993.5,0.34069
993.7,0.34073
993.9,0.34071
994.1,0.34076
994.3,0.3408
994.5,0.34077
994.6,0.34076
994.8,0.34107
995.0,0.34095
995.2,0.34074
995.4,0.3408
995.6,0.34075
995.8,0.34078
996.0,0.34092
996.2,0.34103
996.4,0.34117
996.5,0.34146
996.7,0.34147
996.9,0.3412
997.1,0.34105
997.3,0.34102
997.5,0.3411
997.7,0.34114
997.9,0.34104
998.1,0.34108
998.3,0.34119
998.5,0.34122
998.7,0.34114
998.9,0.34106
999.0,0.34145
999.2,0.34164
999.4,0.34155
999.6,0.34122
999.8,0.34106
1000.0,0.34133
1000.2,0.34133
1000.4,0.34094
1000.6,0.34103
1000.8,0.3413
1001.0,0.34131
1001.2,0.3414
1001.4,0.34139
1001.6,0.34141
1001.8,0.34148
1001.9,0.34141
1002.1,0.34143
1002.3,0.34149
1002.5,0.34173
1002.7,0.34186
1002.9,0.34163
1003.1,0.34146
1003.3,0.34152
1003.5,0.34174
1003.7,0.34155
1003.9,0.34141
1004.1,0.34155
1004.3,0.34179
1004.5,0.3418
1004.7,0.3417
1004.9,0.3418
1005.0,0.34169
1005.3,0.34166
1005.4,0.34183
1005.6,0.34206
1005.8,0.3419
1006.0,0.34165
1006.2,0.34172
1006.4,0.3418
1006.6,0.34185
1006.8,0.34189
1007.0,0.34198
1007.2,0.34212
1007.4,0.34198
1007.6,0.34199
1007.8,0.34213
1008.0,0.34219
1008.2,0.34215
1008.4,0.34219
1008.6,0.34225
1008.8,0.34234
1009.0,0.34236
1009.2,0.3424
1009.4,0.34233
1009.5,0.34224
1009.8,0.34205
1010.0,0.34183
1010.1,0.34196
1010.3,0.34223
1010.5,0.34237
1010.7,0.34227
1010.9,0.34231
1011.1,0.34243
1011.3,0.34248
1011.5,0.34243
1011.7,0.34227
1011.9,0.34215
1012.1,0.34221
1012.3,0.34231
1012.5,0.34219
1012.7,0.34222
1012.9,0.34229
1013.1,0.34243
1013.3,0.34276
1013.5,0.3428
1013.7,0.34267
1013.9,0.34238
1014.1,0.34244
1014.3,0.3427
1014.5,0.34264
1014.7,0.34243
1014.9,0.34254
1015.1,0.34272
1015.3,0.34285
1015.5,0.34268
1015.7,0.34268
1015.9,0.34284
1016.1,0.34271
1016.3,0.34272
1016.5,0.34254
1016.7,0.34236
1016.9,0.34256
1017.1,0.34261
1017.3,0.34254
1017.5,0.34263
1017.7,0.34254
1017.9,0.34252
1018.1,0.3427
1018.3,0.34273
1018.5,0.34268
1018.7,0.34271
1018.9,0.34284
1019.1,0.34291
1019.3,0.34287
1019.5,0.34298
1019.7,0.34292
1019.9,0.34269
1020.1,0.34273
1020.3,0.34278
1020.5,0.34275
1020.7,0.34284
1020.9,0.34267
1021.1,0.34251
1021.3,0.34269
1021.5,0.34271
1021.7,0.3426
1021.9,0.34264
1022.1,0.34281
1022.3,0.34289
1022.5,0.34298
1022.7,0.34295
1022.9,0.34285
1023.1,0.34279
1023.3,0.34281
1023.5,0.34299
1023.7,0.34312
1023.9,0.34308
1024.1,0.34298
1024.3,0.34282
1024.5,0.34298
1024.7,0.34314
1024.9,0.343
1025.1,0.34294
1025.3,0.34303
1025.5,0.34293
1025.7,0.34292
1025.9,0.34313
1026.1,0.34321
1026.3,0.34316
1026.5,0.34317
1026.8,0.34324
1026.9,0.34338
1027.2,0.34335
1027.4,0.34347
1027.6,0.34341
1027.8,0.34314
1028.0,0.34301
1028.2,0.34291
1028.4,0.34289
1028.6,0.34305
1028.8,0.34321
1029.0,0.34339
1029.2,0.34342
1029.4,0.34342
1029.6,0.3435
1029.8,0.34348
1030.0,0.34346
1030.2,0.3434
1030.4,0.34327
1030.6,0.34318
1030.8,0.3432
1031.0,0.34319
1031.2,0.34327
1031.4,0.34333
1031.7,0.34342
1031.8,0.34331
1032.1,0.34321
1032.3,0.34309
1032.5,0.34312
1032.7,0.34332
1032.9,0.34339
1033.1,0.34335
1033.3,0.34319
1033.5,0.34303
1033.7,0.34312
1033.9,0.34335
1034.1,0.34349
1034.3,0.34349
1034.5,0.34345
1034.7,0.34348
1034.9,0.34347
1035.2,0.34337
1035.4,0.34334
1035.6,0.3433
1035.8,0.34333
1036.0,0.34337
1036.2,0.34336
1036.4,0.3433
1036.6,0.34332
1036.8,0.34358
1037.0,0.34352
1037.2,0.34332
1037.4,0.34334
1037.6,0.34359
1037.8,0.3438
1038.1,0.34396
1038.3,0.34387
1038.5,0.34369
1038.7,0.34363
1038.9,0.34351
1039.1,0.34348
1039.3,0.34361
1039.5,0.34363
1039.7,0.34351
1039.9,0.34358
1040.1,0.34375
1040.3,0.34367
1040.6,0.34359
1040.8,0.34369
1041.0,0.34381
1041.2,0.34387
1041.4,0.34386
1041.6,0.34387
1041.8,0.3438
1042.0,0.34372
1042.2,0.34364
1042.4,0.34366
1042.6,0.34384
1042.8,0.34386
1043.1,0.3437
1043.3,0.34365
1043.5,0.34374
1043.7,0.34376
1043.9,0.34365
1044.1,0.34369
1044.3,0.34379
1044.5,0.3438
1044.8,0.34372
1045.0,0.34368
1045.2,0.34356
1045.4,0.34351
1045.6,0.34374
1045.8,0.34376
1046.0,0.34367
1046.2,0.34367
1046.4,0.34386
1046.6,0.34381
1046.9,0.34369
1047.1,0.34385
1047.3,0.34386
1047.5,0.34374
1047.7,0.34389
1047.9,0.34392
1048.1,0.34368
1048.3,0.34361
1048.6,0.34373
1048.8,0.34373
1049.0,0.34374
1049.2,0.34379
1049.4,0.34372
1049.6,0.34384
1049.8,0.34395
1050.0,0.34395
1050.3,0.34397
1050.5,0.34388
1050.7,0.34375
1050.9,0.34375
1051.1,0.34382
1051.3,0.34381
1051.5,0.34389
1051.7,0.34386
1051.9,0.34372
1052.2,0.34373
1052.4,0.34401
1052.6,0.34404
1052.8,0.34382
1053.0,0.34387
1053.2,0.34401
1053.4,0.34401
1053.7,0.34391
1053.9,0.3438
1054.1,0.34376
1054.3,0.34375
1054.5,0.34387
1054.7,0.34391
1054.9,0.34378
1055.2,0.34381
1055.4,0.34376
1055.6,0.34363
1055.8,0.34368
1056.0,0.34394
1056.2,0.34402
1056.4,0.34407
1056.7,0.34402
1056.9,0.34401
1057.1,0.34398
1057.3,0.34394
1057.5,0.34397
1057.8,0.34395
1058.0,0.34395
1058.2,0.34383
1058.4,0.34387
1058.6,0.34386
1058.8,0.34392
1059.0,0.34395
1059.3,0.34388
1059.5,0.34383
1059.7,0.34382
1059.9,0.3438
1060.1,0.34397
1060.3,0.34413
1060.6,0.34407
1060.8,0.34409
1061.0,0.34401
1061.2,0.34395
1061.4,0.344
1061.7,0.34395
1061.9,0.34392
1062.1,0.34398
1062.3,0.34392
1062.5,0.34394
1062.7,0.34398
1062.9,0.34414
1063.2,0.34419
1063.4,0.34411
1063.6,0.34405
1063.8,0.3439
1064.0,0.34398
1064.3,0.34407
1064.5,0.34408
1064.7,0.34402
1064.9,0.34395
1065.1,0.34406
1065.3,0.3441
1065.6,0.34397
1065.8,0.34396
1066.0,0.34401
1066.2,0.34399
1066.4,0.34391
1066.7,0.3438
1066.9,0.34391
1067.1,0.34395
1067.3,0.34393
1067.6,0.34402
1067.8,0.34409
1068.0,0.34399
1068.2,0.34387
1068.4,0.34394
1068.7,0.34405
1068.9,0.3439
1069.1,0.34395
1069.3,0.34402
1069.5,0.34404
1069.8,0.34403
1070.0,0.34396
1070.2,0.34389
1070.4,0.3439
1070.6,0.34405
1070.8,0.34406
1071.1,0.34402
1071.3,0.34417
1071.5,0.34415
1071.7,0.34409
1072.0,0.34416
1072.2,0.34409
1072.4,0.344
1072.6,0.34394
1072.8,0.34399
1073.1,0.34398
1073.3,0.34391
1073.5,0.34405
1073.7,0.34411
1074.0,0.34398
1074.2,0.34403
1074.4,0.34406
1074.6,0.34403
1074.8,0.34409
1075.1,0.34395
1075.3,0.34389
1075.5,0.34396
1075.7,0.34392
1076.0,0.3439
1076.2,0.344
1076.4,0.34411
1076.6,0.34409
1076.9,0.34407
1077.1,0.34412
1077.3,0.344
1077.5,0.34386
1077.8,0.34408
1078.0,0.34419
1078.2,0.34408
1078.4,0.34405
1078.7,0.34412
1078.9,0.34412
1079.1,0.34414
1079.3,0.34419
1079.6,0.34421
1079.8,0.34414
1080.0,0.34407
1080.2,0.34403
1080.4,0.34416
1080.7,0.34417
1080.9,0.34404
1081.1,0.34406
1081.3,0.34406
1081.6,0.34399
1081.8,0.34405
1082.0,0.34404
1082.3,0.34403
1082.5,0.34416
1082.7,0.34422
1082.9,0.3441
1083.2,0.34407
1083.4,0.34403
1083.6,0.34418
1083.8,0.34428
1084.1,0.3441
1084.3,0.34406
1084.5,0.34413
1084.8,0.34412
1085.0,0.34409
1085.2,0.34405
1085.4,0.34404
1085.7,0.34416
1085.9,0.3442
1086.1,0.34417
1086.3,0.34423
1086.6,0.34431
1086.8,0.3442
1087.0,0.34412
1087.3,0.34406
1087.5,0.34399
1087.7,0.34403
1087.9,0.34411
1088.2,0.34413
1088.4,0.34403
1088.6,0.34398
1088.8,0.34407
1089.1,0.34406
1089.3,0.34406
1089.5,0.34409
1089.8,0.34407
1090.0,0.34414
1090.2,0.34428
1090.4,0.34421
1090.7,0.34402
1090.9,0.34399
1091.1,0.34396
1091.4,0.34398
1091.6,0.34417
1091.8,0.34422
1092.1,0.34421
1092.3,0.34421
1092.5,0.34405
1092.8,0.34405
1093.0,0.34415
1093.2,0.34415
1093.4,0.34398
1093.7,0.34391
1093.9,0.34398
1094.1,0.34402
1094.4,0.34414
1094.6,0.34421
1094.8,0.34428
1095.1,0.34415
1095.3,0.34398
1095.5,0.34394
1095.8,0.344
1096.0,0.34407
1096.2,0.34415
1096.4,0.34425
1096.7,0.34426
1096.9,0.34416
1097.1,0.34414
1097.4,0.34417
1097.6,0.34415
1097.8,0.34421
1098.1,0.3442
1098.3,0.34416
1098.5,0.34424
1098.8,0.34416
1099.0,0.34405
1099.2,0.34402
1099.5,0.34404
1099.7,0.34407
1099.9,0.34407
1100.2,0.34404
1100.4,0.34407
1100.6,0.34418
1100.9,0.34417
1101.1,0.34399
1101.3,0.34395
1101.6,0.34403
1101.8,0.34409
1102.0,0.34403
1102.3,0.34398
1102.5,0.34397
1102.7,0.34394
1103.0,0.3439
1103.2,0.34404
1103.4,0.34409
1103.7,0.34401
1103.9,0.34394
1104.2,0.34384
1104.4,0.34386
1104.6,0.34392
1104.9,0.34399
1105.1,0.34397
1105.3,0.3439
1105.6,0.34393
1105.8,0.34401
1106.0,0.34401
1106.3,0.34404
1106.5,0.34403
1106.7,0.34394
1107.0,0.344
1107.2,0.34394
1107.4,0.34386
1107.7,0.34385
1107.9,0.34393
1108.2,0.34394
1108.4,0.34398
1108.6,0.34398
1108.9,0.34396
1109.1,0.34396
1109.3,0.34392
1109.6,0.34399
1109.8,0.34396
1110.1,0.34392
1110.3,0.34395
1110.5,0.344
1110.8,0.34394
1111.0,0.34397
1111.3,0.34398
1111.5,0.34393
1111.7,0.34387
1112.0,0.34393
1112.2,0.34399
1112.4,0.34393
1112.7,0.34384
1112.9,0.34381
1113.2,0.34383
1113.4,0.34389
1113.6,0.34387
1113.9,0.34381
1114.1,0.34388
1114.3,0.34395
1114.6,0.34398
1114.8,0.344
1115.1,0.34403
1115.3,0.34394
1115.6,0.34387
1115.8,0.34385
1116.0,0.34387
1116.3,0.34392
1116.5,0.34396
1116.8,0.34398
1117.0,0.34399
1117.2,0.34392
1117.5,0.34399
1117.7,0.34409
1118.0,0.34404
1118.2,0.34395
1118.4,0.34389
1118.7,0.34372
1118.9,0.34366
1119.2,0.34377
1119.4,0.34387
1119.7,0.34391
1119.9,0.34388
1120.1,0.3438
1120.4,0.34398
1120.6,0.34401
1120.9,0.34389
1121.1,0.34391
1121.3,0.3439
1121.6,0.34383
1121.8,0.34397
1122.1,0.34406
1122.3,0.34403
1122.6,0.34399
1122.8,0.34402
1123.0,0.344
1123.3,0.34393
1123.5,0.34373
1123.8,0.34357
1124.0,0.34367
1124.3,0.34373
1124.5,0.34375
1124.8,0.34377
1125.0,0.34375
1125.2,0.34378
1125.5,0.34374
1125.7,0.34376
1126.0,0.34375
1126.2,0.34377
1126.5,0.3438
1126.7,0.34392
1126.9,0.34381
1127.2,0.3437
1127.4,0.34381
1127.7,0.34383
1127.9,0.34384
1128.2,0.3438
1128.4,0.34374
1128.7,0.34376
1128.9,0.34377
1129.2,0.34373
1129.4,0.34365
1129.7,0.34376
1129.9,0.34388
1130.1,0.34379
1130.4,0.34372
1130.6,0.34374
1130.9,0.34365
1131.1,0.3437
1131.4,0.34375
1131.6,0.34373
1131.9,0.34374
1132.1,0.34378
1132.4,0.34379
1132.6,0.34381
1132.9,0.3438
1133.1,0.34379
1133.3,0.3438
1133.6,0.34376
1133.8,0.34363
1134.1,0.34367
1134.3,0.34364
1134.6,0.34356
1134.8,0.34358
1135.1,0.34363
1135.3,0.3438
1135.6,0.34379
1135.8,0.34363
1136.1,0.3436
1136.3,0.34367
1136.6,0.34363
1136.8,0.3435
1137.1,0.34362
1137.3,0.3437
1137.6,0.34358
1137.8,0.34352
1138.1,0.34361
1138.3,0.34362
1138.6,0.34355
1138.8,0.34351
1139.1,0.34348
1139.3,0.34362
1139.6,0.34368
1139.8,0.3436
1140.1,0.34356
1140.3,0.34357
1140.6,0.34355
1140.8,0.3435
1141.1,0.34351
1141.3,0.34353
1141.6,0.34356
1141.8,0.34357
1142.1,0.34355
1142.3,0.3436
1142.6,0.34352
1142.8,0.3434
1143.1,0.34341
1143.3,0.34338
1143.6,0.34332
1143.9,0.34336
1144.1,0.34347
1144.4,0.3435
1144.6,0.34349
1144.9,0.34345
1145.1,0.34339
1145.4,0.34334
1145.6,0.34334
1145.9,0.34332
1146.1,0.34328
1146.4,0.3433
1146.6,0.34333
1146.9,0.3433
1147.2,0.34341
1147.4,0.34343
1147.7,0.34335
1147.9,0.34328
1148.2,0.34339
1148.4,0.34346
1148.7,0.34337
1148.9,0.34326
1149.2,0.34324
1149.4,0.34325
1149.7,0.34323
1149.9,0.34322
1150.2,0.34332
1150.4,0.34339
1150.7,0.34336
1151.0,0.34326
1151.2,0.34322
1151.5,0.3433
1151.7,0.34334
1152.0,0.34328
1152.2,0.34329
1152.5,0.3433
1152.8,0.34322
1153.0,0.34318
1153.3,0.34322
1153.5,0.34322
1153.8,0.34316
1154.0,0.34309
1154.3,0.34313
1154.6,0.34322
1154.8,0.34313
1155.1,0.34301
1155.3,0.34301
1155.6,0.3431
1155.8,0.34311
1156.1,0.34304
1156.4,0.34301
1156.6,0.34293
1156.9,0.34292
1157.1,0.34291
1157.4,0.34298
1157.7,0.34303
1157.9,0.34304
1158.2,0.34306
1158.4,0.34301
1158.7,0.34294
1158.9,0.34291
1159.2,0.34285
1159.5,0.34279
1159.7,0.34283
1160.0,0.343
1160.2,0.34302
1160.5,0.34298
1160.8,0.34287
1161.0,0.34286
1161.3,0.34287
1161.5,0.34281
1161.8,0.34283
1162.1,0.3429
1162.3,0.34288
1162.6,0.34297
1162.8,0.34308
1163.1,0.34298
1163.4,0.34299
1163.6,0.34309
1163.9,0.34306
1164.2,0.343
1164.4,0.34306
1164.7,0.34301
1164.9,0.343
1165.2,0.34304
1165.4,0.34303
1165.7,0.34299
1166.0,0.34311
1166.2,0.34311
1166.5,0.34302
1166.8,0.34315
1167.0,0.34324
1167.3,0.34319
1167.6,0.34315
1167.8,0.34316
1168.1,0.34317
1168.3,0.34323
1168.6,0.34315
1168.9,0.34315
1169.1,0.34315
1169.4,0.34309
1169.7,0.34308
1169.9,0.34308
1170.2,0.34317
1170.4,0.34316
1170.7,0.34307
1171.0,0.34299
1171.3,0.34302
1171.5,0.34307
1171.8,0.34315
1172.0,0.34316
1172.3,0.34315
1172.6,0.34317
1172.8,0.34316
1173.1,0.34305
1173.4,0.34301
1173.6,0.34309
1173.9,0.34317
1174.2,0.34317
1174.4,0.34317
1174.7,0.34314
1175.0,0.34313
1175.2,0.3432
1175.5,0.34321
1175.8,0.34316
1176.0,0.34314
1176.3,0.34317
1176.6,0.34313
1176.8,0.34319
1177.1,0.34322
1177.4,0.34319
1177.6,0.34319
1177.9,0.34317
1178.2,0.34309
1178.4,0.34309
1178.7,0.34309
1179.0,0.34314
1179.2,0.34311
1179.5,0.3431
1179.8,0.34321
1180.0,0.34321
1180.3,0.34317
1180.6,0.34325
1180.8,0.34319
1181.1,0.34313
1181.4,0.34312
1181.7,0.34314
1181.9,0.34319
1182.2,0.34317
1182.5,0.3431
1182.7,0.34306
1183.0,0.3431
1183.3,0.34318
1183.5,0.34321
1183.8,0.3432
1184.1,0.34319
1184.4,0.34309
1184.6,0.34305
1184.9,0.34309
1185.2,0.34315
1185.4,0.34322
1185.7,0.34308
1186.0,0.34305
1186.3,0.34312
1186.5,0.3431
1186.8,0.34306
1187.1,0.34308
1187.3,0.34308
1187.6,0.34309
1187.9,0.34308
1188.2,0.34298
1188.4,0.34296
1188.7,0.34299
1189.0,0.34298
1189.3,0.34303
1189.5,0.34294
1189.8,0.34302
1190.1,0.34318
1190.3,0.34317
1190.6,0.34319
1190.9,0.34325
1191.2,0.34318
1191.4,0.34312
1191.7,0.34315
1192.0,0.34319
1192.3,0.34313
1192.5,0.34309
1192.8,0.34313
1193.1,0.3431
1193.3,0.34307
1193.6,0.3431
1193.9,0.34321
1194.2,0.34324
1194.4,0.34317
1194.7,0.3432
1195.0,0.34316
1195.3,0.34319
1195.6,0.34321
1195.8,0.34323
1196.1,0.34328
1196.4,0.34329
1196.7,0.34332
1196.9,0.34326
1197.2,0.34319
1197.5,0.34316
1197.8,0.3431
1198.0,0.3431
1198.3,0.34313
1198.6,0.3431
1198.9,0.34312
1199.2,0.34325
1199.4,0.34317
1199.7,0.3431
1200.0,0.34317
1200.3,0.34316
1200.5,0.34318
1200.8,0.34322
1201.1,0.34326
1201.4,0.34327
1201.7,0.34326
1201.9,0.34321
1202.2,0.34312
1202.5,0.34308
1202.8,0.34313
1203.0,0.3432
1203.3,0.34321
1203.6,0.34324
1203.9,0.34318
1204.2,0.34312
1204.4,0.3432
1204.7,0.3432
1205.0,0.34321
1205.3,0.34325
1205.6,0.34324
1205.8,0.34324
1206.1,0.34331
1206.4,0.34328
1206.7,0.34318
1207.0,0.34311
1207.2,0.34311
1207.5,0.34312
1207.8,0.34316
1208.1,0.34325
1208.4,0.3432
1208.7,0.34321
1208.9,0.3432
1209.2,0.34318
1209.5,0.34323
1209.8,0.34326
1210.1,0.34318
1210.3,0.34311
1210.6,0.34312
1210.9,0.34309
1211.2,0.34312
1211.5,0.34325
1211.8,0.34328
1212.0,0.34322
1212.3,0.34318
1212.6,0.3432
1212.9,0.34324
1213.2,0.34321
1213.5,0.34312
1213.7,0.3432
1214.0,0.34327
1214.3,0.34327
1214.6,0.34327
1214.9,0.34321
1215.2,0.34317
1215.4,0.34315
1215.7,0.34317
1216.0,0.34324
1216.3,0.34326
1216.6,0.3432
1216.9,0.34314
1217.2,0.34305
1217.4,0.34312
1217.7,0.34321
1218.0,0.34321
1218.3,0.34318
1218.6,0.3432
1218.9,0.34316
1219.2,0.34309
1219.4,0.34306
1219.7,0.34313
1220.0,0.34316
1220.3,0.34309
1220.6,0.3431
1220.9,0.34306
1221.2,0.34315
1221.5,0.34326
1221.8,0.34325
1222.0,0.34322
1222.3,0.3432
1222.6,0.34324
1222.9,0.34319
1223.2,0.34311
1223.5,0.34307
1223.8,0.34304
1224.1,0.34304
1224.3,0.34303
1224.6,0.34309
1224.9,0.34312
1225.2,0.34307
1225.5,0.34301
1225.8,0.34304
1226.1,0.3431
1226.4,0.34316
1226.7,0.34319
1227.0,0.34315
1227.3,0.34303
1227.5,0.34298
1227.8,0.34298
1228.1,0.34292
1228.4,0.34293
1228.7,0.34299
1229.0,0.343
1229.3,0.343
1229.6,0.34304
1229.9,0.343
1230.2,0.34302
1230.4,0.343
1230.7,0.34293
1231.0,0.34287
1231.3,0.34289
1231.6,0.343
1231.9,0.34307
1232.2,0.34298
1232.5,0.34297
1232.8,0.34302
1233.1,0.34297
1233.4,0.34297
1233.7,0.34304
1234.0,0.34307
1234.3,0.34298
1234.6,0.34298
1234.8,0.34297
1235.1,0.34294
1235.4,0.34296
1235.7,0.34306
1236.0,0.34306
1236.3,0.34304
1236.6,0.34309
1236.9,0.34307
1237.2,0.343
1237.5,0.34295
1237.8,0.34302
1238.1,0.34311
1238.4,0.34312
1238.7,0.34309
1239.0,0.34302
1239.3,0.3431
1239.6,0.3432
1239.9,0.34316
1240.2,0.34312
1240.5,0.34313
1240.8,0.34315
1241.1,0.34314
1241.3,0.34311
1241.7,0.34307
1241.9,0.34306
1242.2,0.34312
1242.5,0.34316
1242.8,0.34313
1243.1,0.34311
1243.4,0.34309
1243.7,0.34312
1244.0,0.34313
1244.3,0.34308
1244.6,0.34308
1244.9,0.3431
1245.2,0.34307
1245.5,0.34302
1245.8,0.3431
1246.1,0.34312
1246.4,0.34304
1246.7,0.34301
1247.0,0.34303
1247.3,0.34303
1247.6,0.3431
1247.9,0.34311
1248.2,0.34308
1248.5,0.34303
1248.8,0.34305
1249.1,0.34311
1249.4,0.34317
1249.7,0.34315
1250.0,0.3431
1250.3,0.34303
1250.6,0.34303
1250.9,0.34302
1251.2,0.34309
1251.5,0.34318
1251.8,0.34313
1252.1,0.34303
1252.4,0.34295
1252.8,0.34301
1253.1,0.34309
1253.3,0.34311
1253.7,0.34315
1254.0,0.3431
1254.3,0.34304
1254.6,0.34312
1254.9,0.3432
1255.2,0.34315
1255.5,0.34303
1255.8,0.34299
1256.1,0.343
1256.4,0.34299
1256.7,0.34302
1257.0,0.34303
1257.3,0.34303
1257.6,0.34295
1257.9,0.34296
1258.2,0.34307
1258.5,0.34305
1258.8,0.34303
1259.1,0.34302
1259.4,0.34297
1259.8,0.34294
1260.1,0.34301
1260.4,0.34304
1260.7,0.34302
1261.0,0.34301
1261.3,0.34298
1261.6,0.34302
1261.9,0.34303
1262.2,0.34298
1262.5,0.34302
1262.8,0.343
1263.1,0.34299
1263.4,0.34306
1263.7,0.34313
1264.1,0.3431
1264.4,0.34303
1264.7,0.34298
1265.0,0.34301
1265.3,0.34301
1265.6,0.343
1265.9,0.34308
1266.2,0.34312
1266.5,0.34311
1266.8,0.34302
1267.1,0.34294
1267.4,0.34295
1267.8,0.34299
1268.1,0.34301
1268.4,0.34304
1268.7,0.34303
1269.0,0.34303
1269.3,0.34304
1269.6,0.34306
1269.9,0.34312
1270.2,0.34312
1270.6,0.34307
1270.9,0.34304
1271.2,0.34307
1271.5,0.34303
1271.8,0.34302
1272.1,0.34308
1272.4,0.34306
1272.7,0.34295
1273.1,0.34295
1273.4,0.34298
1273.7,0.34297
1274.0,0.34301
1274.3,0.34301
1274.6,0.34299
1274.9,0.34303
1275.2,0.3431
1275.6,0.34309
1275.9,0.34308
1276.2,0.34306
1276.5,0.34308
1276.8,0.34308
1277.1,0.343
1277.4,0.34297
1277.8,0.34303
1278.1,0.34301
1278.4,0.34297
1278.7,0.34296
1279.0,0.34298
1279.3,0.34302
1279.7,0.34304
1280.0,0.34298
1280.3,0.34298
1280.6,0.34301
1280.9,0.34304
1281.2,0.34301
1281.6,0.34301
1281.9,0.34297
1282.2,0.343
1282.5,0.34301
1282.8,0.34297
1283.1,0.34291
1283.4,0.34297
1283.8,0.34299
1284.1,0.34294
1284.4,0.34297
1284.7,0.34296
1285.0,0.34296
1285.4,0.34293
1285.7,0.34284
1286.0,0.34282
1286.3,0.3429
1286.6,0.34292
1286.9,0.34289
1287.3,0.34293
1287.6,0.34292
1287.9,0.34291
1288.2,0.34291
1288.6,0.34289
1288.9,0.34285
1289.2,0.34278
1289.5,0.3428
1289.8,0.34291
1290.2,0.34287
1290.5,0.34282
1290.8,0.34277
1291.1,0.34281
1291.4,0.34281
1291.8,0.34277
1292.1,0.34263
1292.4,0.34256
1292.7,0.34262
1293.1,0.34262
1293.4,0.34255
1293.7,0.34256
1294.0,0.34267
1294.3,0.34265
1294.7,0.34259
1295.0,0.34256
1295.3,0.34257
1295.6,0.34263
1296.0,0.34268
1296.3,0.34269
1296.6,0.34264
1296.9,0.34254
1297.3,0.34253
1297.6,0.34265
1297.9,0.34267
1298.2,0.34263
1298.6,0.34268
1298.9,0.34265
1299.2,0.34254
1299.5,0.34255
1299.9,0.3426
1300.2,0.34266
1300.5,0.34271
1300.8,0.34264
1301.2,0.34264
1301.5,0.34273
1301.8,0.3427
1302.1,0.34266
1302.5,0.34264
1302.8,0.34264
1303.1,0.34263
1303.4,0.34264
1303.8,0.34267
1304.1,0.34264
1304.4,0.34261
1304.8,0.34261
1305.1,0.34267
1305.4,0.34261
1305.8,0.34254
1306.1,0.34252
1306.4,0.34256
1306.7,0.34257
1307.1,0.34253
1307.4,0.34252
1307.7,0.34251
1308.1,0.34256
1308.4,0.34256
1308.7,0.34254
1309.1,0.34254
1309.4,0.34248
1309.7,0.34251
1310.0,0.34258
1310.4,0.3425
1310.7,0.34251
1311.0,0.3426
1311.4,0.34259
1311.7,0.3426
1312.0,0.34261
1312.4,0.3426
1312.7,0.34257
1313.0,0.3425
1313.4,0.34251
1313.7,0.34255
1314.0,0.34251
1314.4,0.34245
1314.7,0.34245
1315.0,0.3425
1315.4,0.34249
1315.7,0.34244
1316.0,0.34248
1316.4,0.34252
1316.7,0.34245
1317.0,0.34239
1317.4,0.34237
1317.7,0.3424
1318.0,0.34244
1318.4,0.34242
1318.7,0.34243
1319.0,0.34246
1319.4,0.34244
1319.7,0.34244
1320.1,0.34245
1320.4,0.34236
1320.7,0.34232
1321.1,0.34233
1321.4,0.3423
1321.7,0.34221
1322.1,0.34223
1322.4,0.34229
1322.7,0.34226
1323.1,0.34225
1323.4,0.3423
1323.8,0.34233
1324.1,0.34228
1324.4,0.34225
1324.8,0.34225
1325.1,0.34221
1325.4,0.34217
1325.8,0.34221
1326.1,0.34226
1326.5,0.3422
1326.8,0.3422
1327.1,0.34224
1327.5,0.34221
1327.8,0.34218
1328.2,0.34213
1328.5,0.34215
1328.8,0.34221
1329.2,0.34216
1329.5,0.34211
1329.9,0.3421
1330.2,0.34204
1330.6,0.34205
1330.9,0.34213
1331.2,0.34212
1331.6,0.34211
1331.9,0.34213
1332.3,0.3421
1332.6,0.34206
1332.9,0.34203
1333.3,0.34198
1333.6,0.34197
1334.0,0.34197
1334.3,0.34199
1334.7,0.34203
1335.0,0.34207
1335.3,0.34203
1335.7,0.34198
1336.0,0.34198
1336.4,0.34198
1336.7,0.34196
1337.1,0.3419
1337.4,0.34191
1337.8,0.34198
1338.1,0.34197
1338.4,0.34189
1338.8,0.34194
1339.1,0.34192
1339.5,0.34183
1339.8,0.34187
1340.2,0.34195
1340.5,0.3419
1340.9,0.34181
1341.2,0.34183
1341.6,0.34191
1341.9,0.34194
1342.3,0.34189
1342.6,0.34186
1342.9,0.34188
1343.3,0.34191
1343.7,0.3419
1344.0,0.34185
1344.3,0.34182
1344.7,0.34181
1345.0,0.34178
1345.4,0.34178
1345.7,0.34181
1346.1,0.34179
1346.4,0.34173
1346.8,0.34172
1347.1,0.3417
1347.5,0.34164
1347.8,0.34165
1348.2,0.34169
1348.5,0.34175
1348.9,0.34172
1349.2,0.34167
1349.6,0.3417
1349.9,0.3417
1350.3,0.34167
1350.7,0.34171
1351.0,0.34169
1351.4,0.34161
1351.7,0.34157
1352.1,0.34162
1352.4,0.3416
1352.8,0.34154
1353.1,0.34155
1353.5,0.34151
1353.8,0.3415
1354.2,0.34149
1354.5,0.34149
1354.9,0.3415
1355.2,0.34148
1355.6,0.34148
1355.9,0.3415
1356.3,0.34146
1356.7,0.34138
1357.0,0.34134
1357.4,0.34136
1357.7,0.3413
1358.1,0.34122
1358.4,0.34129
1358.8,0.34138
1359.2,0.34129
1359.5,0.3412
1359.9,0.34123
1360.2,0.34126
1360.6,0.34122
1360.9,0.34114
1361.3,0.34118
1361.7,0.34117
1362.0,0.34115
1362.4,0.34113
1362.7,0.34111
1363.1,0.34108
1363.4,0.34102
1363.8,0.34102
1364.2,0.341
1364.5,0.34089
1364.9,0.34084
1365.2,0.34082
1365.6,0.34079
1365.9,0.34076
1366.3,0.34062
1366.7,0.34052
1367.0,0.34055
1367.4,0.34056
1367.8,0.34049
1368.1,0.34044
1368.5,0.34028
1368.8,0.34018
1369.2,0.34012
1369.6,0.34004
1369.9,0.33997
1370.3,0.33993
1370.7,0.33988
1371.0,0.33979
1371.4,0.33968
1371.7,0.3395
1372.1,0.33936
1372.5,0.33928
1372.8,0.33916
1373.2,0.33902
1373.6,0.3388
1373.9,0.33862
1374.3,0.3385
1374.6,0.33829
1375.0,0.33804
1375.4,0.33779
1375.7,0.33753
1376.1,0.33725
1376.5,0.33686
1376.8,0.33629
1377.2,0.33561
1377.6,0.33492
1377.9,0.33409
1378.3,0.3332
1378.7,0.33244
1379.0,0.33208
1379.4,0.33228
1379.8,0.33291
1380.1,0.3337
1380.5,0.33446
1380.9,0.33527
1381.2,0.33593
1381.6,0.33636
1382.0,0.3367
1382.3,0.33689
1382.7,0.33707
1383.1,0.33721
1383.4,0.33722
1383.8,0.33729
1384.2,0.33736
1384.6,0.33731
1384.9,0.33722
1385.3,0.33722
1385.7,0.33716
1386.0,0.33702
1386.4,0.33688
1386.8,0.33681
1387.2,0.33669
1387.5,0.33652
1387.9,0.33634
1388.3,0.33621
1388.6,0.33595
1389.0,0.33565
1389.4,0.33536
1389.8,0.335
1390.1,0.33476
1390.5,0.33459
1390.9,0.33442
1391.2,0.33423
1391.6,0.33414
1392.0,0.33404
1392.4,0.33392
1392.7,0.3338
1393.1,0.3337
1393.5,0.33359
1393.9,0.33342
1394.2,0.33326
1394.6,0.33305
1395.0,0.33286
1395.4,0.33269
1395.7,0.33248
1396.1,0.33229
1396.5,0.33215
1396.9,0.33206
1397.2,0.33185
1397.6,0.33163
1398.0,0.33147
1398.4,0.33122
1398.8,0.33101
1399.1,0.33091
1399.5,0.33076
1399.9,0.33055
1400.3,0.33033
1400.6,0.33011
1401.0,0.32995
1401.4,0.32977
1401.8,0.32952
1402.2,0.32932
1402.5,0.32913
1402.9,0.3289
1403.3,0.32873
1403.7,0.32852
1404.1,0.32821
1404.4,0.32796
1404.8,0.32768
1405.2,0.32745
1405.6,0.32721
1406.0,0.32685
1406.3,0.32647
1406.7,0.32611
1407.1,0.32571
1407.5,0.32525
1407.9,0.32478
1408.3,0.32433
1408.6,0.32381
1409.0,0.32317
1409.4,0.32246
1409.8,0.3217
1410.2,0.32072
1410.6,0.31947
1410.9,0.31793
1411.3,0.31615
1411.7,0.31422
1412.1,0.31229
1412.5,0.31047
1412.8,0.30888
1413.2,0.30783
1413.6,0.30755
1414.0,0.30809
1414.4,0.30927
1414.8,0.31068
1415.2,0.31209
1415.6,0.31337
1415.9,0.31439
1416.3,0.31524
1416.7,0.31596
1417.1,0.31653
1417.5,0.31706
1417.9,0.3175
1418.3,0.31789
1418.7,0.3183
1419.0,0.31869
1419.4,0.31909
1419.8,0.31951
1420.2,0.31991
1420.6,0.32035
1421.0,0.32083
1421.4,0.32126
1421.8,0.32161
1422.2,0.3219
1422.5,0.32219
1422.9,0.3224
1423.3,0.32254
1423.7,0.32257
1424.1,0.32256
1424.5,0.32254
1424.9,0.32248
1425.3,0.32241
1425.7,0.32245
1426.1,0.32261
1426.5,0.3229
1426.8,0.32336
1427.2,0.32395
1427.6,0.32467
1428.0,0.3254
1428.4,0.32615
1428.8,0.32685
1429.2,0.32746
1429.6,0.32807
1430.0,0.32861
1430.4,0.32904
1430.8,0.32946
1431.2,0.32988
1431.6,0.33021
1432.0,0.33047
1432.4,0.33069
1432.8,0.33096
1433.2,0.33124
1433.6,0.33146
1433.9,0.33171
1434.3,0.33197
1434.8,0.33216
1435.1,0.33229
1435.5,0.3324
1435.9,0.33249
1436.3,0.33256
1436.7,0.33268
1437.1,0.33277
1437.5,0.3328
1437.9,0.33288
1438.3,0.33286
1438.7,0.33287
1439.1,0.33298
1439.5,0.33304
1439.9,0.33305
1440.3,0.33315
1440.7,0.33336
1441.1,0.33359
1441.5,0.33375
1441.9,0.33403
1442.3,0.33433
1442.7,0.33458
1443.1,0.33478
1443.5,0.33495
1443.9,0.33512
1444.3,0.3353
1444.7,0.33541
1445.1,0.3355
1445.6,0.33568
1445.9,0.33587
1446.3,0.33593
1446.8,0.33599
1447.2,0.33609
1447.6,0.3362
1448.0,0.33631
1448.4,0.33638
1448.8,0.33642
1449.2,0.33646
1449.6,0.33657
1450.0,0.33662
1450.4,0.33662
1450.8,0.33668
1451.2,0.33676
1451.6,0.33684
1452.0,0.33694
1452.4,0.33697
1452.8,0.33695
1453.2,0.33699
1453.7,0.33707
1454.1,0.33711
1454.5,0.33715
1454.9,0.33724
1455.3,0.3373
1455.7,0.33734
1456.1,0.33737
1456.5,0.33738
1456.9,0.33744
1457.3,0.33753
1457.7,0.33758
1458.2,0.33763
1458.6,0.33763
1459.0,0.33759
1459.4,0.33762
1459.8,0.33767
1460.2,0.33768
1460.6,0.33771
1461.0,0.33772
1461.4,0.33772
1461.8,0.33777
1462.3,0.33782
1462.7,0.33781
1463.1,0.33783
1463.5,0.33789
1463.9,0.33789
1464.3,0.33781
1464.7,0.33783
1465.2,0.33789
1465.6,0.33798
1466.0,0.338
1466.4,0.33799
1466.8,0.33801
1467.2,0.33807
1467.6,0.3381
1468.1,0.33808
1468.5,0.33806
1468.9,0.33812
1469.3,0.33818
1469.7,0.33815
1470.1,0.33816
1470.6,0.33825
1471.0,0.33823
1471.4,0.33822
1471.8,0.33828
1472.2,0.33836
1472.6,0.33843
1473.1,0.33851
1473.5,0.33853
1473.9,0.33852
1474.3,0.33862
1474.7,0.33872
1475.2,0.33874
1475.6,0.3388
1476.0,0.33886
1476.4,0.33893
1476.8,0.33902
1477.3,0.33907
1477.7,0.33915
1478.1,0.33925
1478.5,0.3393
1478.9,0.33934
1479.4,0.3394
1479.8,0.33948
1480.2,0.33957
1480.6,0.33968
1481.1,0.33973
1481.5,0.33983
1481.9,0.33993
1482.3,0.33996
1482.8,0.34
1483.2,0.34007
1483.6,0.34016
1484.0,0.34023
1484.4,0.34031
1484.9,0.34034
1485.3,0.34039
1485.7,0.34048
1486.2,0.34056
1486.6,0.34061
1487.0,0.34067
1487.4,0.34074
1487.9,0.34078
1488.3,0.34081
1488.7,0.34086
1489.1,0.34094
1489.6,0.34097
1490.0,0.34093
1490.4,0.34094
1490.8,0.34098
1491.3,0.34103
1491.7,0.34107
1492.1,0.34111
1492.6,0.34114
1493.0,0.34118
1493.4,0.34123
1493.9,0.34118
1494.3,0.34113
1494.7,0.3411
1495.2,0.34114
1495.6,0.34122
1496.0,0.34122
1496.4,0.34123
1496.9,0.34124
1497.3,0.34123
1497.7,0.34124
1498.2,0.34128
1498.6,0.34133
1499.0,0.3413
1499.5,0.34127
1499.9,0.3413
1500.3,0.34133
1500.8,0.34138
1501.2,0.34145
1501.7,0.34151
1502.1,0.34155
1502.5,0.34157
1502.9,0.34162
1503.4,0.34163
1503.8,0.34158
1504.3,0.34161
1504.7,0.34164
1505.1,0.34172
1505.6,0.34182
1506.0,0.34187
1506.4,0.34184
1506.9,0.34187
1507.3,0.34198
1507.8,0.34202
1508.2,0.34204
1508.6,0.34205
1509.1,0.34211
1509.5,0.34216
1510.0,0.34221
1510.4,0.34222
1510.8,0.34225
1511.3,0.34229
1511.7,0.34233
1512.2,0.34237
1512.6,0.3424
1513.0,0.34247
1513.5,0.34253
1513.9,0.34254
1514.4,0.34256
1514.8,0.34256
1515.3,0.34255
1515.7,0.34258
1516.1,0.34263
1516.6,0.34265
1517.0,0.34268
1517.5,0.34276
1517.9,0.34281
1518.4,0.34284
1518.8,0.34288
1519.3,0.34287
1519.7,0.34291
1520.1,0.34294
1520.6,0.34294
1521.0,0.34298
1521.5,0.34305
1521.9,0.34306
1522.4,0.34305
1522.8,0.34311
1523.3,0.34314
1523.7,0.34313
1524.2,0.34317
1524.6,0.34317
1525.1,0.3432
1525.5,0.34325
1525.9,0.34329
1526.4,0.34333
1526.8,0.34334
1527.3,0.34333
1527.8,0.3433
1528.2,0.34331
1528.7,0.3434
1529.1,0.34345
1529.6,0.34345
1530.0,0.34342
1530.5,0.34337
1530.9,0.34341
1531.4,0.34346
1531.8,0.34348
1532.3,0.34351
1532.7,0.34354
1533.2,0.34353
1533.6,0.34355
1534.1,0.34362
1534.5,0.34361
1535.0,0.34358
1535.4,0.3436
1535.9,0.34365
1536.3,0.34366
1536.8,0.3437
1537.3,0.34372
1537.7,0.34372
1538.2,0.34372
1538.6,0.34373
1539.1,0.34377
1539.6,0.34381
1540.0,0.34381
1540.5,0.3438
1540.9,0.34379
1541.4,0.34381
1541.8,0.34386
1542.3,0.34392
1542.8,0.34388
1543.2,0.34386
1543.7,0.3439
1544.1,0.34393
1544.6,0.34395
1545.1,0.34398
1545.5,0.34402
1546.0,0.34402
1546.4,0.344
1546.9,0.34404
1547.4,0.34402
1547.8,0.344
1548.3,0.34402
1548.8,0.34407
1549.2,0.3441
1549.7,0.34411
1550.1,0.34412
1550.6,0.34414
1551.1,0.34412
1551.5,0.34414
1552.0,0.34418
1552.4,0.34419
1552.9,0.34419
1553.4,0.3442
1553.8,0.34425
1554.3,0.34427
1554.8,0.34427
1555.3,0.34427
1555.7,0.34425
1556.2,0.34422
1556.7,0.34427
1557.1,0.34433
1557.6,0.34435
1558.1,0.34436
1558.5,0.34436
1559.0,0.34439
1559.5,0.34441
1559.9,0.34438
1560.4,0.34435
1560.9,0.34436
1561.3,0.3444
1561.8,0.34441
1562.3,0.34444
1562.8,0.34448
1563.2,0.34452
1563.7,0.34453
1564.2,0.34452
1564.6,0.34456
1565.1,0.34461
1565.6,0.34466
1566.1,0.34466
1566.5,0.3446
1567.0,0.34459
1567.5,0.34464
1567.9,0.34465
1568.4,0.34464
1568.9,0.34467
1569.4,0.34465
1569.8,0.34463
1570.3,0.34467
1570.8,0.34474
1571.3,0.34476
1571.8,0.34475
1572.2,0.34477
1572.7,0.34477
1573.2,0.34477
1573.7,0.34478
1574.1,0.34481
1574.6,0.34477
1575.1,0.34476
1575.6,0.34479
1576.1,0.34478
1576.5,0.34477
1577.0,0.34481
1577.5,0.34485
1578.0,0.34488
1578.4,0.34485
1578.9,0.34485
1579.4,0.34492
1579.9,0.34495
1580.4,0.34495
1580.9,0.34498
1581.3,0.34501
1581.8,0.34501
1582.3,0.34497
1582.8,0.34495
1583.3,0.34501
1583.8,0.34504
1584.2,0.34506
1584.7,0.34506
1585.2,0.34507
1585.7,0.34514
1586.2,0.34517
1586.7,0.34514
1587.2,0.3451
1587.6,0.3451
1588.1,0.34509
1588.6,0.34509
1589.1,0.34512
1589.6,0.34513
1590.1,0.34513
1590.6,0.34515
1591.0,0.34516
1591.5,0.34524
1592.0,0.34524
1592.5,0.34516
1593.0,0.34516
1593.5,0.34522
1594.0,0.34526
1594.5,0.3453
1595.0,0.34533
1595.4,0.3453
1595.9,0.34529
1596.4,0.34532
1596.9,0.34534
1597.4,0.34532
1597.9,0.34534
1598.4,0.34536
1598.9,0.34535
1599.4,0.34533
1599.9,0.34533
1600.4,0.34539
1600.9,0.34541
1601.4,0.34539
1601.9,0.34538
1602.3,0.34544
1602.8,0.34551
1603.3,0.34552
1603.8,0.3455
1604.3,0.34549
1604.8,0.34548
1605.3,0.3455
1605.8,0.34554
1606.3,0.34557
1606.8,0.34558
1607.3,0.34558
1607.8,0.34558
1608.3,0.3456
1608.8,0.34562
1609.3,0.34563
1609.8,0.3456
1610.3,0.34558
1610.8,0.3456
1611.3,0.34567
1611.8,0.34568
1612.3,0.3457
1612.8,0.34572
1613.3,0.3457
1613.8,0.3457
1614.3,0.34571
1614.8,0.34572
1615.3,0.34575
1615.8,0.34579
1616.3,0.34579
1616.8,0.34582
1617.3,0.34586
1617.8,0.34585
1618.4,0.34584
1618.9,0.34585
1619.4,0.34579
1619.9,0.3458
1620.4,0.34584
1620.9,0.34587
1621.4,0.34591
1621.9,0.34592
1622.4,0.34592
1622.9,0.34589
1623.4,0.34591
1623.9,0.34599
1624.4,0.34598
1624.9,0.34593
1625.5,0.34594
1626.0,0.34596
1626.5,0.34603
1627.0,0.34605
1627.5,0.34599
1628.0,0.34598
1628.5,0.34602
1629.0,0.34598
1629.6,0.34599
1630.1,0.34603
1630.6,0.34604
1631.1,0.34601
1631.6,0.34606
1632.1,0.34611
1632.6,0.3461
1633.1,0.34612
1633.7,0.34617
1634.2,0.34614
1634.7,0.34616
1635.2,0.3462
1635.7,0.34618
1636.2,0.34616
1636.8,0.34616
1637.3,0.34618
1637.8,0.3462
1638.3,0.3462
1638.8,0.34618
1639.3,0.34619
1639.9,0.34624
1640.4,0.34628
1640.9,0.3463
1641.4,0.34627
1641.9,0.34625
1642.4,0.34626
1643.0,0.34637
1643.5,0.34635
1644.0,0.34626
1644.5,0.34628
1645.1,0.34635
1645.6,0.34639
1646.1,0.34642
1646.6,0.34638
1647.2,0.34636
1647.7,0.34638
1648.2,0.34638
1648.7,0.34642
1649.2,0.34645
1649.8,0.34645
1650.3,0.34647
1650.8,0.3465
1651.3,0.34651
1651.9,0.34648
1652.4,0.34644
1652.9,0.34646
1653.4,0.34649
1654.0,0.34649
1654.5,0.34652
1655.0,0.34657
1655.6,0.34659
1656.1,0.34653
1656.6,0.34653
1657.2,0.34655
1657.7,0.34656
1658.2,0.34661
1658.7,0.34665
1659.3,0.34666
1659.8,0.34666
1660.3,0.34668
1660.9,0.34669
1661.4,0.34666
1661.9,0.34668
1662.5,0.34671
1663.0,0.34673
1663.5,0.34672
1664.1,0.34674
1664.6,0.34678
1665.1,0.34677
1665.7,0.34675
1666.2,0.34675
1666.7,0.3468
1667.3,0.34679
1667.8,0.34677
1668.3,0.34679
1668.9,0.34677
1669.4,0.3468
1670.0,0.34686
1670.5,0.34689
1671.0,0.34689
1671.6,0.34685
1672.1,0.34684
1672.7,0.34686
1673.2,0.34686
1673.7,0.3469
1674.3,0.34693
1674.8,0.34695
1675.4,0.34695
1675.9,0.34696
1676.4,0.34693
1677.0,0.3469
1677.5,0.34688
1678.1,0.3469
1678.6,0.34695
1679.2,0.34697
1679.7,0.34698
1680.2,0.34701
1680.8,0.347
1681.3,0.34699
1681.9,0.347
1682.4,0.34702
1683.0,0.34696
1683.5,0.34694
1684.1,0.34701
1684.6,0.34708
1685.2,0.34705
1685.7,0.34703
1686.3,0.34704
1686.8,0.34707
1687.3,0.34708
1687.9,0.34706
1688.4,0.34705
1689.0,0.34705
1689.6,0.34712
1690.1,0.34718
1690.7,0.34715
1691.2,0.34714
1691.8,0.34718
1692.3,0.34721
1692.9,0.34723
1693.4,0.34721
1694.0,0.34717
1694.5,0.3472
1695.1,0.34724
1695.6,0.34724
1696.2,0.34722
1696.7,0.3472
1697.3,0.34718
1697.8,0.3472
1698.4,0.34725
1699.0,0.34726
1699.5,0.34726
1700.1,0.34728
1700.6,0.3473
1701.2,0.3473
1701.8,0.34726
1702.3,0.34727
1702.9,0.3473
1703.4,0.34729
1704.0,0.3473
1704.6,0.34732
1705.1,0.34732
1705.7,0.34733
1706.2,0.34737
1706.8,0.34736
1707.4,0.34737
1707.9,0.34739
1708.5,0.34736
1709.0,0.34736
1709.6,0.34741
1710.2,0.34743
1710.7,0.34739
1711.3,0.34736
1711.9,0.34738
1712.4,0.3474
1713.0,0.34742
1713.6,0.34744
1714.1,0.34742
1714.7,0.34745
1715.3,0.34747
1715.8,0.34747
1716.4,0.34745
1717.0,0.34742
1717.5,0.34742
1718.1,0.34743
1718.7,0.34743
1719.2,0.34747
1719.8,0.34749
1720.4,0.34749
1721.0,0.34745
1721.5,0.34741
1722.1,0.34745
1722.7,0.34747
1723.2,0.34744
1723.8,0.34742
1724.4,0.34745
1725.0,0.34747
1725.5,0.34747
1726.1,0.34746
1726.7,0.34741
1727.3,0.34744
1727.8,0.34749
1728.4,0.34748
1729.0,0.34751
1729.6,0.34754
1730.1,0.34753
1730.7,0.34755
1731.3,0.34755
1731.9,0.34751
1732.5,0.34747
1733.0,0.34749
1733.6,0.3475
1734.2,0.34749
1734.8,0.34754
1735.4,0.34759
1735.9,0.34756
1736.5,0.34753
1737.1,0.34752
1737.7,0.34753
1738.3,0.34754
1738.8,0.34754
1739.4,0.3475
1740.0,0.34751
1740.6,0.34754
1741.2,0.34755
1741.8,0.34756
1742.3,0.34758
1742.9,0.34758
1743.5,0.34757
1744.1,0.34756
1744.7,0.34761
1745.3,0.3476
1745.9,0.34758
1746.5,0.34754
1747.1,0.34754
1747.6,0.3476
1748.2,0.34756
1748.8,0.34751
1749.4,0.34754
1750.0,0.34753
1750.6,0.34753
1751.2,0.34752
1751.8,0.34753
1752.4,0.34755
1753.0,0.34758
1753.6,0.34756
1754.1,0.34751
1754.7,0.34752
1755.3,0.34753
1755.9,0.34749
1756.5,0.34751
1757.1,0.34752
1757.7,0.34752
1758.3,0.34754
1758.9,0.34754
1759.5,0.34753
1760.1,0.34748
1760.7,0.34743
1761.3,0.34749
1761.9,0.34751
1762.5,0.34751
1763.1,0.34753
1763.7,0.34754
1764.3,0.34755
1764.9,0.34755
1765.5,0.34755
1766.1,0.34756
1766.7,0.34757
1767.3,0.34756
1767.9,0.34756
1768.5,0.34756
1769.1,0.3476
1769.7,0.34761
1770.3,0.3476
1770.9,0.34761
1771.5,0.34762
1772.1,0.3476
1772.7,0.3476
1773.3,0.34762
1773.9,0.34758
1774.6,0.34757
1775.2,0.34762
1775.8,0.34764
1776.4,0.34761
1777.0,0.34762
1777.6,0.34764
1778.2,0.34763
1778.8,0.34761
1779.4,0.34758
1780.0,0.34764
1780.7,0.34769
1781.3,0.34765
1781.9,0.34762
1782.5,0.34761
1783.1,0.34761
1783.7,0.34761
1784.3,0.34764
1784.9,0.34768
1785.6,0.34767
1786.2,0.34762
1786.8,0.34764
1787.4,0.34771
1788.0,0.34773
1788.6,0.34772
1789.3,0.3477
1789.9,0.34772
1790.5,0.3477
1791.1,0.34771
1791.7,0.34775
1792.3,0.34776
1793.0,0.34778
1793.6,0.34782
1794.2,0.34783
1794.8,0.34782
1795.4,0.34782
1796.1,0.34784
1796.7,0.34786
1797.3,0.34783
1797.9,0.34783
1798.6,0.34782
1799.2,0.34782
1799.8,0.34786
1800.4,0.3479
1801.1,0.34791
1801.7,0.34791
1802.3,0.3479
1802.9,0.34796
1803.6,0.34799
1804.2,0.34794
1804.8,0.34794
1805.4,0.34796
1806.1,0.34795
1806.7,0.34797
1807.3,0.34796
1808.0,0.34795
1808.6,0.348
1809.2,0.34797
1809.9,0.34795
1810.5,0.34801
1811.1,0.34802
1811.8,0.34804
1812.4,0.34802
1813.0,0.34802
1813.7,0.34808
1814.3,0.34808
1814.9,0.34805
1815.6,0.34806
1816.2,0.34808
1816.8,0.34811
1817.5,0.34813
1818.1,0.34812
1818.8,0.34812
1819.4,0.34817
1820.0,0.3482
1820.7,0.3482
1821.3,0.34822
1821.9,0.3482
1822.6,0.34817
1823.2,0.34817
1823.9,0.34822
1824.5,0.34826
1825.2,0.34825
1825.8,0.34822
1826.4,0.34821
1827.1,0.34825
1827.7,0.34826
1828.4,0.34824
1829.0,0.34826
1829.7,0.34822
1830.3,0.34818
1831.0,0.34823
1831.6,0.34828
1832.3,0.34828
1832.9,0.34827
1833.6,0.34831
1834.2,0.34828
1834.8,0.34826
1835.5,0.34824
1836.1,0.34821
1836.8,0.34822
1837.4,0.34823
1838.1,0.34819
1838.8,0.34819
1839.4,0.34817
1840.1,0.34814
1840.7,0.34816
1841.4,0.34816
1842.0,0.34813
1842.7,0.34818
1843.3,0.34817
1844.0,0.34808
1844.6,0.34801
1845.3,0.34799
1845.9,0.34797
1846.6,0.34793
1847.3,0.34791
1847.9,0.34793
1848.6,0.3479
1849.2,0.34785
1849.9,0.34781
1850.6,0.34779
1851.2,0.34779
1851.9,0.34778
1852.6,0.34776
1853.2,0.34773
1853.9,0.34769
1854.5,0.34773
1855.2,0.34772
1855.9,0.34767
1856.5,0.34765
1857.2,0.34766
1857.9,0.34767
1858.5,0.34767
1859.2,0.34763
1859.9,0.34759
1860.5,0.34756
1861.2,0.34747
1861.9,0.34743
1862.5,0.34742
1863.2,0.34731
1863.9,0.34723
1864.5,0.34713
1865.2,0.34702
1865.9,0.34694
1866.6,0.3468
1867.2,0.34664
1867.9,0.34651
1868.6,0.34638
1869.2,0.3462
1869.9,0.34599
1870.6,0.34578
1871.3,0.34559
1871.9,0.34544
1872.6,0.34515
1873.3,0.34489
1874.0,0.34466
1874.7,0.34435
1875.3,0.34403
1876.0,0.34372
1876.7,0.34338
1877.4,0.3431
1878.0,0.34282
1878.7,0.34245
1879.4,0.34208
1880.1,0.34172
1880.8,0.34133
1881.4,0.34089
1882.1,0.34043
1882.8,0.33998
1883.5,0.33941
1884.2,0.33885
1884.9,0.33831
1885.6,0.33763
1886.2,0.33687
1886.9,0.3362
1887.6,0.33549
1888.3,0.33467
1889.0,0.3338
1889.7,0.33289
1890.4,0.33191
1891.1,0.3309
1891.8,0.3298
1892.4,0.3287
1893.1,0.32754
1893.8,0.32631
1894.5,0.32499
1895.2,0.32361
1895.9,0.32221
1896.6,0.32076
1897.3,0.31925
1898.0,0.3177
1898.7,0.31603
1899.4,0.31429
1900.1,0.31256
1900.8,0.31075
1901.5,0.3088
1902.2,0.30675
1902.9,0.3046
1903.6,0.30243
1904.3,0.30019
1905.0,0.29782
1905.7,0.29546
1906.4,0.29315
1907.1,0.29079
1907.8,0.28848
1908.5,0.28623
1909.2,0.28405
1909.9,0.28199
1910.6,0.2801
1911.3,0.27843
1912.0,0.277
1912.7,0.27586
1913.4,0.27498
1914.1,0.27444
1914.8,0.27424
1915.5,0.27432
1916.2,0.27474
1916.9,0.27552
1917.6,0.27662
1918.3,0.27799
1919.1,0.27957
1919.8,0.28135
1920.5,0.28332
1921.2,0.28547
1921.9,0.28763
1922.6,0.28979
1923.3,0.29206
1924.0,0.29429
1924.8,0.29648
1925.5,0.29861
1926.2,0.30066
1926.9,0.30261
1927.6,0.30447
1928.3,0.30628
1929.1,0.30799
1929.8,0.30963
1930.5,0.31118
1931.2,0.3126
1931.9,0.31395
1932.7,0.31524
1933.4,0.31644
1934.1,0.31754
1934.8,0.31863
1935.5,0.31962
1936.3,0.3205
1937.0,0.32129
1937.7,0.32204
1938.4,0.32272
1939.2,0.32331
1939.9,0.32383
1940.6,0.32429
1941.3,0.32462
1942.1,0.32488
1942.8,0.32504
1943.5,0.32513
1944.2,0.32517
1945.0,0.32506
1945.7,0.32488
1946.4,0.32465
1947.2,0.32433
1947.9,0.32395
1948.6,0.3235
1949.4,0.32307
1950.1,0.32262
1950.8,0.32217
1951.6,0.32174
1952.3,0.32138
1953.0,0.32119
1953.8,0.32106
1954.5,0.32099
1955.2,0.32111
1956.0,0.32139
1956.7,0.32182
1957.5,0.32238
1958.2,0.32311
1958.9,0.32391
1959.7,0.32476
1960.4,0.32569
1961.2,0.32666
1961.9,0.32768
1962.6,0.32871
1963.4,0.32972
1964.1,0.33073
1964.9,0.33169
1965.6,0.3326
1966.4,0.33342
1967.1,0.33421
1967.9,0.33501
1968.6,0.33573
1969.3,0.33636
1970.1,0.33697
1970.8,0.33752
1971.6,0.33803
1972.3,0.33849
1973.1,0.33888
1973.8,0.33924
1974.6,0.33967
1975.3,0.3401
1976.1,0.34041
1976.9,0.3407
1977.6,0.34099
1978.4,0.34127
1979.1,0.3415
1979.9,0.34176
1980.6,0.34208
1981.4,0.3423
1982.2,0.34249
1982.9,0.34269
1983.7,0.34289
1984.4,0.34307
1985.2,0.34327
1985.9,0.34345
1986.7,0.34361
1987.5,0.34378
1988.2,0.34397
1989.0,0.34411
1989.8,0.34428
1990.5,0.34445
1991.3,0.34457
1992.1,0.34468
1992.8,0.34477
1993.6,0.34489
1994.3,0.34504
1995.1,0.34515
1995.9,0.34522
1996.7,0.34535
1997.4,0.34554
1998.2,0.34572
1999.0,0.34585
1999.7,0.34591
2000.5,0.34601
2001.3,0.34617
2002.1,0.34633
2002.8,0.34646
2003.6,0.34657
2004.4,0.34673
2005.2,0.34685
2005.9,0.34696
2006.7,0.34711
2007.5,0.34726
2008.3,0.3474
2009.0,0.34752
2009.8,0.34762
2010.6,0.34773
2011.4,0.34782
2012.2,0.3479
2012.9,0.348
2013.7,0.34811
2014.5,0.34822
2015.3,0.34832
2016.1,0.3484
2016.8,0.34848
2017.6,0.34858
2018.4,0.34863
2019.2,0.34866
2020.0,0.34873
2020.8,0.34883
2021.6,0.34896
2022.3,0.34905
2023.1,0.34911
2023.9,0.3492
2024.7,0.34927
2025.5,0.34937
2026.3,0.34945
2027.1,0.34951
2027.9,0.34954
2028.7,0.34958
2029.5,0.34966
2030.3,0.34975
2031.1,0.34981
2031.9,0.34986
2032.7,0.34991
2033.5,0.34996
2034.3,0.35003
2035.1,0.35006
2035.8,0.35012
2036.7,0.3502
2037.4,0.35024
2038.3,0.35029
2039.1,0.35035
2039.9,0.35035
2040.7,0.35033
2041.5,0.35038
2042.3,0.35045
2043.1,0.35052
2043.9,0.35049
2044.7,0.35051
2045.5,0.35059
2046.3,0.35062
2047.1,0.35062
2047.9,0.35064
2048.7,0.35066
2049.5,0.35066
2050.4,0.3507
2051.2,0.35076
2052.0,0.35076
2052.8,0.3508
2053.6,0.35083
2054.4,0.35082
2055.2,0.35082
2056.0,0.35084
2056.9,0.35083
2057.7,0.35081
2058.5,0.35084
2059.3,0.3509
2060.1,0.35089
2060.9,0.35087
2061.8,0.35084
2062.6,0.35085
2063.4,0.35085
2064.2,0.35083
2065.0,0.35083
2065.9,0.35087
2066.7,0.35085
2067.5,0.35084
2068.3,0.35079
2069.2,0.35074
2070.0,0.35073
2070.8,0.35071
2071.6,0.35066
2072.5,0.3506
2073.3,0.3506
2074.1,0.35063
2075.0,0.35059
2075.8,0.3505
2076.6,0.35049
2077.5,0.35046
2078.3,0.35043
2079.1,0.3504
2080.0,0.35037
2080.8,0.3503
2081.6,0.35027
2082.5,0.35028
2083.3,0.35022
2084.1,0.35017
2085.0,0.35014
2085.8,0.35014
2086.6,0.35009
2087.5,0.35005
2088.3,0.35005
2089.2,0.35006
2090.0,0.35005
2090.9,0.34997
2091.7,0.34992
2092.6,0.34992
2093.4,0.34991
2094.2,0.34988
2095.1,0.34984
2095.9,0.34988
2096.8,0.34988
2097.6,0.34983
2098.5,0.3498
2099.3,0.34979
2100.2,0.34974
2101.0,0.34971
2101.9,0.34968
2102.7,0.34962
2103.6,0.34953
2104.4,0.34948
2105.3,0.34944
2106.1,0.34941
2107.0,0.34933
2107.9,0.34928
2108.7,0.34925
2109.6,0.34921
2110.4,0.3492
2111.3,0.34917
2112.1,0.34916
2113.0,0.3492
2113.9,0.34917
2114.7,0.34914
2115.6,0.34912
2116.5,0.34911
2117.3,0.34911
2118.2,0.34906
2119.1,0.34902
2119.9,0.34899
2120.8,0.34896
2121.7,0.34895
2122.5,0.34891
2123.4,0.34885
2124.3,0.34881
2125.1,0.34881
2126.0,0.34879
2126.9,0.34876
2127.8,0.34872
2128.6,0.34869
2129.5,0.34867
2130.4,0.34867
2131.3,0.34865
2132.1,0.34863
2133.0,0.34859
2133.9,0.34855
2134.8,0.3485
2135.6,0.34849
2136.5,0.34846
2137.4,0.34842
2138.3,0.34838
2139.2,0.34833
2140.1,0.34827
2140.9,0.34822
2141.8,0.34823
2142.7,0.34826
2143.6,0.34819
2144.5,0.34812
2145.4,0.34806
2146.3,0.34798
2147.1,0.34785
2148.0,0.34775
2148.9,0.34767
2149.8,0.34756
2150.7,0.34744
2151.6,0.34733
2152.5,0.34722
2153.4,0.34715
2154.3,0.34704
2155.2,0.34694
2156.1,0.34687
2157.0,0.34678
2157.9,0.34668
2158.8,0.34659
2159.7,0.34644
2160.6,0.3463
2161.5,0.34618
2162.4,0.34607
2163.3,0.3459
2164.2,0.34571
2165.1,0.34551
2166.0,0.34531
2166.9,0.34511
2167.8,0.3449
2168.7,0.34463
2169.6,0.34439
2170.5,0.34414
2171.4,0.34389
2172.3,0.3436
2173.2,0.34327
2174.1,0.34288
2175.1,0.34248
2176.0,0.34206
2176.9,0.34164
2177.8,0.34108
2178.7,0.34047
2179.6,0.33981
2180.6,0.33911
2181.5,0.33836
2182.4,0.33755
2183.3,0.33676
2184.2,0.33602
2185.1,0.33539
2186.1,0.33501
2187.0,0.3348
2187.9,0.33466
2188.8,0.33459
2189.8,0.33459
2190.7,0.33456
2191.6,0.33443
2192.5,0.33423
2193.5,0.33401
2194.4,0.33369
2195.3,0.33329
2196.3,0.3328
2197.2,0.33226
2198.1,0.33162
2199.1,0.33083
2200.0,0.33002
2200.9,0.32921
2201.9,0.32831
2202.8,0.32739
2203.7,0.32649
2204.7,0.32568
2205.6,0.32496
2206.5,0.32428
2207.5,0.3235
2208.4,0.32254
2209.4,0.32132
2210.3,0.3199
2211.2,0.31825
2212.2,0.31648
2213.1,0.31474
2214.1,0.31322
2215.0,0.31223
2216.0,0.3121
2216.9,0.31305
2217.9,0.31485
2218.8,0.31699
2219.8,0.31905
2220.7,0.32083
2221.7,0.32222
2222.6,0.32323
2223.6,0.32398
2224.5,0.32451
2225.5,0.32495
2226.4,0.32528
2227.4,0.32558
2228.4,0.32588
2229.3,0.3262
2230.3,0.32652
2231.2,0.32683
2232.2,0.3271
2233.1,0.32737
2234.1,0.3276
2235.1,0.32767
2236.0,0.32768
2237.0,0.32767
2238.0,0.32761
2238.9,0.32755
2239.9,0.32745
2240.9,0.3273
2241.8,0.32709
2242.8,0.32683
2243.8,0.32652
2244.8,0.32613
2245.7,0.32569
2246.7,0.32519
2247.7,0.32464
2248.6,0.32417
2249.6,0.32389
2250.6,0.32399
2251.6,0.32439
2252.6,0.32497
2253.5,0.32567
2254.5,0.32646
2255.5,0.32732
2256.5,0.32821
2257.5,0.32901
2258.4,0.32977
2259.4,0.33047
2260.4,0.33105
2261.4,0.33147
2262.4,0.33188
2263.4,0.33222
2264.4,0.33253
2265.4,0.3328
2266.3,0.3331
2267.3,0.33329
2268.3,0.3335
2269.3,0.33373
2270.3,0.33392
2271.3,0.33408
2272.3,0.33423
2273.3,0.33433
2274.3,0.33431
2275.3,0.3343
2276.3,0.33427
2277.3,0.33417
2278.3,0.33405
2279.3,0.33387
2280.3,0.33361
2281.3,0.33332
2282.3,0.33301
2283.3,0.33267
2284.3,0.33236
2285.3,0.33204
2286.3,0.33168
2287.3,0.3313
2288.3,0.33094
2289.4,0.33057
2290.4,0.33024
2291.4,0.32992
2292.4,0.32961
2293.4,0.32932
2294.4,0.32906
2295.4,0.32886
2296.4,0.32868
2297.5,0.32844
2298.5,0.32819
2299.5,0.32796
2300.5,0.32774
2301.6,0.32751
2302.6,0.32728
2303.6,0.32704
2304.6,0.3268
2305.6,0.32651
2306.7,0.32623
2307.7,0.32594
2308.7,0.32564
2309.8,0.32527
2310.8,0.32489
2311.8,0.32452
2312.8,0.32422
2313.9,0.32393
2314.9,0.32367
2315.9,0.32339
2317.0,0.32308
2318.0,0.32279
2319.1,0.32247
2320.1,0.32214
2321.1,0.3218
2322.2,0.32138
2323.2,0.32091
2324.3,0.32032
2325.3,0.31964
2326.3,0.31895
2327.4,0.31824
2328.4,0.31746
2329.5,0.31663
2330.5,0.31582
2331.6,0.31505
2332.6,0.31428
2333.7,0.31354
2334.7,0.31294
2335.8,0.31247
2336.8,0.31206
2337.9,0.31173
2338.9,0.31146
2340.0,0.31127
2341.0,0.31115
2342.1,0.31108
2343.1,0.31104
2344.2,0.31104
2345.3,0.31107
2346.3,0.31113
2347.4,0.31114
2348.5,0.31118
2349.5,0.31132
2350.6,0.31148
2351.7,0.31162
2352.7,0.31176
2353.8,0.3119
2354.9,0.31203
2355.9,0.31209
2357.0,0.31216
2358.1,0.31221
2359.1,0.31225
2360.2,0.31226
2361.3,0.31225
2362.4,0.31223
2363.4,0.3122
2364.5,0.31214
2365.6,0.31207
2366.7,0.31199
2367.8,0.31191
2368.9,0.31178
2369.9,0.31167
2371.0,0.31157
2372.1,0.31141
2373.2,0.31119
2374.3,0.31102
2375.4,0.31082
2376.4,0.31056
2377.5,0.31028
2378.6,0.31007
2379.7,0.30985
2380.8,0.3096
2381.9,0.30933
2383.0,0.30908
2384.1,0.3088
2385.2,0.30852
2386.3,0.30825
2387.4,0.30796
2388.5,0.3077
2389.6,0.30745
2390.7,0.30719
2391.8,0.30693
2392.9,0.30666
2394.0,0.30642
2395.1,0.30617
2396.2,0.30594
2397.3,0.30565
2398.4,0.30534
2399.5,0.30502
2400.6,0.30466
2401.8,0.30428
2402.9,0.30386
2404.0,0.30343
2405.1,0.30299
2406.2,0.30251
2407.3,0.30203
2408.5,0.30149
2409.6,0.30091
2410.7,0.30033
2411.8,0.29984
2412.9,0.29932
2414.1,0.29881
2415.2,0.29831
2416.3,0.29774
2417.4,0.29712
2418.6,0.29656
2419.7,0.29597
2420.8,0.29534
2422.0,0.29467
2423.1,0.29405
2424.2,0.29341
2425.4,0.29275
2426.5,0.29211
2427.6,0.29149
2428.8,0.29085
2429.9,0.29023
2431.1,0.28961
2432.2,0.28898
2433.3,0.28836
2434.5,0.2878
2435.6,0.28726
2436.8,0.28681
2437.9,0.28639
2439.1,0.28603
2440.2,0.28577
2441.4,0.28552
2442.5,0.28527
2443.6,0.28505
2444.8,0.28485
2445.9,0.28473
2447.1,0.2846
2448.3,0.28446
2449.4,0.2843
2450.6,0.28418
2451.7,0.28408
2452.9,0.28399
2454.1,0.28388
2455.2,0.28381
2456.4,0.28373
2457.6,0.28367
2458.7,0.28357
2459.9,0.28344
2461.1,0.28328
2462.2,0.28317
2463.4,0.283
2464.6,0.28283
2465.7,0.28269
2466.9,0.28256
2468.1,0.28233
2469.3,0.28214
2470.4,0.282
2471.6,0.28182
2472.8,0.28167
2474.0,0.28157
2475.1,0.28139
2476.3,0.28117
2477.5,0.281
2478.7,0.28082
2479.9,0.28062
2481.1,0.28051
2482.3,0.28039
2483.4,0.2803
2484.6,0.28014
2485.8,0.28004
2487.0,0.28001
2488.2,0.27997
2489.4,0.27988
2490.6,0.2798
2491.8,0.27975
2493.0,0.27975
2494.2,0.2797
2495.4,0.27964
2496.6,0.27959
2497.8,0.27957
2499.0,0.27949
2500.2,0.27947
2501.4,0.27947
2502.6,0.27946
2503.8,0.27942
2505.0,0.27941
2506.3,0.27942
2507.5,0.27944
2508.7,0.27942
2509.9,0.27939
2511.1,0.27934
2512.3,0.27935
2513.5,0.2793
2514.8,0.27924
2516.0,0.27917
2517.2,0.27909
2518.4,0.27895
2519.6,0.27879
2520.9,0.27865
2522.1,0.27849
2523.3,0.27825
2524.6,0.278
2525.8,0.27771
2527.0,0.2774
2528.2,0.27703
2529.5,0.27674
2530.7,0.27648
2531.9,0.27624
2533.2,0.27606
2534.4,0.27598
2535.7,0.27589
2536.9,0.27595
2538.1,0.27611
2539.4,0.27638
2540.6,0.27669
2541.9,0.27712
2543.1,0.27762
2544.4,0.2782
2545.6,0.27878
2546.9,0.27939
2548.1,0.28001
2549.4,0.28063
2550.6,0.28117
2551.9,0.28176
2553.1,0.28234
2554.4,0.28293
2555.6,0.28337
2556.9,0.28379
2558.2,0.28414
2559.4,0.28449
2560.7,0.28476
2562.0,0.28515
2563.2,0.28544
2564.5,0.28571
2565.8,0.28601
2567.0,0.28624
2568.3,0.28632
2569.6,0.28638
2570.9,0.28648
2572.1,0.28653
2573.4,0.28656
2574.7,0.28692
2576.0,0.28713
2577.3,0.28739
2578.5,0.28769
2579.8,0.28782
2581.1,0.28785
2582.4,0.28798
2583.7,0.28796
2585.0,0.28813
2586.2,0.28816
2587.5,0.28813
2588.8,0.28814
2590.1,0.28815
2591.4,0.28809
2592.7,0.2879
2594.0,0.28755
2595.3,0.28748
2596.6,0.28756
2597.9,0.28749
2599.2,0.28732
2600.5,0.28712
2601.8,0.28688
2603.1,0.28666
2604.4,0.28644
2605.7,0.28627
2607.1,0.28615
2608.4,0.28596
2609.7,0.28573
2611.0,0.28559
2612.3,0.28534
2613.6,0.28504
2614.9,0.28476
2616.3,0.28433
2617.6,0.28394
2618.9,0.2836
2620.2,0.28305
2621.6,0.28277
2622.9,0.28241
2624.2,0.28186
2625.5,0.28117
2626.9,0.28058
2628.2,0.28017
2629.5,0.27953
2630.9,0.27885
2632.2,0.27831
2633.5,0.27758
2634.9,0.27694
2636.2,0.27629
2637.6,0.27557
2638.9,0.27482
2640.2,0.27407
2641.6,0.27323
2642.9,0.27244
2644.3,0.27156
2645.6,0.2706
2647.0,0.26967
2648.3,0.2688
2649.7,0.26775
2651.0,0.26664
2652.4,0.26545
2653.8,0.26438
2655.1,0.26321
2656.5,0.26196
2657.8,0.26061
2659.2,0.25921
2660.6,0.25775
2661.9,0.25633
2663.3,0.25471
2664.7,0.25297
2666.0,0.2512
2667.4,0.24917
2668.8,0.24661
2670.1,0.24333
2671.5,0.23962
2672.9,0.23635
2674.3,0.23336
2675.6,0.23046
2677.0,0.22738
2678.4,0.22429
2679.8,0.22096
2681.2,0.21694
2682.6,0.21161
2684.0,0.20575
2685.4,0.20044
2686.8,0.1951
2688.1,0.18942
2689.5,0.18382
2690.9,0.17601
2692.3,0.16484
2693.7,0.1509
2695.1,0.13887
2696.5,0.13652
2697.9,0.14214
2699.3,0.14819
2700.7,0.15077
2702.1,0.14988
2703.6,0.1471
2705.0,0.14333
2706.4,0.13928
2707.8,0.13494
2709.2,0.13048
2710.6,0.12575
2712.0,0.12088
2713.5,0.11601
2714.9,0.11088
2716.3,0.10567
2717.7,0.1012
2719.1,0.09759
2720.6,0.09438
2722.0,0.09134
2723.4,0.08849
2724.9,0.08547
2726.3,0.08265
2727.7,0.07983
2729.2,0.07699
2730.6,0.07403
2732.0,0.07102
2733.5,0.06792
2734.9,0.06477
2736.4,0.06169
2737.8,0.05871
2739.3,0.05553
2740.7,0.05244
2742.2,0.04952
2743.6,0.04681
2745.1,0.04423
2746.5,0.04191
2748.0,0.03966
2749.4,0.03759
2750.9,0.03564
2752.3,0.03372
2753.8,0.03151
2755.3,0.02892
2756.7,0.02658
2758.2,0.02549
2759.7,0.02574
2761.1,0.02715
2762.6,0.02918
2764.1,0.03129
2765.6,0.03303
2767.0,0.0345
2768.5,0.03577
2770.0,0.03688
2771.5,0.03802
2772.9,0.03899
2774.4,0.03974
2775.9,0.04016
2777.4,0.04005
2778.9,0.03952
2780.4,0.03887
2781.9,0.03851
2783.4,0.03903
2784.9,0.04078
2786.4,0.04337
2787.9,0.04612
2789.4,0.04844
2790.9,0.05027
2792.4,0.05171
2793.9,0.05286
2795.4,0.05384
2796.9,0.05468
2798.4,0.05535
2799.9,0.05579
2801.4,0.05589
2802.9,0.05564
2804.4,0.05518
2806.0,0.05456
2807.5,0.05402
2809.0,0.054
2810.5,0.05465
2812.1,0.05571
2813.6,0.05667
2815.1,0.05718
2816.6,0.0573
2818.2,0.05712
2819.7,0.05661
2821.2,0.05587
2822.8,0.05503
2824.3,0.05413
2825.8,0.05314
2827.4,0.05208
2828.9,0.05102
2830.5,0.04992
2832.0,0.04883
2833.6,0.04779
2835.1,0.04682
2836.7,0.04595
2838.2,0.04512
2839.8,0.04436
2841.3,0.04371
2842.9,0.04313
2844.4,0.0426
2846.0,0.04217
2847.6,0.04181
2849.1,0.0416
2850.7,0.04158
2852.3,0.04163
2853.8,0.04182
2855.4,0.04212
2857.0,0.04261
2858.6,0.0433
2860.1,0.04408
2861.7,0.04506
2863.3,0.04625
2864.9,0.0475
2866.4,0.04889
2868.0,0.05041
2869.6,0.052
2871.2,0.05362
2872.8,0.05534
2874.4,0.05715
2876.0,0.05899
2877.6,0.06082
2879.2,0.06261
2880.8,0.06438
2882.4,0.06614
2884.0,0.06785
2885.6,0.06954
2887.2,0.07115
2888.8,0.07264
2890.4,0.07403
2892.0,0.07541
2893.6,0.07672
2895.3,0.07799
2896.9,0.0792
2898.5,0.08028
2900.1,0.08136
2901.7,0.08239
2903.4,0.08333
2905.0,0.08426
2906.6,0.0852
2908.3,0.0861
2909.9,0.08693
2911.5,0.08776
2913.1,0.08861
2914.8,0.08941
2916.4,0.09019
2918.1,0.09097
2919.7,0.0917
2921.4,0.09245
2923.0,0.09318
2924.7,0.09386
2926.3,0.09453
2928.0,0.0952
2929.6,0.09583
2931.3,0.09645
2932.9,0.09703
2934.6,0.09759
2936.3,0.09815
2937.9,0.0987
2939.6,0.0992
2941.2,0.09967
2942.9,0.10019
2944.6,0.10068
2946.3,0.10116
2947.9,0.10167
2949.6,0.10212
2951.3,0.10255
2953.0,0.10302
2954.6,0.10356
2956.3,0.10413
2958.0,0.10467
2959.7,0.10519
2961.4,0.10574
2963.1,0.10631
2964.8,0.10691
2966.5,0.10754
2968.2,0.10817
2969.9,0.1087
2971.6,0.10931
2973.3,0.10994
2975.0,0.11056
2976.7,0.11114
2978.4,0.11175
2980.1,0.11234
2981.8,0.11293
2983.6,0.11356
2985.3,0.11418
2987.0,0.11476
2988.7,0.11532
2990.4,0.11591
2992.2,0.1165
2993.9,0.11705
2995.6,0.11761
2997.4,0.11821
2999.1,0.11881
3000.8,0.11939
3002.6,0.11994
3004.3,0.12048
3006.0,0.12104
3007.8,0.12156
3009.5,0.12217
3011.3,0.1228
3013.0,0.12336
3014.8,0.12392
3016.5,0.12446
3018.3,0.12499
3020.0,0.12559
3021.8,0.12618
3023.6,0.12674
3025.3,0.12732
3027.1,0.12787
3028.9,0.12834
3030.6,0.12892
3032.4,0.12945
3034.2,0.1299
3036.0,0.13034
3037.7,0.13079
3039.5,0.13125
3041.3,0.13168
3043.1,0.13208
3044.9,0.13253
3046.7,0.13295
3048.4,0.13335
3050.2,0.13372
3052.0,0.13412
3053.8,0.13449
3055.6,0.13485
3057.4,0.13517
3059.2,0.1355
3061.1,0.13583
3062.9,0.13619
3064.7,0.13649
3066.5,0.13677
3068.3,0.13703
3070.1,0.13732
3071.9,0.13754
3073.8,0.13773
3075.6,0.1379
3077.4,0.13806
3079.2,0.13821
3081.1,0.13836
3082.9,0.13854
3084.7,0.13863
3086.6,0.13859
3088.4,0.13849
3090.2,0.13838
3092.1,0.13824
3093.9,0.13793
3095.8,0.13752
3097.6,0.13708
3099.5,0.13659
3101.3,0.13608
3103.2,0.13555
3105.0,0.13509
3106.9,0.13481
3108.8,0.13472
3110.6,0.13498
3112.5,0.13547
3114.4,0.13626
3116.2,0.13739
3118.1,0.13874
3120.0,0.1403
3121.9,0.14203
3123.7,0.14376
3125.6,0.14549
3127.5,0.14717
3129.4,0.14881
3131.3,0.15038
3133.2,0.15184
3135.1,0.15311
3137.0,0.1543
3138.9,0.15549
3140.8,0.15657
3142.7,0.15758
3144.6,0.15858
3146.5,0.15954
3148.4,0.16045
3150.3,0.16135
3152.2,0.16232
3154.1,0.16321
3156.1,0.1641
3158.0,0.16505
3159.9,0.16606
3161.8,0.16698
3163.8,0.16786
3165.7,0.16875
3167.6,0.16971
3169.6,0.17062
3171.5,0.17141
3173.4,0.17215
3175.4,0.17297
3177.3,0.17382
3179.3,0.17465
3181.2,0.17541
3183.2,0.17615
3185.1,0.1769
3187.1,0.17769
3189.1,0.1784
3191.0,0.1791
3193.0,0.17989
3194.9,0.18069
3196.9,0.18144
3198.9,0.18212
3200.9,0.18277
3202.9,0.18352
3204.8,0.1842
3206.8,0.18487
3208.8,0.18562
3210.8,0.18633
3212.8,0.18695
3214.8,0.1876
3216.8,0.18828
3218.8,0.18896
3220.8,0.18959
3222.8,0.19026
3224.8,0.19094
3226.8,0.19155
3228.8,0.19216
3230.8,0.19281
3232.8,0.19344
3234.8,0.19408
3236.8,0.19466
3238.9,0.19524
3240.9,0.19585
3242.9,0.19647
3244.9,0.19706
3247.0,0.19767
3249.0,0.19824
3251.0,0.19875
3253.1,0.1993
3255.1,0.19987
3257.2,0.20034
3259.2,0.20075
3261.3,0.20122
3263.3,0.2017
3265.4,0.20214
3267.4,0.2026
3269.5,0.20301
3271.6,0.20342
3273.6,0.20379
3275.7,0.20408
3277.8,0.2043
3279.8,0.20453
3281.9,0.20477
3284.0,0.20492
3286.1,0.20501
3288.1,0.20505
3290.2,0.20501
3292.3,0.2048
3294.4,0.20443
3296.5,0.20377
3298.6,0.20281
3300.7,0.20163
3302.8,0.20027
3304.9,0.19902
3307.0,0.19796
3309.1,0.19709
3311.2,0.19647
3313.4,0.19605
3315.5,0.19579
3317.6,0.19568
3319.7,0.19562
3321.9,0.19545
3324.0,0.195
3326.1,0.19416
3328.3,0.19296
3330.4,0.19133
3332.5,0.18902
3334.7,0.18568
3336.8,0.18108
3339.0,0.17486
3341.1,0.16708
3343.3,0.15864
3345.4,0.151
3347.6,0.14552
3349.8,0.14257
3351.9,0.14173
3354.1,0.1424
3356.3,0.14395
3358.4,0.146
3360.6,0.14816
3362.8,0.15017
3365.0,0.15182
3367.1,0.15303
3369.3,0.15383
3371.5,0.15429
3373.7,0.15461
3375.9,0.15485
3378.1,0.15513
3380.3,0.15554
3382.5,0.15606
3384.7,0.15669
3386.9,0.15725
3389.1,0.15779
3391.4,0.15843
3393.6,0.15894
3395.8,0.15931
3398.0,0.15951
3400.3,0.15965
3402.5,0.1598
3404.7,0.15995
3407.0,0.16008
3409.2,0.16031
3411.4,0.1606
3413.7,0.16091
3415.9,0.16125
3418.2,0.16166
3420.4,0.16217
3422.7,0.16277
3425.0,0.16329
3427.2,0.16381
3429.5,0.16425
3431.8,0.16443
3434.0,0.16455
3436.3,0.16456
3438.6,0.16438
3440.9,0.1641
3443.2,0.16375
3445.4,0.16333
3447.7,0.16285
3450.0,0.16236
3452.3,0.16181
3454.6,0.16117
3456.9,0.16021
3459.2,0.15881
3461.6,0.15663
3463.9,0.1532
3466.2,0.14828
3468.5,0.14238
3470.8,0.13664
3473.1,0.13209
3475.5,0.12916
3477.8,0.12797
3480.1,0.12833
3482.5,0.12984
3484.8,0.13191
3487.2,0.13428
3489.5,0.13697
3491.9,0.13991
3494.2,0.14291
3496.6,0.14593
3498.9,0.149
3501.3,0.15212
3503.6,0.15533
3506.0,0.15878
3508.4,0.1623
3510.8,0.16602
3513.1,0.17025
3515.5,0.17522
3517.9,0.18113
3520.3,0.18804
3522.7,0.19565
3525.1,0.20353
3527.5,0.21112
3529.9,0.21807
3532.3,0.22426
3534.7,0.22967
3537.1,0.23427
3539.5,0.2383
3541.9,0.24185
3544.4,0.24494
3546.8,0.24752
3549.2,0.24983
3551.6,0.25192
3554.1,0.25392
3556.5,0.25579
3559.0,0.25742
3561.4,0.25875
3563.9,0.25977
3566.3,0.26049
3568.8,0.26104
3571.2,0.26171
3573.7,0.26296
3576.1,0.26477
3578.6,0.26693
3581.1,0.26914
3583.6,0.27131
3586.0,0.27318
3588.5,0.27476
3591.0,0.2763
3593.5,0.27775
3596.0,0.27899
3598.5,0.28009
3601.0,0.28109
3603.5,0.28201
3606.0,0.28285
3608.5,0.28372
3611.0,0.28453
3613.5,0.28518
3616.0,0.28573
3618.6,0.28637
3621.1,0.28697
3623.6,0.28751
3626.1,0.28802
3628.7,0.28846
3631.2,0.28899
3633.8,0.28951
3636.3,0.28986
3638.9,0.29022
3641.4,0.29068
3644.0,0.29109
3646.6,0.2913
3649.1,0.29152
3651.7,0.29178
3654.3,0.29202
3656.8,0.29224
3659.4,0.29236
3662.0,0.29255
3664.6,0.29268
3667.2,0.29283
3669.8,0.293
3672.4,0.29316
3675.0,0.29341
3677.6,0.29367
3680.2,0.29397
3682.8,0.29414
3685.4,0.29428
3688.1,0.29447
3690.7,0.29468
3693.3,0.29488
3695.9,0.29508
3698.6,0.29524
3701.2,0.29538
3703.9,0.29553
3706.5,0.29566
3709.2,0.29576
3711.8,0.29582
3714.5,0.29587
3717.1,0.29587
3719.8,0.29586
3722.5,0.29576
3725.2,0.29563
3727.8,0.29546
3730.5,0.29521
3733.2,0.29482
3735.9,0.29429
3738.6,0.29361
3741.3,0.293
3744.0,0.29246
3746.7,0.29184
3749.4,0.29103
3752.1,0.29012
3754.8,0.28913
3757.6,0.28807
3760.3,0.28688
3763.0,0.28557
3765.7,0.28408
3768.5,0.2825
3771.2,0.28087
3774.0,0.27914
3776.7,0.27724
3779.5,0.27518
3782.2,0.27278
3785.0,0.26995
3787.7,0.26658
3790.5,0.26249
3793.3,0.25758
3796.1,0.25197
3798.8,0.24595
3801.6,0.23985
3804.4,0.23393
3807.2,0.22844
3810.0,0.2235
3812.8,0.21913
3815.6,0.21526
3818.4,0.21176
3821.2,0.20841
3824.1,0.20503
3826.9,0.20153
3829.7,0.19782
3832.5,0.1939
3835.4,0.1901
3838.2,0.18675
3841.1,0.18406
3843.9,0.18198
3846.8,0.18034
3849.6,0.17891
3852.5,0.17757
3855.3,0.17621
3858.2,0.17483
3861.1,0.17349
3863.9,0.17224
3866.8,0.17111
3869.7,0.1702
3872.6,0.16952
3875.5,0.16904
3878.4,0.16858
3881.3,0.168
3884.2,0.16731
3887.1,0.16661
3890.0,0.16597
3893.0,0.1654
3895.9,0.16478
3898.8,0.1641
3901.7,0.16325
3904.7,0.1622
3907.6,0.16097
3910.6,0.15958
3913.5,0.15807
3916.5,0.1565
3919.4,0.15482
3922.4,0.15297
3925.4,0.15097
3928.4,0.14912
3931.3,0.1478
3934.3,0.14672
3937.3,0.14437
3940.3,0.13944
3943.3,0.13261
3946.3,0.12565
3949.3,0.11913
3952.3,0.11295
3955.3,0.10729
3958.3,0.10253
3961.4,0.0987
3964.4,0.09564
3967.4,0.09334
3970.5,0.09175
3973.5,0.09071
3976.6,0.09008
3979.6,0.08994
3982.6,0.09058
3985.7,0.09241
3988.8,0.09562
3991.9,0.10008
3994.9,0.10564
3998.0,0.11219
4001.1,0.11966
4004.2,0.12789
4007.3,0.13672
4010.4,0.14586
4013.5,0.15473
4016.6,0.16268
4019.7,0.16972
4022.8,0.17648
4025.9,0.18365
4029.1,0.19112
4032.2,0.19859
4035.3,0.2062
4038.5,0.21421
4041.6,0.22243
4044.8,0.23038
4047.9,0.23757
4051.1,0.24378
4054.3,0.24899
4057.4,0.25335
4060.6,0.25694
4063.8,0.26005
4067.0,0.26287
4070.2,0.26558
4073.4,0.26818
4076.6,0.27066
4079.8,0.27292
4083.0,0.27501
4086.2,0.27689
4089.4,0.2786
4092.7,0.28011
4095.9,0.28156
4099.1,0.28288
4102.4,0.28411
4105.6,0.28525
4108.9,0.28634
4112.1,0.28738
4115.4,0.28841
4118.7,0.28938
4122.0,0.29032
4125.2,0.29118
4128.5,0.29202
4131.8,0.29281
4135.1,0.29354
4138.4,0.29418
4141.7,0.29482
4145.0,0.29541
4148.3,0.29593
4151.6,0.2964
4155.0,0.29685
4158.3,0.29726
4161.6,0.29766
4165.0,0.298
4168.3,0.29831
4171.7,0.29857
4175.0,0.29883
4178.4,0.29897
4181.8,0.2991
4185.2,0.29917
4188.5,0.29923
4191.9,0.29926
4195.3,0.29929
4198.7,0.29926
4202.1,0.29919
4205.5,0.29903
4208.9,0.2988
4212.4,0.29846
4215.8,0.2981
4219.2,0.29764
4222.6,0.29717
4226.1,0.29669
4229.5,0.29622
4233.0,0.29571
4236.5,0.29522
4239.9,0.29469
4243.4,0.29417
4246.9,0.29355
4250.3,0.29286
4253.8,0.29209
4257.3,0.2913
4260.8,0.29046
4264.3,0.28975
4267.8,0.28932
4271.3,0.2894
4274.9,0.2899
4278.4,0.29061
4281.9,0.29131
4285.5,0.29205
4289.0,0.29272
4292.6,0.29329
4296.1,0.29366
4299.7,0.29384
4303.3,0.29384
4306.8,0.29379
4310.4,0.29371
4314.0,0.29367
4317.6,0.29364
4321.2,0.29364
4324.8,0.29353
4328.4,0.29334
4332.0,0.29309
4335.6,0.29288
4339.3,0.29265
4342.9,0.29246
4346.5,0.29224
4350.2,0.29207
4353.8,0.2919
4357.5,0.29177
4361.1,0.29159
4364.8,0.29133
4368.5,0.29093
4372.2,0.29046
4375.9,0.28983
4379.6,0.28914
4383.3,0.28839
4387.0,0.28762
4390.7,0.2868
4394.4,0.28599
4398.1,0.28515
4401.9,0.28435
4405.6,0.28351
4409.4,0.28268
4413.1,0.28181
4416.9,0.28094
4420.6,0.28005
4424.4,0.27915
4428.2,0.2782
4432.0,0.27728
4435.8,0.27633
4439.6,0.27539
4443.4,0.2744
4447.2,0.27342
4451.0,0.27238
4454.8,0.27136
4458.6,0.27034
4462.5,0.26939
4466.3,0.26849
4470.2,0.26771
4474.0,0.26697
4477.9,0.26628
4481.8,0.26556
4485.6,0.26483
4489.5,0.26408
4493.4,0.26337
4497.3,0.26272
4501.2,0.26223
4505.1,0.26184
4509.0,0.26155
4513.0,0.26127
4516.9,0.26102
4520.8,0.26067
4524.8,0.26027
4528.7,0.25981
4532.7,0.25937
4536.7,0.25884
4540.6,0.2583
4544.6,0.25775
4548.6,0.25722
4552.6,0.25662
4556.6,0.25599
4560.6,0.2553
4564.6,0.2546
4568.6,0.25389
4572.7,0.25322
4576.7,0.25247
4580.8,0.25172
4584.8,0.25092
4588.9,0.25008
4592.9,0.24913
4597.0,0.24811
4601.1,0.24701
4605.2,0.24594
4609.3,0.24475
4613.4,0.24343
4617.5,0.24187
4621.6,0.24016
4625.7,0.23837
4629.8,0.23651
4634.0,0.23435
4638.1,0.23186
4642.3,0.22914
4646.4,0.22642
4650.6,0.22377
4654.8,0.22141
4659.0,0.21945
4663.1,0.21801
4667.3,0.21695
4671.5,0.21625
4675.8,0.21584
4680.0,0.21577
4684.2,0.21607
4688.4,0.21685
4692.7,0.21797
4696.9,0.21946
4701.2,0.22124
4705.5,0.22324
4709.7,0.22525
4714.0,0.22721
4718.3,0.22894
4722.6,0.23039
4726.9,0.2315
4731.2,0.2323
4735.5,0.23281
4739.9,0.2332
4744.2,0.23349
4748.5,0.23371
4752.9,0.23381
4757.3,0.23387
4761.6,0.23387
4766.0,0.23392
4770.4,0.23387
4774.8,0.23382
4779.2,0.23372
4783.6,0.23362
4788.0,0.23352
4792.4,0.23345
4796.9,0.23332
4801.3,0.23323
4805.8,0.23307
4810.2,0.23293
4814.7,0.23277
4819.1,0.23261
4823.6,0.23237
4828.1,0.2321
4832.6,0.23176
4837.1,0.23141
4841.6,0.23096
4846.2,0.23045
4850.7,0.2298
4855.3,0.22911
4859.8,0.22833
4864.4,0.22745
4868.9,0.2264
4873.5,0.22526
4878.1,0.22391
4882.7,0.2224
4887.3,0.22061
4891.9,0.2186
4896.5,0.21627
4901.1,0.21374
4905.8,0.21104
4910.4,0.20837
4915.1,0.20579
4919.7,0.20352
4924.4,0.20151
4929.1,0.1998
4933.8,0.19836
4938.5,0.19713
4943.2,0.1959
4947.9,0.19456
4952.6,0.19296
4957.4,0.19114
4962.1,0.18897
4966.9,0.18651
4971.6,0.18387
4976.4,0.18131
4981.2,0.17892
4986.0,0.17686
4990.8,0.17506
4995.6,0.17359
5000.4,0.17231
5005.2,0.17121
5010.0,0.17024
5014.9,0.16945
5019.8,0.16878
5024.6,0.16828
5029.5,0.16779
5034.4,0.16727
5039.3,0.16665
5044.2,0.16598
5049.1,0.16525
5054.0,0.16456
5058.9,0.16386
5063.9,0.16327
5068.8,0.16283
5073.8,0.16266
5078.8,0.1627
5083.7,0.16278
5088.7,0.1626
5093.7,0.1619
5098.7,0.16123
5103.7,0.16172
5108.8,0.16285
5113.8,0.16375
5118.9,0.16405
5123.9,0.16396
5129.0,0.16368
5134.1,0.16341
5139.1,0.16313
5144.3,0.1629
5149.4,0.16263
5154.5,0.16234
5159.6,0.16195
5164.7,0.16156
5169.9,0.16109
5175.0,0.16061
5180.2,0.16009
5185.4,0.15955
5190.6,0.15887
5195.8,0.15804
5201.0,0.157
5206.2,0.15576
5211.5,0.15422
5216.7,0.15239
5222.0,0.15024
5227.2,0.14789
5232.5,0.14532
5237.8,0.14265
5243.1,0.13993
5248.4,0.13729
5253.7,0.13474
5259.0,0.13236
5264.4,0.13006
5269.7,0.12792
5275.1,0.12588
5280.5,0.12397
5285.8,0.12221
5291.2,0.12066
5296.6,0.11926
5302.0,0.11802
5307.5,0.11686
5312.9,0.11582
5318.4,0.11483
5323.8,0.11394
5329.3,0.11308
5334.8,0.11227
5340.3,0.11154
5345.8,0.11097
5351.3,0.11063
5356.8,0.1106
5362.4,0.11086
5367.9,0.11149
5373.5,0.11244
5379.0,0.11374
5384.6,0.11528
5390.2,0.11703
5395.8,0.11879
5401.5,0.12045
5407.1,0.1218
5412.7,0.12282
5418.4,0.12337
5424.1,0.12359
5429.7,0.12337
5435.4,0.12272
5441.1,0.12163
5446.8,0.12021
5452.6,0.11841
5458.3,0.11627
5464.1,0.11376
5469.8,0.11097
5475.6,0.10806
5481.4,0.10518
5487.2,0.10241
5493.0,0.09987
5498.8,0.09746
5504.7,0.0951
5510.5,0.09261
5516.4,0.08988
5522.3,0.08669
5528.1,0.08272
5534.0,0.07745
5540.0,0.07015
5545.9,0.06079
5551.8,0.05107
5557.8,0.04437
5563.7,0.04194
5569.7,0.04178
5575.7,0.04236
5581.7,0.04624
5587.7,0.05451
5593.7,0.06414
5599.8,0.07231
5605.8,0.07876
5611.9,0.08372
5618.0,0.08747
5624.1,0.09013
5630.2,0.0921
5636.3,0.09362
5642.4,0.09486
5648.6,0.09572
5654.7,0.09607
5660.9,0.09604
5667.1,0.09586
5673.3,0.09558
5679.5,0.09503
5685.7,0.09441
5692.0,0.09387
5698.2,0.09326
5704.5,0.09254
5710.8,0.09174
5717.1,0.09084
5723.4,0.08989
5729.7,0.08887
5736.0,0.08782
5742.4,0.08677
5748.8,0.08579
5755.1,0.08491
5761.5,0.0842
5768.0,0.08368
5774.4,0.08322
5780.8,0.0828
5787.3,0.08246
5793.7,0.0821
5800.2,0.08174
5806.7,0.08137
5813.2,0.08101
5819.8,0.08067
5826.3,0.08035
5832.8,0.07993
5839.4,0.07944
5846.0,0.07887
5852.6,0.07826
5859.2,0.07752
5865.8,0.07673
5872.5,0.07589
5879.1,0.07501
5885.8,0.07401
5892.5,0.07298
5899.2,0.07184
5905.9,0.07061
5912.6,0.06935
5919.4,0.06807
5926.2,0.06682
5932.9,0.06567
5939.7,0.06451
5946.5,0.06337
5953.4,0.06227
5960.2,0.06126
5967.1,0.06025
5974.0,0.05921
5980.8,0.05806
5987.8,0.05687
5994.7,0.0556
6001.6,0.05433
6008.6,0.05301
6015.5,0.05172
6022.5,0.0504
6029.5,0.04902
6036.5,0.04758
6043.6,0.04613
6050.6,0.04445
6057.7,0.04266
6064.8,0.04088
6071.9,0.03884
6079.0,0.03648
6086.1,0.03395
6093.3,0.03107
6100.5,0.02788
6107.6,0.02449
6114.8,0.02088
6122.1,0.01761
6129.3,0.01542
6136.5,0.01432
6143.8,0.01421
6151.1,0.01452
6158.4,0.01481
6165.7,0.01507
6173.1,0.01567
6180.4,0.01701
6187.8,0.01944
6195.2,0.0225
6202.6,0.02588
6210.0,0.02953
6217.5,0.03315
6225.0,0.03667
6232.4,0.04001
6239.9,0.04319
6247.5,0.04625
6255.0,0.04911
6262.5,0.05173
6270.1,0.05411
6277.7,0.05613
6285.3,0.05772
6292.9,0.05909
6300.6,0.0608
6308.3,0.06293
6315.9,0.06531
6323.6,0.06768
6331.4,0.07023
6339.1,0.07317
6346.9,0.07642
6354.6,0.07897
6362.4,0.08083
6370.3,0.08248
6378.1,0.0839
6385.9,0.08505
6393.8,0.08615
6401.7,0.08709
6409.6,0.08796
6417.6,0.08888
6425.5,0.08938
6433.5,0.08937
6441.5,0.08876
6449.5,0.08738
6457.5,0.08539
6465.6,0.08325
6473.6,0.08122
6481.7,0.07933
6489.8,0.07763
6498.0,0.0761
6506.1,0.07472
6514.3,0.07358
6522.5,0.07257
6530.7,0.07165
6539.0,0.07085
6547.2,0.07025
6555.5,0.06977
6563.8,0.06936
6572.1,0.06889
6580.4,0.06835
6588.8,0.06765
6597.2,0.06684
6605.6,0.06583
6614.0,0.06476
6622.5,0.0636
6630.9,0.06243
6639.4,0.06119
6647.9,0.05995
6656.5,0.05872
6665.0,0.05749
6673.6,0.05629
6682.2,0.05515
6690.8,0.05405
6699.5,0.05309
6708.1,0.05226
6716.8,0.05153
6725.5,0.05089
6734.3,0.05031
6743.0,0.04979
6751.8,0.04938
6760.6,0.04902
6769.4,0.04873
6778.3,0.04849
6787.1,0.04828
6796.0,0.0481
6805.0,0.04792
6813.9,0.04776
6822.9,0.04766
6831.9,0.04758
6840.9,0.0475
6849.9,0.04742
6859.0,0.04743
6868.0,0.04751
6877.2,0.0476
6886.3,0.04757
6895.5,0.04749
6904.6,0.04743
6913.8,0.04736
6923.1,0.04728
6932.3,0.04725
6941.6,0.04728
6950.9,0.04735
6960.2,0.04746
6969.6,0.04756
6979.0,0.04765
6988.4,0.04778
6997.8,0.04786
7007.3,0.04791
7016.8,0.04793
7026.3,0.04794
7035.8,0.04793
7045.4,0.04791
7054.9,0.04779
7064.5,0.04756
7074.2,0.04719
7083.9,0.04665
7093.5,0.04575
7103.3,0.04431
7113.0,0.04236
7122.8,0.04015
7132.6,0.03828
7142.4,0.03713
7152.2,0.03647
7162.1,0.03592
7172.0,0.03521
7182.0,0.03449
7191.9,0.03387
7201.9,0.03348
7211.9,0.03333
7222.0,0.03339
7232.0,0.03359
7242.1,0.03393
7252.3,0.0343
7262.4,0.03478
7272.6,0.03538
7282.8,0.03616
7293.1,0.03715
7303.3,0.03836
7313.6,0.03972
7324.0,0.04116
7334.3,0.04264
7344.7,0.04416
7355.1,0.04566
7365.6,0.04711
7376.1,0.04845
7386.6,0.04968
7397.1,0.0508
7407.7,0.0518
7418.3,0.05278
7428.9,0.05379
7439.6,0.05484
7450.2,0.05591
7461.0,0.05696
7471.7,0.05801
7482.5,0.05895
7493.3,0.05977
7504.1,0.06049
7515.0,0.06114
7525.9,0.06172
7536.9,0.06223
7547.9,0.06267
7558.9,0.06303
7569.9,0.06343
7581.0,0.06392
7592.0,0.06448
7603.2,0.06516
7614.4,0.06605
7625.5,0.06714
7636.8,0.06837
7648.0,0.06962
7659.3,0.07088
7670.7,0.07205
7682.0,0.07312
7693.4,0.07405
7704.9,0.07487
7716.3,0.07557
7727.8,0.07612
7739.4,0.07644
7750.9,0.07652
7762.5,0.07643
7774.2,0.07621
7785.8,0.07589
7797.5,0.07566
7809.3,0.07572
7821.1,0.07611
7832.9,0.07657
7844.7,0.07691
7856.6,0.07708
7868.5,0.0771
7880.5,0.07701
7892.5,0.07701
7904.5,0.07723
7916.6,0.07767
7928.7,0.07825
7940.8,0.07889
7953.0,0.07942
7965.2,0.07972
7977.5,0.07974
7989.8,0.07955
8002.1,0.07914
8014.5,0.07862
8026.9,0.07796
8039.3,0.0773
8051.8,0.0767
8064.3,0.07622
8076.9,0.07593
8089.5,0.07585
8102.1,0.07577
8114.8,0.07553
8127.5,0.07509
8140.3,0.0745
8153.1,0.07371
8165.9,0.07276
8178.8,0.0716
8191.7,0.07023
8204.7,0.06862
8217.7,0.06686
8230.7,0.065
8243.8,0.06307
8257.0,0.06111
8270.1,0.05916
8283.3,0.05722
8296.6,0.05537
8309.9,0.05356
8323.2,0.05177
8336.6,0.05007
8350.0,0.04843
8363.5,0.04688
8377.0,0.04547
8390.5,0.04425
8404.2,0.04321
8417.8,0.04235
8431.5,0.04167
8445.2,0.04098
8459.0,0.04019
8472.8,0.03941
8486.7,0.03861
8500.6,0.03778
8514.5,0.03696
8528.5,0.03607
8542.6,0.03507
8556.7,0.03404
8570.8,0.03302
8585.0,0.03199
8599.3,0.03109
8613.5,0.03046
8627.9,0.03012
8642.3,0.03006
8656.7,0.02998
8671.2,0.02974
8685.7,0.02933
8700.3,0.02886
8714.9,0.02837
8729.5,0.02792
8744.3,0.02756
8759.0,0.02729
8773.9,0.02711
8788.7,0.02701
8803.7,0.027
8818.6,0.02709
8833.7,0.02722
8848.7,0.02736
8863.8,0.02742
8879.0,0.02743
8894.3,0.02739
8909.5,0.02731
8924.9,0.02723
8940.3,0.02718
8955.7,0.02708
8971.2,0.02699
8986.8,0.0269
9002.3,0.02681
9018.0,0.0267
9033.7,0.02662
9049.5,0.02656
9065.3,0.0265
9081.2,0.02649
9097.1,0.02659
9113.1,0.02674
9129.1,0.02698
9145.2,0.0273
9161.4,0.02767
9177.6,0.02798
9193.9,0.02823
9210.2,0.02852
9226.6,0.02888
9243.0,0.02926
9259.5,0.02961
9276.1,0.02988
9292.7,0.03007
9309.4,0.03024
9326.2,0.03032
9343.0,0.03028
9359.8,0.03011
9376.8,0.02985
9393.8,0.02955
9410.8,0.02924
9427.9,0.02894
9445.1,0.02869
9462.3,0.0285
9479.6,0.02834
9497.0,0.02819
9514.4,0.02801
9531.9,0.02787
9549.4,0.02769
9567.0,0.02747
9584.7,0.02722
9602.5,0.02695
9620.3,0.02667
9638.2,0.02637
9656.1,0.02607
9674.2,0.02582
9692.2,0.02555
9710.4,0.02534
9728.6,0.02515
9746.9,0.025
9765.2,0.02486
9783.7,0.02464
9802.2,0.02438
9820.7,0.02411
9839.4,0.02388
9858.1,0.02372
9876.8,0.02358
9895.7,0.0235
9914.6,0.02346
9933.6,0.02348
9952.7,0.02356
9971.8,0.02368
9991.0,0.02381
10010.3,0.02393
10029.7,0.02396
10049.1,0.02395
10068.6,0.02388
10088.2,0.02375
10107.9,0.02361
10127.6,0.02355
10147.5,0.02353
10167.3,0.02352
10187.3,0.02355
10207.4,0.02362
10227.5,0.02377
10247.7,0.02403
10268.0,0.0243
10288.4,0.0246
10308.8,0.02492
10329.4,0.02528
10350.0,0.02573
10370.7,0.02622
10391.5,0.02674
10412.3,0.02722
10433.3,0.02773
10454.3,0.02826
10475.4,0.02869
10496.7,0.02914
10517.9,0.02961
10539.3,0.02997
10560.8,0.03026
10582.3,0.03051
10604.0,0.0306
10625.7,0.03054
10647.5,0.03037
10669.4,0.03003
10691.4,0.02959
10713.5,0.02914
10735.7,0.02871
10758.0,0.02839
10780.3,0.02824
10802.8,0.02826
10825.4,0.02845
10848.0,0.02863
10870.8,0.02876
10893.6,0.02881
10916.5,0.02879
10939.5,0.02883
10962.7,0.02902
10985.9,0.02943
11009.2,0.03002
11032.7,0.03075
11056.2,0.03171
11079.8,0.03292
11103.5,0.03432
11127.4,0.03573
11151.3,0.03707
11175.3,0.0382
11199.5,0.03912
11223.7,0.03996
11248.0,0.04061
11272.5,0.04059
11297.1,0.03964
11321.7,0.03831
11346.5,0.03713
11371.4,0.03598
11396.4,0.03461
11421.5,0.03301
11446.7,0.03131
11472.0,0.02967
11497.5,0.02945
11523.0,0.03156
11548.7,0.03444
11574.4,0.03681
11600.3,0.03869
11626.3,0.04029
11652.5,0.04175
11678.7,0.04276
11705.1,0.04305
11731.6,0.04281
11758.2,0.04109
11784.9,0.03804
11811.7,0.03967
11838.7,0.04335
11865.8,0.04451
11893.0,0.04456
11920.3,0.0444
11947.8,0.04421
11975.4,0.04396
12003.1,0.04379
12031.0,0.04362
12059.0,0.04345
12087.1,0.04322
12115.3,0.04291
12143.7,0.04247
12172.2,0.04197
12200.8,0.04128
12229.6,0.04044
12258.5,0.03945
12287.6,0.03836
12316.8,0.03709
12346.1,0.03557
12375.5,0.03369
12405.2,0.03155
12434.9,0.02944
12464.8,0.02802
12494.8,0.0275
12525.0,0.02785
12555.3,0.02884
12585.8,0.02999
12616.4,0.0311
12647.2,0.03198
12678.1,0.03239
12709.2,0.03239
12740.4,0.03193
12771.8,0.03122
12803.3,0.03065
12835.0,0.03077
12866.9,0.03185
12898.9,0.03347
12931.1,0.03514
12963.4,0.03653
12995.9,0.0376
13028.5,0.0386
13061.3,0.03933
13094.3,0.03994
13127.5,0.04059
13160.8,0.04113
13194.3,0.04161
13228.0,0.04213
13261.8,0.04255
13295.8,0.04286
13330.0,0.04316
13364.3,0.04327
13398.8,0.04324
13433.6,0.04309
13468.5,0.04278
13503.5,0.04243
13538.8,0.04184
13574.2,0.04101
13609.9,0.03995
13645.7,0.03863
13681.7,0.0372
13717.9,0.03603
13754.3,0.03515
13790.8,0.03427
13827.6,0.03304
13864.6,0.03101
13901.8,0.02776
13939.2,0.02338
13976.7,0.01922
14014.5,0.01794
14052.5,0.0208
14090.7,0.02583
14129.0,0.03004
14167.6,0.03217
14206.5,0.03273
14245.5,0.03234
14284.7,0.03117
14324.2,0.02985
14363.9,0.02906
14403.8,0.02917
14443.9,0.03
14484.3,0.03095
14524.8,0.03176
14565.6,0.03242
14606.7,0.0329
14647.9,0.03321
14689.4,0.03333
14731.2,0.0334
14773.1,0.03334
14815.3,0.0332
14857.8,0.03303
14900.5,0.03281
14943.4,0.03257
14986.6,0.03224
15030.0,0.03188
15073.7,0.03154
15117.7,0.03115
15161.9,0.03067
15206.3,0.03019
15251.1,0.02978
15296.1,0.02915
15341.3,0.02854
15386.8,0.02812
15432.6,0.02772
15478.7,0.02727
15525.0,0.02681
15571.7,0.02638
15618.6,0.02594
15665.8,0.02552
15713.2,0.02511
15761.0,0.02468
15809.0,0.02423
15857.4,0.02382
15906.0,0.0234
15955.0,0.02302
16004.2,0.02261
16053.8,0.02215
16103.6,0.02192
16153.8,0.02174
16204.3,0.02131
16255.1,0.02088
16306.2,0.02067
16357.6,0.02052
16409.4,0.02035
16461.5,0.02006
16513.9,0.01978
16566.7,0.01951
16619.8,0.01934
16673.2,0.01919
16727.0,0.01893
16781.1,0.01869
16835.6,0.01848
16890.5,0.01828
16945.7,0.01798
17001.2,0.01776
17057.2,0.01763
17113.4,0.01739
17170.1,0.01718
17227.2,0.01714
17284.6,0.01717
17342.4,0.01712
17400.6,0.01724
17459.2,0.01738
17518.2,0.01737
17577.5,0.01743
17637.3,0.01751
17697.5,0.01771
17758.1,0.01796
17819.2,0.01825
17880.6,0.01872
17942.5,0.01911
18004.8,0.01937
18067.5,0.0198
18130.7,0.02031
18194.3,0.02072
18258.4,0.02112
18322.9,0.02145
18387.9,0.02166
18453.3,0.02191
18519.2,0.02222
18585.6,0.02241
18652.4,0.02244
18719.8,0.02233
18787.6,0.02225
18855.9,0.02212
18924.7,0.02204
18994.1,0.02184
19063.9,0.02172
19134.2,0.02145
19205.1,0.02135
19276.5,0.02107
19348.4,0.02047
19420.9,0.02027
19493.9,0.02025
19567.5,0.01978
19641.6,0.01913
19716.3,0.01888
19791.5,0.0189
19867.3,0.01894
19943.8,0.01877
20020.8,0.01875
20098.4,0.01905
20176.6,0.01938
20255.4,0.01963
20334.8,0.02004
20414.9,0.02047
20495.6,0.02085
20576.9,0.02118
20658.9,0.02156
20741.5,0.02195
20824.8,0.02214
20908.8,0.02245
20993.4,0.02289
21078.8,0.0232
21164.8,0.02313
21251.6,0.02315
21339.0,0.02317
21427.2,0.02294
21516.1,0.02264
21605.8,0.02257
21696.2,0.02244
21787.3,0.02248
21879.3,0.02235
21972.0,0.02241
22065.5,0.02259
22159.8,0.02243
22254.9,0.02209
22350.8,0.0219
22447.6,0.02183
22545.2,0.02175
22643.6,0.02146
22742.9,0.02131
22843.1,0.02118
22944.2,0.02132
23046.2,0.0216
23149.1,0.02201
23252.9,0.02218
23357.6,0.02225
23463.3,0.02246
23569.9,0.02273
23677.6,0.02287
23786.2,0.02302
23895.8,0.02293
24006.4,0.02272
24118.1,0.02262
24230.8,0.02281
24344.5,0.02308
24459.3,0.02298
24575.3,0.02221
24692.3,0.02142
24810.4,0.02096
24929.7,0.02123
25050.1,0.02205
25171.7,0.02289
25294.5,0.02343
25418.5,0.0243
25543.7,0.02507
25670.2,0.02535
25797.9,0.02558
25926.9,0.02593
26057.2,0.02606
26188.8,0.02651
26321.7,0.02669
26456.0,0.02711
26591.7,0.02774
26728.8,0.02795
26867.2,0.02799
27007.2,0.02849
27148.6,0.02879
27291.5,0.029
27435.9,0.02899
27581.8,0.02909
27729.3,0.02933
27878.4,0.02958
28029.1,0.0297
28181.4,0.0298
28335.4,0.03044
28491.1,0.03083
28648.5,0.0306
28807.7,0.03097
28968.6,0.03141
29131.3,0.03131
29295.9,0.03133
29462.4,0.03163
29630.7,0.03259
29801.0,0.03323
29973.3,0.03325
30147.5,0.03366
30323.8,0.03448
30502.2,0.03558
30682.7,0.03614
30865.3,0.03684
31050.2,0.03737
31237.2,0.0383
31426.5,0.039
31618.2,0.03922
31812.1,0.03938
32008.5,0.0401
32207.3,0.04115
32408.6,0.04236
32612.4,0.04227
32818.8,0.04221
33027.9,0.04206
33239.6,0.04082
33454.1,0.03942
33671.3,0.03839
33891.4,0.03785
34114.3,0.03782
34340.3,0.0379
34569.2,0.03805
34801.2,0.03813
35036.3,0.03838
35274.7,0.03829
35516.3,0.0391
35761.2,0.04021
36009.6,0.0412
36261.4,0.04118
36516.7,0.04061
36775.7,0.03974
37038.4,0.03927
37304.9,0.03852
37575.2,0.03752
37849.5,0.03555
38127.8,0.03584
38410.2,0.03619
38696.8,0.03652
38987.8,0.03761
39283.2,0.03927
39583.0,0.04043
39887.5,0.03923
40196.7,0.03754
40510.8,0.03725
40829.7,0.03773
41153.8,0.0373
41483.0,0.03627
41817.6,0.03485
42157.5,0.03283
42503.1,0.03282
42854.4,0.03313
43211.5,0.03362
43574.6,0.0331
43943.9,0.03355
44319.5,0.03533
44701.5,0.03739
45090.2,0.03863
45485.8,0.0398
45888.3,0.04126
46298.0,0.04274
46715.1,0.04444
47139.8,0.04789
47572.3,0.04965
48012.8,0.04921
48461.5,0.04772
48918.6,0.04566
49384.6,0.04416
49859.4,0.04559
50343.5,0.04561
50837.0,0.04685
51340.4,0.04946
51853.8,0.04814
52377.6,0.04494
52912.0,0.04285
53457.5,0.04187
54014.4,0.04339
54582.9,0.04556
55163.6,0.04639
55756.8,0.04778
56362.8,0.04406
56982.2,0.03825
57615.3,0.0413
58262.7,0.04185
58924.7,0.04071
59602.0,0.04121
60295.1,0.04171
61004.4,0.04119
61730.7,0.03799
62474.4,0.03606
63236.3,0.03651
64017.0,0.04148
64817.2,0.04478
65637.7,0.03976
66479.2,0.03625
67342.6,0.03738
68228.6,0.03572
69138.4,0.03274
70072.7,0.03303
71032.6,0.03426
72019.1,0.03092
73033.5,0.03029
74076.8,0.02284
75150.4,0.01878
76255.5,0.02682
77393.7,0.03526
78566.3,0.03659
79775.0,0.02624
81021.5,0.02144
82307.6,0.01457
83635.1,0.02102
85006.2,0.02997
86423.0,0.0381
87887.8,0.04011
89403.0,0.03478
90971.5,0.03364
92596.0,0.03684
94279.6,0.04094
96025.5,0.0353
97837.3,0.0278
99718.8,0.0381
