Composition,
Date Added,2014-09-10
Formula,
Grain Size Description,<250.0um
Grain Size,"(150.0, 250.0)"
Locality,"White Sands National Monument, New Mexico"
Minimum Wavelength,300
Sample Name,D3_T1_F7d 150-250 um
Maximum Wavelength,99719
Database of Origin,RELAB
Other Information,
References,
Resolution,4.0
Material class,Mixture
Sample Description,Gypsum project
Sample ID,BKR1JBE92D
Original Sample ID,JB-JLB-E92-D
Viewing Geometry,unknown
Wavelength,Response
300.0,0.19364
305.0,0.19962
310.0,0.20848
315.0,0.21834
320.0,0.22924
325.0,0.23855
330.0,0.24903
335.0,0.25889
340.0,0.26935
345.0,0.27902
350.0,0.28754
355.0,0.29309
360.0,0.29971
365.0,0.30563
370.0,0.31321
375.0,0.32266
380.0,0.33244
385.0,0.34164
390.0,0.35113
395.0,0.35819
400.0,0.36765
405.0,0.37281
410.0,0.37812
415.0,0.38383
420.0,0.3904
425.0,0.3945
430.0,0.40282
435.0,0.413
440.0,0.42033
445.0,0.42687
450.0,0.43549
455.0,0.44151
460.0,0.44614
465.0,0.4515
470.0,0.45864
475.0,0.46209
480.0,0.46654
485.0,0.4718
490.0,0.47802
495.0,0.48206
500.0,0.48637
505.0,0.49134
510.0,0.49751
515.0,0.5037
520.0,0.51163
525.0,0.51595
530.0,0.5221
535.0,0.52833
540.0,0.5359
545.0,0.54197
550.0,0.5474
555.0,0.55439
560.0,0.56122
565.0,0.56647
570.0,0.57192
575.0,0.5764
580.0,0.57865
585.0,0.58176
590.0,0.58612
595.0,0.58831
600.0,0.59098
605.0,0.59347
610.0,0.59755
615.0,0.59962
620.0,0.60181
625.0,0.6038
630.0,0.6043
635.0,0.60454
640.0,0.60709
645.0,0.60784
650.0,0.60867
655.0,0.6111
660.0,0.61222
665.0,0.6129
670.0,0.61409
675.0,0.61458
680.0,0.61554
685.0,0.61606
690.0,0.61752
695.0,0.61996
700.0,0.62026
705.0,0.62069
710.0,0.62084
715.0,0.62311
720.0,0.62427
725.0,0.62738
730.0,0.62858
735.0,0.63363
740.0,0.63468
745.0,0.63529
750.0,0.63684
755.0,0.63814
760.0,0.63993
765.0,0.63997
770.0,0.64121
775.0,0.64235
780.0,0.64334
785.0,0.64384
790.0,0.64471
795.0,0.64693
800.0,0.64781
805.0,0.64918
810.0,0.65017
815.0,0.6506
820.0,0.65129
825.0,0.65238
830.0,0.65133
835.0,0.65328
840.0,0.65285
845.0,0.65127
850.0,0.65226
855.0,0.65461
860.0,0.65612
865.0,0.65689
870.0,0.65747
875.0,0.65822
880.0,0.6592
885.0,0.66014
890.0,0.66286
895.0,0.66295
900.0,0.66317
905.0,0.66157
910.0,0.66309
915.0,0.663
920.0,0.66339
925.0,0.66348
930.0,0.66358
935.0,0.66163
940.0,0.66103
945.0,0.66083
950.0,0.65953
955.0,0.65763
960.0,0.65658
965.0,0.65401
970.0,0.6517
975.0,0.64865
980.0,0.6451
985.0,0.64099
990.0,0.63863
995.0,0.63636
1000.0,0.63729
1005.0,0.64228
1010.0,0.64718
1015.0,0.65021
1020.0,0.65428
1025.0,0.65818
1030.0,0.66098
1035.0,0.66349
1040.0,0.66591
1045.0,0.6677
1050.0,0.66951
1055.0,0.67113
1060.0,0.67139
1065.0,0.67235
1070.0,0.67304
1075.0,0.67292
1080.0,0.67328
1085.0,0.67262
1090.0,0.67245
1095.0,0.67153
1100.0,0.67165
1105.0,0.67065
1110.0,0.66903
1115.0,0.66901
1120.0,0.66867
1125.0,0.6689
1130.0,0.6674
1135.0,0.669
1140.0,0.66382
1145.0,0.65982
1150.0,0.65275
1155.0,0.64318
1160.0,0.63177
1165.0,0.61593
1170.0,0.60055
1175.0,0.59026
1180.0,0.58319
1185.0,0.58218
1190.0,0.5821
1195.0,0.58152
1200.0,0.58068
1205.0,0.57647
1210.0,0.57868
1215.0,0.58932
1220.0,0.59597
1225.0,0.59818
1230.0,0.59884
1235.0,0.60164
1240.0,0.60879
1245.0,0.61678
1250.0,0.6235
1255.0,0.62606
1260.0,0.62881
1265.0,0.63025
1270.0,0.63242
1275.0,0.63365
1280.0,0.6344
1285.0,0.6351
1290.0,0.63543
1295.0,0.63399
1300.0,0.63372
1300.5,0.63358
1300.8,0.63348
1301.2,0.63325
1301.5,0.63289
1301.8,0.63284
1302.1,0.633
1302.5,0.63294
1302.8,0.63278
1303.1,0.63267
1303.4,0.63265
1303.8,0.63258
1304.1,0.63257
1304.4,0.63241
1304.8,0.63218
1305.1,0.63198
1305.4,0.63178
1305.8,0.63179
1306.1,0.63175
1306.4,0.63154
1306.7,0.63141
1307.1,0.63121
1307.4,0.63092
1307.7,0.6308
1308.1,0.63089
1308.4,0.63086
1308.7,0.63044
1309.1,0.63026
1309.4,0.63023
1309.7,0.63014
1310.0,0.6299
1310.4,0.62961
1310.7,0.62965
1311.0,0.62959
1311.4,0.6293
1311.7,0.62913
1312.0,0.62881
1312.4,0.62848
1312.7,0.62833
1313.0,0.62802
1313.4,0.62769
1313.7,0.6274
1314.0,0.62726
1314.4,0.62725
1314.7,0.62717
1315.0,0.62697
1315.4,0.62646
1315.7,0.62598
1316.0,0.62577
1316.4,0.62581
1316.7,0.6256
1317.0,0.62502
1317.4,0.62459
1317.7,0.62454
1318.0,0.62438
1318.4,0.62428
1318.7,0.62394
1319.0,0.62359
1319.4,0.62326
1319.7,0.62298
1320.1,0.62275
1320.4,0.62246
1320.7,0.62218
1321.1,0.62204
1321.4,0.6217
1321.7,0.62129
1322.1,0.62109
1322.4,0.62074
1322.7,0.62035
1323.1,0.62001
1323.4,0.61974
1323.8,0.61946
1324.1,0.61913
1324.4,0.61874
1324.8,0.61832
1325.1,0.61803
1325.4,0.61779
1325.8,0.6175
1326.1,0.61725
1326.5,0.61699
1326.8,0.61666
1327.1,0.61623
1327.5,0.616
1327.8,0.61576
1328.2,0.61539
1328.5,0.61508
1328.8,0.61485
1329.2,0.61433
1329.5,0.6139
1329.9,0.61358
1330.2,0.61317
1330.6,0.61304
1330.9,0.61276
1331.2,0.61231
1331.6,0.61199
1331.9,0.61152
1332.3,0.6111
1332.6,0.61055
1332.9,0.61019
1333.3,0.60986
1333.6,0.60938
1334.0,0.60889
1334.3,0.60852
1334.7,0.60816
1335.0,0.60762
1335.3,0.60709
1335.7,0.60676
1336.0,0.60625
1336.4,0.60565
1336.7,0.60523
1337.1,0.60475
1337.4,0.60423
1337.8,0.6039
1338.1,0.60338
1338.4,0.60281
1338.8,0.60231
1339.1,0.60176
1339.5,0.60119
1339.8,0.60066
1340.2,0.60001
1340.5,0.59937
1340.9,0.59894
1341.2,0.59853
1341.6,0.59782
1341.9,0.5971
1342.3,0.59652
1342.6,0.59603
1342.9,0.59554
1343.3,0.59492
1343.7,0.59424
1344.0,0.5937
1344.3,0.59319
1344.7,0.5924
1345.0,0.59176
1345.4,0.59125
1345.7,0.59063
1346.1,0.58988
1346.4,0.58921
1346.8,0.5886
1347.1,0.58803
1347.5,0.58737
1347.8,0.58685
1348.2,0.58607
1348.5,0.58532
1348.9,0.58482
1349.2,0.58421
1349.6,0.58353
1349.9,0.58298
1350.3,0.58229
1350.7,0.5816
1351.0,0.58096
1351.4,0.58021
1351.7,0.5794
1352.1,0.5787
1352.4,0.57824
1352.8,0.57769
1353.1,0.57696
1353.5,0.57626
1353.8,0.57564
1354.2,0.57517
1354.5,0.57448
1354.9,0.57363
1355.2,0.57302
1355.6,0.57254
1355.9,0.57195
1356.3,0.57133
1356.7,0.57068
1357.0,0.57001
1357.4,0.56951
1357.7,0.56901
1358.1,0.56853
1358.4,0.56807
1358.8,0.56754
1359.2,0.56705
1359.5,0.56655
1359.9,0.56605
1360.2,0.56562
1360.6,0.56524
1360.9,0.56465
1361.3,0.56388
1361.7,0.56349
1362.0,0.56313
1362.4,0.56274
1362.7,0.56232
1363.1,0.5618
1363.4,0.56136
1363.8,0.56077
1364.2,0.56018
1364.5,0.56
1364.9,0.55963
1365.2,0.55907
1365.6,0.55846
1365.9,0.55808
1366.3,0.55775
1366.7,0.55731
1367.0,0.55701
1367.4,0.55656
1367.8,0.55598
1368.1,0.5553
1368.5,0.55468
1368.8,0.55411
1369.2,0.55362
1369.6,0.55313
1369.9,0.55265
1370.3,0.55223
1370.7,0.55173
1371.0,0.55108
1371.4,0.55049
1371.7,0.55003
1372.1,0.54953
1372.5,0.54906
1372.8,0.54858
1373.2,0.54801
1373.6,0.5474
1373.9,0.54694
1374.3,0.54646
1374.6,0.54573
1375.0,0.54524
1375.4,0.5449
1375.7,0.54442
1376.1,0.54403
1376.5,0.5436
1376.8,0.54301
1377.2,0.5426
1377.6,0.54225
1377.9,0.54183
1378.3,0.5413
1378.7,0.54082
1379.0,0.54042
1379.4,0.54
1379.8,0.53969
1380.1,0.53941
1380.5,0.53895
1380.9,0.53856
1381.2,0.53832
1381.6,0.53799
1382.0,0.53766
1382.3,0.53747
1382.7,0.53719
1383.1,0.5367
1383.4,0.53624
1383.8,0.53598
1384.2,0.53572
1384.6,0.53556
1384.9,0.53523
1385.3,0.53484
1385.7,0.53456
1386.0,0.53434
1386.4,0.53417
1386.8,0.53403
1387.2,0.53368
1387.5,0.53323
1387.9,0.53298
1388.3,0.53266
1388.6,0.53224
1389.0,0.53189
1389.4,0.53156
1389.8,0.53115
1390.1,0.53078
1390.5,0.53046
1390.9,0.52999
1391.2,0.52967
1391.6,0.52939
1392.0,0.52896
1392.4,0.52853
1392.7,0.52819
1393.1,0.52779
1393.5,0.52733
1393.9,0.52698
1394.2,0.52659
1394.6,0.52606
1395.0,0.52551
1395.4,0.52482
1395.7,0.52424
1396.1,0.52352
1396.5,0.52266
1396.9,0.52191
1397.2,0.52125
1397.6,0.52038
1398.0,0.51938
1398.4,0.51853
1398.8,0.51762
1399.1,0.51667
1399.5,0.51573
1399.9,0.51465
1400.3,0.51354
1400.6,0.51238
1401.0,0.51113
1401.4,0.50976
1401.8,0.50837
1402.2,0.50705
1402.5,0.50576
1402.9,0.50451
1403.3,0.50325
1403.7,0.50181
1404.1,0.5003
1404.4,0.49868
1404.8,0.4971
1405.2,0.49553
1405.6,0.49399
1406.0,0.49258
1406.3,0.49124
1406.7,0.48964
1407.1,0.48785
1407.5,0.48612
1407.9,0.48442
1408.3,0.48266
1408.6,0.4809
1409.0,0.47909
1409.4,0.47734
1409.8,0.47548
1410.2,0.4735
1410.6,0.4717
1410.9,0.4698
1411.3,0.46767
1411.7,0.46566
1412.1,0.46379
1412.5,0.46189
1412.8,0.45994
1413.2,0.45787
1413.6,0.45563
1414.0,0.45349
1414.4,0.45129
1414.8,0.44894
1415.2,0.44668
1415.6,0.44448
1415.9,0.44237
1416.3,0.44015
1416.7,0.43776
1417.1,0.43552
1417.5,0.43334
1417.9,0.43093
1418.3,0.42839
1418.7,0.426
1419.0,0.42364
1419.4,0.42121
1419.8,0.41884
1420.2,0.4164
1420.6,0.41386
1421.0,0.41157
1421.4,0.40948
1421.8,0.4071
1422.2,0.40471
1422.5,0.40245
1422.9,0.40019
1423.3,0.39806
1423.7,0.39602
1424.1,0.39403
1424.5,0.39206
1424.9,0.3902
1425.3,0.38855
1425.7,0.38695
1426.1,0.38532
1426.5,0.38379
1426.8,0.38246
1427.2,0.38119
1427.6,0.3799
1428.0,0.37867
1428.4,0.37741
1428.8,0.37621
1429.2,0.375
1429.6,0.37367
1430.0,0.37226
1430.4,0.37071
1430.8,0.36905
1431.2,0.36719
1431.6,0.36514
1432.0,0.36302
1432.4,0.36088
1432.8,0.35857
1433.2,0.35597
1433.6,0.35325
1433.9,0.35064
1434.3,0.34786
1434.8,0.34479
1435.1,0.34166
1435.5,0.33838
1435.9,0.33512
1436.3,0.33183
1436.7,0.32822
1437.1,0.32452
1437.5,0.32094
1437.9,0.31724
1438.3,0.31349
1438.7,0.30973
1439.1,0.30593
1439.5,0.30225
1439.9,0.29845
1440.3,0.29448
1440.7,0.29061
1441.1,0.28703
1441.5,0.28348
1441.9,0.27991
1442.3,0.27652
1442.7,0.27332
1443.1,0.27013
1443.5,0.26718
1443.9,0.26453
1444.3,0.26226
1444.7,0.26023
1445.1,0.25856
1445.6,0.25733
1445.9,0.25656
1446.3,0.25606
1446.8,0.25593
1447.2,0.25631
1447.6,0.25718
1448.0,0.25838
1448.4,0.25996
1448.8,0.26193
1449.2,0.26415
1449.6,0.26646
1450.0,0.26901
1450.4,0.27193
1450.8,0.27484
1451.2,0.27768
1451.6,0.2806
1452.0,0.28355
1452.4,0.28647
1452.8,0.28942
1453.2,0.29222
1453.7,0.29493
1454.1,0.29739
1454.5,0.29977
1454.9,0.30211
1455.3,0.30436
1455.7,0.3064
1456.1,0.30837
1456.5,0.31033
1456.9,0.31217
1457.3,0.31373
1457.7,0.31518
1458.2,0.31672
1458.6,0.31814
1459.0,0.31944
1459.4,0.32073
1459.8,0.32199
1460.2,0.32307
1460.6,0.3242
1461.0,0.32545
1461.4,0.32649
1461.8,0.32726
1462.3,0.32815
1462.7,0.32911
1463.1,0.33002
1463.5,0.3308
1463.9,0.3316
1464.3,0.33243
1464.7,0.33317
1465.2,0.3338
1465.6,0.33436
1466.0,0.33501
1466.4,0.33568
1466.8,0.33636
1467.2,0.33678
1467.6,0.33721
1468.1,0.33782
1468.5,0.33821
1468.9,0.33869
1469.3,0.33922
1469.7,0.33972
1470.1,0.3402
1470.6,0.34061
1471.0,0.34098
1471.4,0.34136
1471.8,0.34174
1472.2,0.34227
1472.6,0.34284
1473.1,0.34325
1473.5,0.34368
1473.9,0.34412
1474.3,0.34461
1474.7,0.34514
1475.2,0.34557
1475.6,0.34602
1476.0,0.3464
1476.4,0.34678
1476.8,0.34727
1477.3,0.34778
1477.7,0.34805
1478.1,0.34825
1478.5,0.34856
1478.9,0.34857
1479.4,0.34833
1479.8,0.34819
1480.2,0.34795
1480.6,0.34759
1481.1,0.34705
1481.5,0.34642
1481.9,0.34582
1482.3,0.34514
1482.8,0.34422
1483.2,0.34322
1483.6,0.34221
1484.0,0.34101
1484.4,0.33979
1484.9,0.33872
1485.3,0.33776
1485.7,0.33656
1486.2,0.33532
1486.6,0.33427
1487.0,0.33323
1487.4,0.33231
1487.9,0.33133
1488.3,0.33036
1488.7,0.32963
1489.1,0.32907
1489.6,0.32865
1490.0,0.32828
1490.4,0.32808
1490.8,0.32803
1491.3,0.328
1491.7,0.32826
1492.1,0.32865
1492.6,0.32917
1493.0,0.32982
1493.4,0.33066
1493.9,0.33159
1494.3,0.33267
1494.7,0.33391
1495.2,0.33535
1495.6,0.33686
1496.0,0.33838
1496.4,0.34012
1496.9,0.34188
1497.3,0.34382
1497.7,0.34582
1498.2,0.34767
1498.6,0.3496
1499.0,0.35157
1499.5,0.35365
1499.9,0.35575
1500.3,0.35789
1500.8,0.35984
1501.2,0.36184
1501.7,0.36387
1502.1,0.36579
1502.5,0.36764
1502.9,0.36948
1503.4,0.37122
1503.8,0.37282
1504.3,0.37431
1504.7,0.37586
1505.1,0.37745
1505.6,0.37885
1506.0,0.38026
1506.4,0.38154
1506.9,0.38268
1507.3,0.38379
1507.8,0.38488
1508.2,0.38597
1508.6,0.38697
1509.1,0.38781
1509.5,0.38867
1510.0,0.38951
1510.4,0.39019
1510.8,0.39088
1511.3,0.39156
1511.7,0.39212
1512.2,0.39269
1512.6,0.39328
1513.0,0.39377
1513.5,0.39409
1513.9,0.39449
1514.4,0.39497
1514.8,0.39532
1515.3,0.3956
1515.7,0.39579
1516.1,0.39601
1516.6,0.39623
1517.0,0.39633
1517.5,0.39654
1517.9,0.39657
1518.4,0.39652
1518.8,0.39656
1519.3,0.39653
1519.7,0.39653
1520.1,0.39653
1520.6,0.39655
1521.0,0.39641
1521.5,0.39618
1521.9,0.39587
1522.4,0.39562
1522.8,0.39545
1523.3,0.3952
1523.7,0.39484
1524.2,0.39445
1524.6,0.39406
1525.1,0.39379
1525.5,0.39342
1525.9,0.39288
1526.4,0.39238
1526.8,0.39198
1527.3,0.39161
1527.8,0.39128
1528.2,0.39081
1528.7,0.39017
1529.1,0.38954
1529.6,0.38902
1530.0,0.38857
1530.5,0.38806
1530.9,0.38746
1531.4,0.38694
1531.8,0.38636
1532.3,0.38576
1532.7,0.38533
1533.2,0.38473
1533.6,0.38414
1534.1,0.38372
1534.5,0.38321
1535.0,0.38271
1535.4,0.38235
1535.9,0.382
1536.3,0.3817
1536.8,0.38158
1537.3,0.38147
1537.7,0.38149
1538.2,0.38158
1538.6,0.38164
1539.1,0.38175
1539.6,0.38203
1540.0,0.38247
1540.5,0.38296
1540.9,0.38371
1541.4,0.38455
1541.8,0.38539
1542.3,0.3862
1542.8,0.38711
1543.2,0.38832
1543.7,0.38959
1544.1,0.39084
1544.6,0.39224
1545.1,0.39378
1545.5,0.39525
1546.0,0.39679
1546.4,0.39838
1546.9,0.39999
1547.4,0.40167
1547.8,0.40332
1548.3,0.40505
1548.8,0.40687
1549.2,0.40864
1549.7,0.41025
1550.1,0.41197
1550.6,0.41375
1551.1,0.41547
1551.5,0.41723
1552.0,0.41908
1552.4,0.42094
1552.9,0.4227
1553.4,0.42441
1553.8,0.42596
1554.3,0.42764
1554.8,0.42933
1555.3,0.4309
1555.7,0.4325
1556.2,0.43407
1556.7,0.43568
1557.1,0.43731
1557.6,0.43883
1558.1,0.44024
1558.5,0.44174
1559.0,0.44322
1559.5,0.44469
1559.9,0.44617
1560.4,0.44749
1560.9,0.44867
1561.3,0.44998
1561.8,0.4513
1562.3,0.45272
1562.8,0.45399
1563.2,0.45516
1563.7,0.45629
1564.2,0.45751
1564.6,0.45881
1565.1,0.45993
1565.6,0.46103
1566.1,0.46215
1566.5,0.46319
1567.0,0.46432
1567.5,0.46527
1567.9,0.4662
1568.4,0.46737
1568.9,0.46865
1569.4,0.46968
1569.8,0.47049
1570.3,0.47153
1570.8,0.47258
1571.3,0.47338
1571.8,0.47432
1572.2,0.47529
1572.7,0.47621
1573.2,0.47714
1573.7,0.4781
1574.1,0.47897
1574.6,0.47977
1575.1,0.48076
1575.6,0.48168
1576.1,0.48239
1576.5,0.48329
1577.0,0.48423
1577.5,0.485
1578.0,0.48563
1578.4,0.48637
1578.9,0.48717
1579.4,0.48795
1579.9,0.48866
1580.4,0.48946
1580.9,0.4903
1581.3,0.49108
1581.8,0.49176
1582.3,0.49243
1582.8,0.49328
1583.3,0.49395
1583.8,0.49452
1584.2,0.49522
1584.7,0.49594
1585.2,0.49671
1585.7,0.4975
1586.2,0.49817
1586.7,0.4989
1587.2,0.49976
1587.6,0.5005
1588.1,0.50118
1588.6,0.50186
1589.1,0.50256
1589.6,0.50331
1590.1,0.50419
1590.6,0.505
1591.0,0.50568
1591.5,0.50644
1592.0,0.5072
1592.5,0.508
1593.0,0.50889
1593.5,0.50973
1594.0,0.51049
1594.5,0.51134
1595.0,0.51214
1595.4,0.51289
1595.9,0.51374
1596.4,0.51462
1596.9,0.51538
1597.4,0.51626
1597.9,0.51713
1598.4,0.5179
1598.9,0.51872
1599.4,0.51958
1599.9,0.52048
1600.4,0.52131
1600.9,0.52207
1601.4,0.52286
1601.9,0.5238
1602.3,0.52475
1602.8,0.5257
1603.3,0.52661
1603.8,0.5274
1604.3,0.52819
1604.8,0.52889
1605.3,0.52967
1605.8,0.53053
1606.3,0.53136
1606.8,0.53223
1607.3,0.53301
1607.8,0.53382
1608.3,0.53465
1608.8,0.53541
1609.3,0.53617
1609.8,0.537
1610.3,0.53774
1610.8,0.53848
1611.3,0.53928
1611.8,0.53997
1612.3,0.54057
1612.8,0.54126
1613.3,0.54203
1613.8,0.54268
1614.3,0.54329
1614.8,0.54391
1615.3,0.54463
1615.8,0.54529
1616.3,0.54593
1616.8,0.54653
1617.3,0.54716
1617.8,0.54782
1618.4,0.5484
1618.9,0.54906
1619.4,0.54972
1619.9,0.55037
1620.4,0.55094
1620.9,0.55144
1621.4,0.55198
1621.9,0.55257
1622.4,0.55309
1622.9,0.55367
1623.4,0.5543
1623.9,0.55491
1624.4,0.55547
1624.9,0.55597
1625.5,0.55654
1626.0,0.55719
1626.5,0.5578
1627.0,0.55829
1627.5,0.55883
1628.0,0.55943
1628.5,0.56001
1629.0,0.56053
1629.6,0.56101
1630.1,0.56157
1630.6,0.5622
1631.1,0.56282
1631.6,0.56334
1632.1,0.56391
1632.6,0.56452
1633.1,0.56524
1633.7,0.56587
1634.2,0.56636
1634.7,0.56688
1635.2,0.5675
1635.7,0.56807
1636.2,0.56874
1636.8,0.56937
1637.3,0.56988
1637.8,0.57035
1638.3,0.57093
1638.8,0.57148
1639.3,0.57211
1639.8,0.57276
1640.4,0.57331
1640.9,0.57378
1641.4,0.57404
1641.9,0.57455
1642.4,0.57511
1643.0,0.57553
1643.5,0.57603
1644.0,0.57658
1644.5,0.57703
1645.1,0.57751
1645.6,0.57801
1646.1,0.57835
1646.6,0.57869
1647.2,0.57906
1647.7,0.5794
1648.2,0.57983
1648.7,0.58035
1649.2,0.58076
1649.8,0.58105
1650.3,0.58138
1650.8,0.58178
1651.3,0.58219
1651.9,0.58244
1652.4,0.58274
1652.9,0.5831
1653.4,0.58347
1654.0,0.5838
1654.5,0.58401
1655.0,0.58427
1655.6,0.58457
1656.1,0.58488
1656.6,0.58527
1657.2,0.58556
1657.7,0.58573
1658.2,0.58592
1658.7,0.58616
1659.3,0.58643
1659.8,0.58671
1660.3,0.58689
1660.9,0.58703
1661.4,0.5872
1661.9,0.58737
1662.5,0.58756
1663.0,0.58773
1663.5,0.58788
1664.1,0.58803
1664.6,0.58814
1665.1,0.58824
1665.7,0.58837
1666.2,0.58852
1666.7,0.58869
1667.3,0.58882
1667.8,0.58885
1668.3,0.58889
1668.9,0.58889
1669.4,0.58876
1670.0,0.5888
1670.5,0.58881
1671.0,0.58878
1671.6,0.58877
1672.1,0.58877
1672.7,0.58866
1673.2,0.58857
1673.7,0.58854
1674.3,0.58848
1674.8,0.58844
1675.4,0.58825
1675.9,0.58806
1676.4,0.58785
1677.0,0.58765
1677.5,0.58755
1678.1,0.58738
1678.6,0.58707
1679.2,0.58682
1679.7,0.58654
1680.2,0.58625
1680.8,0.58597
1681.3,0.58572
1681.9,0.58542
1682.4,0.58503
1683.0,0.58464
1683.5,0.58424
1684.1,0.58388
1684.6,0.58342
1685.2,0.5829
1685.7,0.5825
1686.3,0.58199
1686.8,0.58142
1687.3,0.58092
1687.9,0.58032
1688.4,0.57968
1689.0,0.57913
1689.6,0.57854
1690.1,0.57782
1690.7,0.57699
1691.2,0.57624
1691.8,0.57555
1692.3,0.57479
1692.9,0.57388
1693.4,0.57307
1694.0,0.57222
1694.5,0.57117
1695.1,0.57029
1695.6,0.56934
1696.2,0.56823
1696.7,0.56707
1697.3,0.56593
1697.8,0.5648
1698.4,0.56355
1699.0,0.56228
1699.5,0.56099
1700.1,0.55962
1700.6,0.55824
1701.2,0.55683
1701.8,0.55537
1702.3,0.55391
1702.9,0.55238
1703.4,0.55075
1704.0,0.54909
1704.6,0.54731
1705.1,0.54563
1705.7,0.54396
1706.2,0.54222
1706.8,0.5404
1707.4,0.53842
1707.9,0.53642
1708.5,0.53444
1709.0,0.53234
1709.6,0.53026
1710.2,0.52822
1710.7,0.52608
1711.3,0.52385
1711.9,0.52158
1712.4,0.5193
1713.0,0.51704
1713.6,0.51473
1714.1,0.51232
1714.7,0.50993
1715.3,0.50749
1715.8,0.50507
1716.4,0.50254
1717.0,0.49994
1717.5,0.49738
1718.1,0.49479
1718.7,0.49239
1719.2,0.48987
1719.8,0.48716
1720.4,0.48447
1721.0,0.48182
1721.5,0.47909
1722.1,0.47641
1722.7,0.47376
1723.2,0.47119
1723.8,0.46859
1724.4,0.46591
1725.0,0.46316
1725.5,0.46051
1726.1,0.45788
1726.7,0.4553
1727.3,0.4526
1727.8,0.4499
1728.4,0.44729
1729.0,0.44458
1729.6,0.44197
1730.1,0.4394
1730.7,0.4367
1731.3,0.43404
1731.9,0.43143
1732.5,0.42887
1733.0,0.42631
1733.6,0.42376
1734.2,0.42129
1734.8,0.41887
1735.4,0.41642
1735.9,0.41405
1736.5,0.4118
1737.1,0.40947
1737.7,0.40716
1738.3,0.405
1738.8,0.40294
1739.4,0.40097
1740.0,0.39908
1740.6,0.39721
1741.2,0.39537
1741.8,0.39361
1742.3,0.39206
1742.9,0.39056
1743.5,0.38914
1744.1,0.38781
1744.7,0.38659
1745.3,0.38545
1745.9,0.38445
1746.5,0.38374
1747.1,0.38309
1747.6,0.38244
1748.2,0.38202
1748.8,0.38183
1749.4,0.3817
1750.0,0.38168
1750.6,0.38193
1751.2,0.38236
1751.8,0.38291
1752.4,0.38361
1753.0,0.38448
1753.6,0.38544
1754.1,0.3865
1754.7,0.38773
1755.3,0.38899
1755.9,0.3902
1756.5,0.39152
1757.1,0.39286
1757.7,0.39424
1758.3,0.39563
1758.9,0.39699
1759.5,0.39842
1760.1,0.39962
1760.7,0.40072
1761.3,0.40182
1761.9,0.40284
1762.5,0.40389
1763.1,0.40496
1763.7,0.40597
1764.3,0.4068
1764.9,0.40744
1765.5,0.40802
1766.1,0.40872
1766.7,0.40936
1767.3,0.40986
1767.9,0.41024
1768.5,0.41067
1769.1,0.41111
1769.7,0.41135
1770.3,0.41161
1770.9,0.41203
1771.5,0.41241
1772.1,0.41265
1772.7,0.41294
1773.3,0.41325
1773.9,0.41353
1774.6,0.41385
1775.2,0.41433
1775.8,0.41474
1776.4,0.41517
1777.0,0.41569
1777.6,0.41628
1778.2,0.41694
1778.8,0.41768
1779.4,0.41841
1780.0,0.41929
1780.7,0.42022
1781.3,0.42123
1781.9,0.42236
1782.5,0.42352
1783.1,0.42476
1783.7,0.42617
1784.3,0.42764
1784.9,0.4291
1785.6,0.43069
1786.2,0.43225
1786.8,0.43382
1787.4,0.43543
1788.0,0.43727
1788.6,0.43903
1789.3,0.44073
1789.9,0.44246
1790.5,0.44411
1791.1,0.44587
1791.7,0.44766
1792.3,0.44937
1793.0,0.45103
1793.6,0.45263
1794.2,0.45425
1794.8,0.45587
1795.4,0.45737
1796.1,0.45884
1796.7,0.46023
1797.3,0.46164
1797.9,0.46294
1798.6,0.46415
1799.2,0.46536
1799.8,0.4666
1800.4,0.46783
1801.1,0.46901
1801.7,0.47018
1802.3,0.47125
1802.9,0.4721
1803.6,0.47302
1804.2,0.47392
1804.8,0.47481
1805.4,0.47565
1806.1,0.47646
1806.7,0.47731
1807.3,0.47805
1808.0,0.47875
1808.6,0.47944
1809.2,0.48009
1809.9,0.48078
1810.5,0.48143
1811.1,0.482
1811.8,0.48254
1812.4,0.48316
1813.0,0.48376
1813.7,0.48426
1814.3,0.48478
1814.9,0.48533
1815.6,0.48596
1816.2,0.48653
1816.8,0.4869
1817.5,0.48723
1818.1,0.4877
1818.8,0.48822
1819.4,0.48868
1820.0,0.48918
1820.7,0.48963
1821.3,0.48988
1821.9,0.49023
1822.6,0.49065
1823.2,0.49093
1823.9,0.49113
1824.5,0.49143
1825.2,0.49173
1825.8,0.4919
1826.4,0.49195
1827.1,0.49199
1827.7,0.49209
1828.4,0.49216
1829.0,0.49226
1829.7,0.49227
1830.3,0.49223
1831.0,0.49227
1831.6,0.49232
1832.3,0.49219
1832.9,0.49194
1833.6,0.4917
1834.2,0.49149
1834.8,0.4912
1835.5,0.49103
1836.1,0.49088
1836.8,0.49055
1837.4,0.49022
1838.1,0.48997
1838.8,0.48968
1839.4,0.48931
1840.1,0.48874
1840.7,0.48823
1841.4,0.48787
1842.0,0.4874
1842.7,0.48682
1843.3,0.48625
1844.0,0.48566
1844.6,0.48496
1845.3,0.48428
1845.9,0.48347
1846.6,0.48258
1847.3,0.48167
1847.9,0.48064
1848.6,0.47953
1849.2,0.47834
1849.9,0.47717
1850.6,0.47594
1851.2,0.47459
1851.9,0.47311
1852.6,0.47152
1853.2,0.46986
1853.9,0.46813
1854.5,0.46636
1855.2,0.4645
1855.9,0.46251
1856.5,0.4604
1857.2,0.45815
1857.9,0.45582
1858.5,0.45341
1859.2,0.4508
1859.9,0.44814
1860.5,0.4454
1861.2,0.44255
1861.9,0.43958
1862.5,0.43663
1863.2,0.43355
1863.9,0.43031
1864.5,0.42697
1865.2,0.4236
1865.9,0.4201
1866.6,0.41653
1867.2,0.41297
1867.9,0.40925
1868.6,0.4055
1869.2,0.40168
1869.9,0.39767
1870.6,0.39359
1871.3,0.38954
1871.9,0.38545
1872.6,0.38129
1873.3,0.37699
1874.0,0.37269
1874.7,0.36839
1875.3,0.36399
1876.0,0.35951
1876.7,0.35501
1877.4,0.35046
1878.0,0.34584
1878.7,0.34117
1879.4,0.3366
1880.1,0.33199
1880.8,0.32744
1881.4,0.32288
1882.1,0.31813
1882.8,0.31343
1883.5,0.30882
1884.2,0.30418
1884.9,0.29961
1885.6,0.29506
1886.2,0.29054
1886.9,0.286
1887.6,0.28149
1888.3,0.27712
1889.0,0.27289
1889.7,0.26863
1890.4,0.26442
1891.1,0.26026
1891.8,0.25613
1892.4,0.2521
1893.1,0.24805
1893.8,0.24406
1894.5,0.24022
1895.2,0.23629
1895.9,0.23234
1896.6,0.22848
1897.3,0.22466
1898.0,0.22076
1898.7,0.21686
1899.4,0.21307
1900.1,0.20937
1900.8,0.20575
1901.5,0.20201
1902.2,0.19833
1902.9,0.19467
1903.6,0.19108
1904.3,0.18755
1905.0,0.18406
1905.7,0.18073
1906.4,0.17752
1907.1,0.17425
1907.8,0.17099
1908.5,0.16782
1909.2,0.16468
1909.9,0.16155
1910.6,0.15856
1911.3,0.15569
1912.0,0.15289
1912.7,0.14996
1913.4,0.14701
1914.1,0.14423
1914.8,0.14154
1915.5,0.13868
1916.2,0.13586
1916.9,0.13306
1917.6,0.1302
1918.3,0.12751
1919.1,0.12491
1919.8,0.12218
1920.5,0.11939
1921.2,0.11672
1921.9,0.11405
1922.6,0.11128
1923.3,0.10864
1924.0,0.10609
1924.8,0.10346
1925.5,0.10085
1926.2,0.09837
1926.9,0.09589
1927.6,0.09348
1928.3,0.09116
1929.1,0.08888
1929.8,0.0868
1930.5,0.0849
1931.2,0.08297
1931.9,0.08118
1932.7,0.07965
1933.4,0.07823
1934.1,0.07692
1934.8,0.07581
1935.5,0.07479
1936.3,0.07389
1937.0,0.07301
1937.7,0.07227
1938.4,0.07171
1939.2,0.07128
1939.9,0.07087
1940.6,0.07044
1941.3,0.07026
1942.1,0.07014
1942.8,0.06992
1943.5,0.06971
1944.2,0.06954
1945.0,0.06939
1945.7,0.06927
1946.4,0.0692
1947.2,0.06906
1947.9,0.06907
1948.6,0.0691
1949.4,0.06909
1950.1,0.0692
1950.8,0.06961
1951.6,0.07019
1952.3,0.07083
1953.0,0.07171
1953.8,0.07292
1954.5,0.07443
1955.2,0.07625
1956.0,0.0784
1956.7,0.08058
1957.5,0.08297
1958.2,0.0856
1958.9,0.088
1959.7,0.09023
1960.4,0.09234
1961.2,0.09424
1961.9,0.09587
1962.6,0.09708
1963.4,0.09799
1964.1,0.09869
1964.9,0.09907
1965.6,0.09929
1966.4,0.09938
1967.1,0.09945
1967.9,0.0994
1968.6,0.09932
1969.3,0.09941
1970.1,0.09946
1970.8,0.09956
1971.6,0.09989
1972.3,0.10022
1973.1,0.10054
1973.8,0.10102
1974.6,0.10158
1975.3,0.10226
1976.1,0.10302
1976.9,0.10388
1977.6,0.10483
1978.4,0.10574
1979.1,0.10667
1979.9,0.10763
1980.6,0.10867
1981.4,0.10969
1982.2,0.11065
1982.9,0.11154
1983.7,0.11235
1984.4,0.11318
1985.2,0.11431
1985.9,0.11553
1986.7,0.11674
1987.5,0.11804
1988.2,0.11953
1989.0,0.12125
1989.8,0.12328
1990.5,0.12558
1991.3,0.12823
1992.1,0.13134
1992.8,0.13477
1993.6,0.13865
1994.3,0.14296
1995.1,0.14763
1995.9,0.15252
1996.7,0.15765
1997.4,0.16298
1998.2,0.16843
1999.0,0.17397
1999.7,0.17951
2000.5,0.18511
2001.3,0.19066
2002.1,0.19588
2002.8,0.20094
2003.6,0.20605
2004.4,0.21103
2005.2,0.21581
2005.9,0.22041
2006.7,0.22476
2007.5,0.22894
2008.3,0.23308
2009.0,0.23705
2009.8,0.24092
2010.6,0.24458
2011.4,0.24816
2012.2,0.25166
2012.9,0.25494
2013.7,0.25814
2014.5,0.26127
2015.3,0.26429
2016.1,0.26721
2016.8,0.26994
2017.6,0.27261
2018.4,0.27515
2019.2,0.2777
2020.0,0.28016
2020.8,0.28249
2021.6,0.28471
2022.3,0.28689
2023.1,0.28901
2023.9,0.2911
2024.7,0.29309
2025.5,0.29493
2026.3,0.29676
2027.1,0.29843
2027.9,0.30015
2028.7,0.30191
2029.5,0.30354
2030.3,0.30506
2031.1,0.30653
2031.9,0.30804
2032.7,0.30962
2033.5,0.31101
2034.3,0.31224
2035.1,0.31355
2035.8,0.3148
2036.7,0.31603
2037.4,0.31737
2038.3,0.31864
2039.1,0.31973
2039.9,0.32089
2040.7,0.322
2041.5,0.32299
2042.3,0.32405
2043.1,0.32507
2043.9,0.32603
2044.7,0.32688
2045.5,0.32774
2046.3,0.32869
2047.1,0.32953
2047.9,0.33029
2048.7,0.33096
2049.5,0.33147
2050.4,0.33201
2051.2,0.3325
2052.0,0.33284
2052.8,0.33312
2053.6,0.33339
2054.4,0.33344
2055.2,0.33335
2056.0,0.33328
2056.9,0.33306
2057.7,0.33282
2058.5,0.33257
2059.3,0.33227
2060.1,0.3319
2060.9,0.33148
2061.8,0.331
2062.6,0.33057
2063.4,0.33017
2064.2,0.32981
2065.1,0.32956
2065.9,0.32958
2066.7,0.32963
2067.5,0.32959
2068.3,0.32966
2069.2,0.32976
2070.0,0.32993
2070.8,0.33013
2071.6,0.33037
2072.5,0.33058
2073.3,0.3307
2074.1,0.33085
2075.0,0.33096
2075.8,0.33103
2076.6,0.33106
2077.5,0.33092
2078.3,0.33074
2079.1,0.3306
2080.0,0.33046
2080.8,0.33018
2081.6,0.32984
2082.5,0.3296
2083.3,0.32915
2084.1,0.32859
2085.0,0.32806
2085.8,0.32746
2086.6,0.32683
2087.5,0.32621
2088.3,0.32562
2089.2,0.32498
2090.0,0.32422
2090.9,0.32335
2091.7,0.32246
2092.6,0.32156
2093.4,0.32069
2094.2,0.31983
2095.1,0.31887
2095.9,0.31789
2096.8,0.31691
2097.6,0.3159
2098.5,0.31483
2099.3,0.31385
2100.2,0.31286
2101.0,0.31174
2101.9,0.31062
2102.7,0.30946
2103.6,0.30822
2104.4,0.30712
2105.3,0.30599
2106.1,0.30481
2107.0,0.30365
2107.9,0.30246
2108.7,0.3013
2109.6,0.30011
2110.4,0.29891
2111.3,0.29777
2112.1,0.29663
2113.0,0.29547
2113.9,0.2943
2114.7,0.29316
2115.6,0.29199
2116.5,0.29079
2117.3,0.28961
2118.2,0.28847
2119.1,0.28733
2119.9,0.28613
2120.8,0.28509
2121.7,0.28405
2122.5,0.28286
2123.4,0.28179
2124.3,0.28087
2125.1,0.27977
2126.0,0.27864
2126.9,0.27765
2127.8,0.27675
2128.6,0.27586
2129.5,0.2749
2130.4,0.27397
2131.3,0.27307
2132.1,0.27224
2133.0,0.27157
2133.9,0.27081
2134.8,0.27001
2135.6,0.26926
2136.5,0.26853
2137.4,0.26786
2138.3,0.2671
2139.2,0.26626
2140.1,0.26549
2140.9,0.26471
2141.8,0.26389
2142.7,0.26315
2143.6,0.26243
2144.5,0.26159
2145.4,0.26076
2146.3,0.25984
2147.1,0.25885
2148.0,0.2579
2148.9,0.25686
2149.8,0.25578
2150.7,0.25483
2151.6,0.25382
2152.5,0.25266
2153.4,0.25156
2154.3,0.25052
2155.2,0.24941
2156.1,0.24837
2157.0,0.24744
2157.9,0.2465
2158.8,0.24543
2159.7,0.24431
2160.6,0.24329
2161.5,0.24226
2162.4,0.24125
2163.3,0.24028
2164.2,0.23932
2165.1,0.23834
2166.0,0.23725
2166.9,0.2362
2167.8,0.23522
2168.7,0.23429
2169.6,0.2333
2170.5,0.23228
2171.4,0.23131
2172.3,0.23051
2173.2,0.22978
2174.1,0.22906
2175.1,0.22845
2176.0,0.228
2176.9,0.22763
2177.8,0.22731
2178.7,0.22705
2179.6,0.22681
2180.6,0.22662
2181.5,0.22654
2182.4,0.22646
2183.3,0.22632
2184.2,0.22625
2185.1,0.22615
2186.1,0.22594
2187.0,0.22574
2187.9,0.22546
2188.8,0.22512
2189.8,0.2247
2190.7,0.22418
2191.6,0.22366
2192.5,0.22307
2193.5,0.22244
2194.4,0.22179
2195.3,0.22105
2196.3,0.2203
2197.2,0.21945
2198.1,0.21856
2199.1,0.21768
2200.0,0.21664
2200.9,0.21554
2201.9,0.21445
2202.8,0.21335
2203.7,0.2121
2204.7,0.21088
2205.6,0.20973
2206.5,0.20848
2207.5,0.20722
2208.4,0.20596
2209.4,0.20466
2210.3,0.20341
2211.2,0.20204
2212.2,0.20073
2213.1,0.19955
2214.1,0.19843
2215.0,0.19744
2216.0,0.19665
2216.9,0.19601
2217.9,0.1956
2218.8,0.19558
2219.8,0.19605
2220.7,0.19696
2221.7,0.19836
2222.6,0.20001
2223.6,0.20199
2224.5,0.2044
2225.5,0.20683
2226.4,0.2092
2227.4,0.21149
2228.4,0.21369
2229.3,0.21575
2230.3,0.21763
2231.2,0.21936
2232.2,0.22094
2233.1,0.2224
2234.1,0.22366
2235.1,0.22475
2236.0,0.22575
2237.0,0.22668
2238.0,0.22749
2238.9,0.22828
2239.9,0.22892
2240.9,0.22936
2241.8,0.2298
2242.8,0.23027
2243.8,0.23061
2244.8,0.23075
2245.7,0.23087
2246.7,0.231
2247.7,0.231
2248.6,0.23093
2249.6,0.23082
2250.6,0.23064
2251.6,0.23055
2252.6,0.23026
2253.5,0.22973
2254.5,0.22924
2255.5,0.2287
2256.5,0.22811
2257.5,0.22735
2258.4,0.22645
2259.4,0.22548
2260.4,0.22445
2261.4,0.22337
2262.4,0.22227
2263.4,0.2212
2264.4,0.22004
2265.4,0.21897
2266.3,0.21811
2267.3,0.21734
2268.3,0.21699
2269.3,0.21704
2270.3,0.21743
2271.3,0.21824
2272.3,0.21944
2273.3,0.221
2274.3,0.22278
2275.3,0.22464
2276.3,0.22654
2277.3,0.22848
2278.3,0.23031
2279.3,0.23207
2280.3,0.23367
2281.3,0.23521
2282.3,0.23665
2283.3,0.23793
2284.3,0.23919
2285.3,0.24033
2286.3,0.24133
2287.3,0.24233
2288.3,0.2432
2289.4,0.24389
2290.4,0.24455
2291.4,0.24524
2292.4,0.24583
2293.4,0.24637
2294.4,0.24692
2295.4,0.24739
2296.4,0.24773
2297.5,0.24799
2298.5,0.24828
2299.5,0.24859
2300.5,0.24898
2301.6,0.2493
2302.6,0.2494
2303.6,0.24956
2304.6,0.24976
2305.6,0.24992
2306.7,0.25005
2307.7,0.25004
2308.7,0.24998
2309.8,0.24995
2310.8,0.24995
2311.8,0.24997
2312.8,0.2499
2313.9,0.24979
2314.9,0.24977
2315.9,0.24975
2317.0,0.24959
2318.0,0.24937
2319.1,0.24923
2320.1,0.2491
2321.1,0.24886
2322.2,0.24854
2323.2,0.24821
2324.3,0.24799
2325.3,0.24765
2326.3,0.24706
2327.4,0.24662
2328.4,0.24615
2329.5,0.24542
2330.5,0.24462
2331.6,0.24388
2332.6,0.24313
2333.7,0.24236
2334.7,0.24149
2335.8,0.24052
2336.8,0.23958
2337.9,0.23858
2338.9,0.23736
2340.0,0.23608
2341.0,0.23492
2342.1,0.23376
2343.1,0.23249
2344.2,0.23135
2345.3,0.23019
2346.3,0.22884
2347.4,0.22755
2348.5,0.22622
2349.5,0.22474
2350.6,0.2233
2351.7,0.222
2352.7,0.22058
2353.8,0.21895
2354.9,0.21736
2355.9,0.21578
2357.0,0.21409
2358.1,0.21241
2359.1,0.21065
2360.2,0.20879
2361.3,0.20698
2362.4,0.2051
2363.4,0.20309
2364.5,0.20099
2365.6,0.19894
2366.7,0.19685
2367.8,0.19467
2368.9,0.19251
2369.9,0.19034
2371.0,0.18802
2372.1,0.18562
2373.2,0.18322
2374.3,0.18084
2375.4,0.17841
2376.4,0.17589
2377.5,0.17338
2378.6,0.17075
2379.7,0.16807
2380.8,0.16547
2381.9,0.16276
2383.0,0.15992
2384.1,0.15703
2385.2,0.1542
2386.3,0.15152
2387.4,0.14867
2388.5,0.14573
2389.6,0.14276
2390.7,0.13977
2391.8,0.13697
2392.9,0.13417
2394.0,0.13126
2395.1,0.12829
2396.2,0.12546
2397.3,0.12281
2398.4,0.1202
2399.5,0.11757
2400.6,0.115
2401.8,0.11253
2402.9,0.1102
2404.0,0.108
2405.1,0.10589
2406.2,0.10387
2407.3,0.10199
2408.5,0.10033
2409.6,0.09872
2410.7,0.09709
2411.8,0.0956
2412.9,0.09425
2414.1,0.09312
2415.2,0.0921
2416.3,0.09108
2417.4,0.09017
2418.6,0.08931
2419.7,0.08869
2420.8,0.08804
2422.0,0.0873
2423.1,0.08676
2424.2,0.08631
2425.4,0.0858
2426.5,0.08527
2427.6,0.08476
2428.8,0.08427
2429.9,0.08378
2431.1,0.08337
2432.2,0.08294
2433.3,0.0825
2434.5,0.08211
2435.6,0.08173
2436.8,0.08137
2437.9,0.08108
2439.1,0.08076
2440.2,0.08051
2441.4,0.08023
2442.5,0.08002
2443.6,0.07989
2444.8,0.07959
2445.9,0.07946
2447.1,0.07947
2448.3,0.07943
2449.4,0.07931
2450.6,0.07903
2451.7,0.07882
2452.9,0.07858
2454.1,0.07835
2455.2,0.07812
2456.4,0.07775
2457.6,0.0773
2458.7,0.0768
2459.9,0.07639
2461.1,0.07595
2462.2,0.07541
2463.4,0.07479
2464.6,0.07425
2465.7,0.07373
2466.9,0.07313
2468.1,0.0726
2469.3,0.07214
2470.4,0.07175
2471.6,0.07128
2472.8,0.07079
2474.0,0.07035
2475.1,0.07
2476.3,0.06978
2477.5,0.06958
2478.7,0.06934
2479.9,0.06924
2481.1,0.06904
2482.3,0.06886
2483.4,0.06893
2484.6,0.06899
2485.8,0.06889
2487.0,0.06878
2488.2,0.06884
2489.4,0.06895
2490.6,0.06911
2491.8,0.06921
2493.0,0.06929
2494.2,0.06946
2495.4,0.06959
2496.6,0.0698
2497.8,0.07005
2499.0,0.0703
2500.2,0.07064
2501.4,0.07099
2502.6,0.07123
2503.8,0.07147
2505.0,0.07179
2506.3,0.07214
2507.5,0.07238
2508.7,0.07266
2509.9,0.07301
2511.1,0.07343
2512.3,0.07383
2513.5,0.07407
2514.8,0.07421
2516.0,0.07443
2517.2,0.07473
2518.4,0.07491
2519.6,0.07516
2520.9,0.07543
2522.1,0.07563
2523.3,0.07576
2524.6,0.07593
2525.8,0.07599
2527.0,0.07604
2528.2,0.07622
2529.5,0.07628
2530.7,0.07624
2531.9,0.07629
2533.2,0.07627
2534.4,0.07618
2535.7,0.0761
2536.9,0.07594
2538.1,0.07576
2539.4,0.07563
2540.6,0.07547
2541.9,0.07523
2543.1,0.07497
2544.4,0.07468
2545.6,0.07448
2546.9,0.0742
2548.1,0.07388
2549.4,0.07367
2550.6,0.07337
2551.9,0.07303
2553.1,0.0728
2554.4,0.07263
2555.6,0.07238
2556.9,0.07205
2558.2,0.07169
2559.4,0.07138
2560.7,0.07112
2562.0,0.07087
2563.2,0.07061
2564.5,0.07038
2565.8,0.07016
2567.0,0.06994
2568.3,0.0696
2569.6,0.06926
2570.9,0.06909
2572.1,0.06908
2573.4,0.069
2574.7,0.0689
2576.0,0.0688
2577.3,0.06859
2578.5,0.06844
2579.8,0.06847
2581.1,0.06844
2582.4,0.06838
2583.7,0.06835
2585.0,0.06835
2586.2,0.06827
2587.5,0.06814
2588.8,0.06802
2590.1,0.06797
2591.4,0.06799
2592.7,0.06785
2594.0,0.06767
2595.3,0.06758
2596.6,0.06749
2597.9,0.06728
2599.2,0.06718
2600.5,0.06705
2601.8,0.06689
2603.1,0.06668
2604.4,0.06644
2605.7,0.06631
2607.1,0.06614
2608.4,0.06592
2609.7,0.06572
2611.0,0.06555
2612.3,0.06535
2613.6,0.06512
2614.9,0.06489
2616.3,0.06469
2617.6,0.06449
2618.9,0.06443
2620.2,0.06431
2621.6,0.06395
2622.9,0.0637
2624.2,0.06363
2625.5,0.06347
2626.9,0.06318
2628.2,0.0628
2629.5,0.06258
2630.9,0.0623
2632.2,0.062
2633.5,0.06184
2634.9,0.06151
2636.2,0.06105
2637.6,0.06059
2638.9,0.06018
2640.2,0.05987
2641.6,0.05951
2642.9,0.05905
2644.3,0.05856
2645.6,0.05795
2647.0,0.05735
2648.3,0.05672
2649.7,0.05609
2651.0,0.05543
2652.4,0.05476
2653.8,0.05404
2655.1,0.05339
2656.5,0.05268
2657.8,0.05188
2659.2,0.0511
2660.6,0.05041
2661.9,0.04964
2663.3,0.0489
2664.7,0.04815
2666.0,0.04737
2667.4,0.04668
2668.8,0.04599
2670.1,0.04536
2671.5,0.04471
2672.9,0.04407
2674.3,0.04348
2675.6,0.04301
2677.0,0.0425
2678.4,0.04196
2679.8,0.04144
2681.2,0.04094
2682.6,0.04044
2684.0,0.03986
2685.4,0.03932
2686.8,0.03879
2688.1,0.0382
2689.5,0.03768
2690.9,0.03713
2692.3,0.0365
2693.7,0.0358
2695.1,0.03512
2696.5,0.03454
2697.9,0.03389
2699.3,0.03316
2700.7,0.03244
2702.1,0.03187
2703.6,0.03143
2705.0,0.03093
2706.4,0.03037
2707.8,0.02987
2709.2,0.02941
2710.6,0.02904
2712.0,0.02861
2713.5,0.02823
2714.9,0.02786
2716.3,0.02741
2717.7,0.02715
2719.1,0.02689
2720.6,0.02649
2722.0,0.02611
2723.4,0.0258
2724.9,0.02556
2726.3,0.02522
2727.7,0.02489
2729.2,0.02477
2730.6,0.02453
2732.0,0.02418
2733.5,0.02394
2734.9,0.02366
2736.4,0.02337
2737.8,0.02324
2739.3,0.02309
2740.7,0.02281
2742.2,0.02239
2743.6,0.02201
2745.1,0.02189
2746.5,0.02183
2748.0,0.02161
2749.4,0.02128
2750.9,0.02114
2752.3,0.02103
2753.8,0.02082
2755.3,0.0207
2756.7,0.02059
2758.2,0.02031
2759.7,0.02005
2761.1,0.02002
2762.6,0.02005
2764.1,0.01997
2765.6,0.01995
2767.0,0.01989
2768.5,0.01974
2770.0,0.01973
2771.5,0.01987
2772.9,0.02002
2774.4,0.02019
2775.9,0.02023
2777.4,0.02038
2778.9,0.02064
2780.4,0.02086
2781.9,0.02124
2783.4,0.02151
2784.9,0.0218
2786.4,0.02229
2787.9,0.0228
2789.4,0.0232
2790.9,0.02375
2792.4,0.02456
2793.9,0.02538
2795.4,0.02625
2796.9,0.02715
2798.4,0.02812
2799.9,0.02915
2801.4,0.03017
2802.9,0.03134
2804.4,0.03259
2806.0,0.03363
2807.5,0.03463
2809.0,0.03583
2810.5,0.03711
2812.1,0.03836
2813.6,0.03932
2815.1,0.04006
2816.6,0.04078
2818.2,0.04143
2819.7,0.04195
2821.2,0.04223
2822.8,0.04244
2824.3,0.04254
2825.8,0.04251
2827.4,0.04243
2828.9,0.04213
2830.5,0.04158
2832.0,0.04115
2833.6,0.04076
2835.1,0.04012
2836.7,0.03942
2838.2,0.03882
2839.8,0.03815
2841.3,0.03751
2842.9,0.0368
2844.4,0.03615
2846.0,0.03555
2847.6,0.03498
2849.1,0.03437
2850.7,0.03368
2852.3,0.0331
2853.8,0.03254
2855.4,0.03193
2857.0,0.03139
2858.6,0.03104
2860.1,0.03062
2861.7,0.03023
2863.3,0.02998
2864.9,0.02977
2866.4,0.02959
2868.0,0.02933
2869.6,0.02901
2871.2,0.02873
2872.8,0.02853
2874.4,0.02836
2876.0,0.02807
2877.6,0.02773
2879.2,0.02761
2880.8,0.02752
2882.4,0.02731
2884.0,0.02724
2885.6,0.02732
2887.2,0.02734
2888.8,0.02731
2890.4,0.02749
2892.0,0.02765
2893.6,0.02779
2895.3,0.02809
2896.9,0.02859
2898.5,0.02922
2900.1,0.03005
2901.7,0.03099
2903.4,0.03195
2905.0,0.03317
2906.6,0.0346
2908.3,0.03613
2909.9,0.03787
2911.5,0.03983
2913.1,0.04186
2914.8,0.04402
2916.4,0.04624
2918.1,0.04841
2919.7,0.05055
2921.4,0.05264
2923.0,0.0546
2924.7,0.05632
2926.3,0.05757
2928.0,0.05863
2929.6,0.05949
2931.3,0.06006
2932.9,0.06023
2934.6,0.06008
2936.3,0.0596
2937.9,0.05898
2939.6,0.05819
2941.2,0.05727
2942.9,0.05628
2944.6,0.05524
2946.3,0.05417
2947.9,0.05302
2949.6,0.05195
2951.3,0.05098
2953.0,0.0498
2954.6,0.04868
2956.3,0.04773
2958.0,0.04693
2959.7,0.04624
2961.4,0.04561
2963.1,0.04497
2964.8,0.04419
2966.5,0.04341
2968.2,0.04288
2969.9,0.04237
2971.6,0.04191
2973.3,0.0415
2975.0,0.04095
2976.7,0.04059
2978.4,0.04028
2980.1,0.04003
2981.8,0.03984
2983.6,0.03957
2985.3,0.03937
2987.0,0.0393
2988.7,0.03914
2990.4,0.03888
2992.2,0.03874
2993.9,0.03865
2995.6,0.03857
2997.4,0.03851
2999.1,0.0384
3000.8,0.03821
3002.6,0.03806
3004.3,0.03793
3006.0,0.03786
3007.8,0.03786
3009.5,0.03799
3011.3,0.03798
3013.0,0.03773
3014.8,0.03754
3016.5,0.03735
3018.3,0.03729
3020.0,0.03727
3021.8,0.03719
3023.6,0.03718
3025.3,0.03722
3027.1,0.03711
3028.9,0.03688
3030.6,0.03677
3032.4,0.0367
3034.2,0.03663
3036.0,0.03665
3037.7,0.03663
3039.5,0.03658
3041.3,0.03651
3043.1,0.03641
3044.9,0.03635
3046.7,0.03637
3048.4,0.03628
3050.2,0.03619
3052.0,0.03607
3053.8,0.03597
3055.6,0.03592
3057.4,0.03586
3059.2,0.03595
3061.1,0.03584
3062.9,0.03552
3064.7,0.03555
3066.5,0.03561
3068.3,0.03554
3070.1,0.0355
3071.9,0.03553
3073.8,0.03542
3075.6,0.03538
3077.4,0.03552
3079.2,0.03575
3081.1,0.03576
3082.9,0.03584
3084.7,0.03608
3086.6,0.03635
3088.4,0.03653
3090.2,0.03666
3092.1,0.0367
3093.9,0.03676
3095.8,0.03687
3097.6,0.03696
3099.5,0.03691
3101.3,0.03696
3103.2,0.03707
3105.0,0.03696
3106.9,0.03699
3108.8,0.03711
3110.6,0.03704
3112.5,0.03688
3114.4,0.03688
3116.2,0.03696
3118.1,0.03707
3120.0,0.03714
3121.9,0.03725
3123.7,0.03732
3125.6,0.03717
3127.5,0.03714
3129.4,0.03713
3131.3,0.03709
3133.2,0.03715
3135.1,0.03727
3137.0,0.03733
3138.9,0.03754
3140.8,0.03763
3142.7,0.03774
3144.6,0.03785
3146.5,0.0379
3148.4,0.03806
3150.3,0.03812
3152.2,0.03816
3154.1,0.03841
3156.1,0.03871
3158.0,0.03876
3159.9,0.03871
3161.8,0.03879
3163.8,0.03894
3165.7,0.03903
3167.6,0.03907
3169.6,0.03927
3171.5,0.03956
3173.4,0.03966
3175.4,0.03978
3177.3,0.0399
3179.3,0.04009
3181.2,0.04035
3183.2,0.04051
3185.1,0.04067
3187.1,0.04078
3189.1,0.04112
3191.0,0.04137
3193.0,0.04131
3194.9,0.04138
3196.9,0.04156
3198.9,0.04172
3200.9,0.042
3202.9,0.04208
3204.8,0.04222
3206.8,0.04243
3208.8,0.04257
3210.8,0.04272
3212.8,0.04298
3214.8,0.0433
3216.8,0.04337
3218.8,0.04338
3220.8,0.04356
3222.8,0.04392
3224.8,0.04426
3226.8,0.04446
3228.8,0.04475
3230.8,0.04502
3232.8,0.04522
3234.8,0.04536
3236.8,0.04558
3238.9,0.04585
3240.9,0.04603
3242.9,0.04623
3244.9,0.04654
3247.0,0.04696
3249.0,0.04727
3251.0,0.04749
3253.1,0.04782
3255.1,0.04813
3257.2,0.04836
3259.2,0.04871
3261.3,0.0492
3263.3,0.04967
3265.4,0.05001
3267.4,0.05034
3269.5,0.05068
3271.6,0.05093
3273.6,0.05133
3275.7,0.0518
3277.8,0.05239
3279.8,0.05284
3281.9,0.05323
3284.0,0.05366
3286.1,0.05411
3288.1,0.05473
3290.2,0.0553
3292.3,0.05577
3294.4,0.05642
3296.5,0.05708
3298.6,0.05769
3300.7,0.05816
3302.8,0.05859
3304.9,0.05911
3307.0,0.05967
3309.1,0.06034
3311.2,0.06103
3313.4,0.0615
3315.5,0.06214
3317.6,0.06287
3319.7,0.06344
3321.9,0.06409
3324.0,0.06478
3326.1,0.06537
3328.3,0.06592
3330.4,0.06651
3332.5,0.06719
3334.7,0.06785
3336.8,0.06829
3339.0,0.06879
3341.1,0.06941
3343.3,0.07009
3345.4,0.07067
3347.6,0.07125
3349.8,0.07168
3351.9,0.0722
3354.1,0.07287
3356.3,0.07349
3358.4,0.07407
3360.6,0.07471
3362.8,0.07551
3365.0,0.07626
3367.1,0.07688
3369.3,0.07764
3371.5,0.07845
3373.7,0.0793
3375.9,0.08024
3378.1,0.08113
3380.3,0.08177
3382.5,0.08243
3384.7,0.08327
3386.9,0.08417
3389.1,0.08509
3391.4,0.08604
3393.6,0.08683
3395.8,0.0876
3398.0,0.08825
3400.3,0.08895
3402.5,0.08966
3404.7,0.09031
3407.0,0.091
3409.2,0.09172
3411.4,0.09235
3413.7,0.09294
3415.9,0.09364
3418.2,0.09438
3420.4,0.09505
3422.7,0.09573
3425.0,0.09649
3427.2,0.09713
3429.5,0.09786
3431.8,0.09848
3434.0,0.0992
3436.3,0.10003
3438.6,0.10088
3440.9,0.1016
3443.2,0.10226
3445.4,0.10306
3447.7,0.10382
3450.0,0.1045
3452.3,0.10522
3454.6,0.10618
3456.9,0.1071
3459.2,0.1078
3461.6,0.10854
3463.9,0.10932
3466.2,0.11003
3468.5,0.11058
3470.8,0.11119
3473.1,0.11194
3475.5,0.11278
3477.8,0.11353
3480.1,0.11414
3482.5,0.11484
3484.8,0.11564
3487.2,0.11661
3489.5,0.11749
3491.9,0.11813
3494.2,0.11897
3496.6,0.12
3498.9,0.12085
3501.3,0.12167
3503.6,0.12251
3506.0,0.1233
3508.4,0.12408
3510.8,0.12498
3513.1,0.12579
3515.5,0.12656
3517.9,0.12719
3520.3,0.12788
3522.7,0.1286
3525.1,0.12915
3527.5,0.12986
3529.9,0.13076
3532.3,0.13139
3534.7,0.13187
3537.1,0.13239
3539.5,0.13311
3541.9,0.13379
3544.4,0.13438
3546.8,0.13518
3549.2,0.13588
3551.6,0.13663
3554.1,0.13742
3556.5,0.13823
3559.0,0.13907
3561.4,0.13995
3563.9,0.14067
3566.3,0.1414
3568.8,0.1423
3571.2,0.14321
3573.7,0.14398
3576.1,0.14477
3578.6,0.14549
3581.1,0.14639
3583.6,0.1476
3586.0,0.14877
3588.5,0.14981
3591.0,0.15086
3593.5,0.15197
3596.0,0.15313
3598.5,0.15422
3601.0,0.15543
3603.5,0.15683
3606.0,0.15806
3608.5,0.15921
3611.0,0.16049
3613.5,0.16168
3616.0,0.16286
3618.6,0.16402
3621.1,0.16498
3623.6,0.16594
3626.1,0.16697
3628.7,0.16796
3631.2,0.16892
3633.8,0.16982
3636.3,0.17069
3638.9,0.17157
3641.4,0.17272
3644.0,0.17391
3646.6,0.17491
3649.1,0.17588
3651.7,0.17681
3654.3,0.17782
3656.8,0.17869
3659.4,0.17967
3662.0,0.18076
3664.6,0.18164
3667.2,0.18245
3669.8,0.18343
3672.4,0.18429
3675.0,0.18505
3677.6,0.18575
3680.2,0.18639
3682.8,0.18693
3685.4,0.18773
3688.1,0.18851
3690.7,0.18926
3693.3,0.18993
3695.9,0.19039
3698.6,0.1909
3701.2,0.19141
3703.9,0.19184
3706.5,0.19217
3709.2,0.19224
3711.8,0.19223
3714.5,0.19227
3717.1,0.19254
3719.8,0.19278
3722.5,0.19304
3725.1,0.19327
3727.8,0.19323
3730.5,0.19339
3733.2,0.19373
3735.9,0.19391
3738.6,0.1942
3741.3,0.19451
3744.0,0.19492
3746.7,0.19543
3749.4,0.19562
3752.1,0.19553
3754.8,0.19574
3757.6,0.19587
3760.3,0.19601
3763.0,0.19607
3765.7,0.19606
3768.5,0.19607
3771.2,0.19602
3774.0,0.1959
3776.7,0.19584
3779.5,0.19577
3782.2,0.19562
3785.0,0.19547
3787.7,0.19533
3790.5,0.19519
3793.3,0.19512
3796.1,0.19515
3798.8,0.19517
3801.6,0.19513
3804.4,0.19513
3807.2,0.19516
3810.0,0.19525
3812.8,0.19536
3815.6,0.19542
3818.4,0.19543
3821.2,0.19531
3824.1,0.19515
3826.9,0.19498
3829.7,0.19476
3832.5,0.19447
3835.4,0.19414
3838.2,0.1937
3841.1,0.19319
3843.9,0.19259
3846.8,0.19177
3849.6,0.19068
3852.5,0.18928
3855.3,0.18743
3858.2,0.18501
3861.1,0.18198
3863.9,0.17823
3866.8,0.17405
3869.7,0.17035
3872.6,0.16865
3875.5,0.16968
3878.4,0.1725
3881.3,0.17569
3884.2,0.17827
3887.1,0.17994
3890.0,0.18082
3892.9,0.1811
3895.9,0.18105
3898.8,0.18078
3901.7,0.18019
3904.7,0.17933
3907.6,0.17833
3910.6,0.1772
3913.5,0.17602
3916.5,0.17482
3919.4,0.17356
3922.4,0.17231
3925.4,0.17102
3928.4,0.16968
3931.3,0.16825
3934.3,0.16676
3937.3,0.16523
3940.3,0.16354
3943.3,0.16175
3946.3,0.15988
3949.3,0.15779
3952.3,0.15549
3955.3,0.15306
3958.3,0.15043
3961.4,0.14753
3964.4,0.14453
3967.4,0.14156
3970.5,0.13909
3973.5,0.13763
3976.5,0.13743
3979.6,0.13844
3982.6,0.14008
3985.7,0.1416
3988.8,0.14271
3991.9,0.14345
3994.9,0.14382
3998.0,0.14384
4001.1,0.14369
4004.2,0.14334
4007.3,0.14273
4010.4,0.14195
4013.5,0.14111
4016.6,0.14025
4019.7,0.1393
4022.8,0.13818
4025.9,0.13701
4029.1,0.13585
4032.2,0.13459
4035.3,0.13324
4038.5,0.13184
4041.6,0.1304
4044.8,0.129
4047.9,0.12754
4051.1,0.12601
4054.3,0.12449
4057.4,0.12294
4060.6,0.12135
4063.8,0.11982
4067.0,0.11827
4070.2,0.11673
4073.4,0.11512
4076.6,0.11347
4079.8,0.11186
4083.0,0.11028
4086.2,0.1087
4089.4,0.10713
4092.7,0.10558
4095.9,0.10406
4099.1,0.10247
4102.4,0.10091
4105.6,0.09946
4108.9,0.09804
4112.1,0.09659
4115.4,0.09512
4118.7,0.09367
4122.0,0.09229
4125.2,0.09089
4128.5,0.08949
4131.8,0.08809
4135.1,0.08674
4138.4,0.08545
4141.7,0.08417
4145.0,0.08285
4148.3,0.08153
4151.6,0.0802
4155.0,0.07889
4158.3,0.07761
4161.6,0.07638
4165.0,0.07514
4168.3,0.0739
4171.7,0.07267
4175.0,0.07143
4178.4,0.07018
4181.8,0.06898
4185.2,0.06777
4188.5,0.06656
4191.9,0.06532
4195.3,0.0641
4198.7,0.06293
4202.1,0.06176
4205.5,0.06063
4208.9,0.05956
4212.4,0.05843
4215.8,0.05728
4219.2,0.05622
4222.6,0.05518
4226.1,0.05405
4229.5,0.05296
4233.0,0.05198
4236.5,0.05089
4239.9,0.04981
4243.4,0.0488
4246.9,0.04776
4250.3,0.04677
4253.8,0.0458
4257.3,0.04482
4260.8,0.04383
4264.3,0.04291
4267.8,0.04206
4271.3,0.04119
4274.9,0.04031
4278.4,0.03949
4281.9,0.03864
4285.5,0.03781
4289.0,0.03701
4292.6,0.03626
4296.1,0.03549
4299.7,0.03473
4303.3,0.03401
4306.8,0.03338
4310.4,0.03281
4314.0,0.03225
4317.6,0.03172
4321.2,0.03126
4324.8,0.03085
4328.4,0.03048
4332.0,0.03012
4335.6,0.02974
4339.3,0.02947
4342.9,0.02927
4346.5,0.02903
4350.2,0.02879
4353.8,0.02863
4357.5,0.02845
4361.1,0.02823
4364.8,0.02803
4368.5,0.02784
4372.2,0.02773
4375.9,0.0276
4379.6,0.02747
4383.3,0.02733
4387.0,0.02711
4390.7,0.02693
4394.4,0.0268
4398.1,0.02663
4401.9,0.02648
4405.6,0.02637
4409.4,0.02631
4413.1,0.02619
4416.9,0.02602
4420.6,0.02594
4424.4,0.02581
4428.2,0.02563
4432.0,0.02557
4435.8,0.0255
4439.6,0.02534
4443.4,0.02525
4447.2,0.02526
4451.0,0.02526
4454.8,0.02519
4458.6,0.02513
4462.5,0.02514
4466.3,0.02513
4470.2,0.02513
4474.0,0.02514
4477.9,0.02511
4481.8,0.02508
4485.6,0.02511
4489.5,0.02515
4493.4,0.02518
4497.3,0.02518
4501.2,0.02521
4505.1,0.02525
4509.0,0.0253
4513.0,0.02535
4516.9,0.02535
4520.8,0.02535
4524.8,0.02531
4528.7,0.02531
4532.7,0.02533
4536.7,0.02536
4540.6,0.02544
4544.6,0.02553
4548.6,0.02558
4552.6,0.02562
4556.6,0.02568
4560.6,0.02581
4564.6,0.02595
4568.6,0.02608
4572.7,0.02623
4576.7,0.02638
4580.8,0.02649
4584.8,0.02662
4588.9,0.02679
4592.9,0.02696
4597.0,0.02711
4601.1,0.0272
4605.2,0.02725
4609.3,0.0273
4613.4,0.0274
4617.5,0.02746
4621.6,0.0275
4625.7,0.02753
4629.8,0.02755
4634.0,0.02756
4638.1,0.02752
4642.3,0.02755
4646.4,0.02761
4650.6,0.02755
4654.8,0.02741
4659.0,0.02721
4663.1,0.02705
4667.3,0.02697
4671.5,0.02688
4675.8,0.02674
4680.0,0.02663
4684.2,0.02661
4688.4,0.02658
4692.7,0.02654
4696.9,0.02655
4701.2,0.02656
4705.5,0.02655
4709.7,0.0265
4714.0,0.02643
4718.3,0.02633
4722.6,0.02619
4726.9,0.02617
4731.2,0.02618
4735.5,0.02626
4739.9,0.02655
4744.2,0.02691
4748.5,0.02736
4752.9,0.02799
4757.3,0.02878
4761.6,0.02969
4766.0,0.03075
4770.4,0.03195
4774.8,0.03326
4779.2,0.03455
4783.6,0.03586
4788.0,0.03718
4792.4,0.03848
4796.9,0.0397
4801.3,0.04087
4805.8,0.04203
4810.2,0.04317
4814.7,0.04425
4819.1,0.04523
4823.6,0.0462
4828.1,0.04712
4832.6,0.04794
4837.1,0.04876
4841.6,0.04956
4846.2,0.05024
4850.7,0.05092
4855.3,0.05161
4859.8,0.05228
4864.4,0.05289
4868.9,0.05345
4873.5,0.05403
4878.1,0.05467
4882.7,0.05532
4887.3,0.05608
4891.9,0.05678
4896.5,0.05743
4901.1,0.05806
4905.8,0.05866
4910.4,0.05925
4915.1,0.05984
4919.7,0.06041
4924.4,0.06093
4929.1,0.0614
4933.8,0.06184
4938.5,0.06225
4943.2,0.06252
4947.9,0.06268
4952.6,0.06278
4957.4,0.06268
4962.1,0.0622
4966.9,0.06127
4971.6,0.06025
4976.4,0.05982
4981.2,0.06056
4986.0,0.06196
4990.8,0.06309
4995.6,0.06379
5000.4,0.06424
5005.2,0.06454
5010.0,0.06476
5014.9,0.06487
5019.8,0.06486
5024.6,0.06492
5029.5,0.06495
5034.4,0.06492
5039.3,0.06496
5044.2,0.06504
5049.1,0.06509
5054.0,0.06517
5058.9,0.06528
5063.9,0.06538
5068.8,0.06552
5073.8,0.06571
5078.8,0.06596
5083.7,0.06623
5088.7,0.06646
5093.7,0.06669
5098.7,0.06686
5103.7,0.06704
5108.8,0.0673
5113.8,0.06757
5118.9,0.06777
5123.9,0.06796
5129.0,0.06818
5134.1,0.06843
5139.1,0.0687
5144.3,0.06907
5149.4,0.06942
5154.5,0.0698
5159.6,0.07017
5164.7,0.07059
5169.9,0.07101
5175.0,0.07147
5180.2,0.0719
5185.4,0.07236
5190.6,0.07272
5195.8,0.07301
5201.0,0.07328
5206.2,0.07356
5211.5,0.07379
5216.7,0.07391
5222.0,0.07398
5227.2,0.074
5232.5,0.07397
5237.8,0.07388
5243.1,0.0737
5248.4,0.07351
5253.7,0.07323
5259.0,0.07297
5264.4,0.07262
5269.7,0.07229
5275.1,0.07196
5280.5,0.07159
5285.8,0.07123
5291.2,0.07089
5296.6,0.07053
5302.0,0.07022
5307.5,0.06996
5312.9,0.06971
5318.4,0.06941
5323.8,0.06912
5329.3,0.06881
5334.8,0.06841
5340.3,0.06804
5345.8,0.06771
5351.3,0.06734
5356.8,0.06693
5362.4,0.06652
5367.9,0.0662
5373.5,0.06586
5379.0,0.0655
5384.6,0.06516
5390.2,0.06494
5395.8,0.06464
5401.5,0.06435
5407.1,0.064
5412.7,0.0636
5418.4,0.06315
5424.1,0.06273
5429.7,0.06224
5435.4,0.06174
5441.1,0.06118
5446.9,0.06055
5452.6,0.05986
5458.3,0.05906
5464.1,0.05826
5469.8,0.05745
5475.6,0.05654
5481.4,0.05565
5487.2,0.05473
5493.0,0.05379
5498.8,0.05288
5504.7,0.05196
5510.5,0.05103
5516.4,0.05008
5522.3,0.0491
5528.1,0.04812
5534.0,0.04717
5540.0,0.04625
5545.9,0.04543
5551.8,0.04471
5557.8,0.044
5563.7,0.04339
5569.7,0.04287
5575.7,0.0424
5581.7,0.04201
5587.7,0.04168
5593.7,0.04134
5599.8,0.04093
5605.8,0.04048
5611.9,0.04
5618.0,0.03948
5624.1,0.03895
5630.2,0.0384
5636.3,0.03791
5642.4,0.03742
5648.6,0.0369
5654.7,0.03632
5660.9,0.03575
5667.1,0.03528
5673.3,0.03478
5679.5,0.03424
5685.7,0.03376
5692.0,0.03326
5698.2,0.03273
5704.5,0.03216
5710.8,0.03162
5717.1,0.031
5723.4,0.03038
5729.7,0.02982
5736.1,0.0293
5742.4,0.02879
5748.8,0.02829
5755.1,0.02782
5761.5,0.02737
5768.0,0.02691
5774.4,0.02644
5780.8,0.02603
5787.3,0.02562
5793.7,0.02519
5800.2,0.02477
5806.7,0.0244
5813.2,0.02408
5819.8,0.02376
5826.3,0.02341
5832.8,0.02301
5839.4,0.02261
5846.0,0.02222
5852.6,0.02184
5859.2,0.02148
5865.8,0.02108
5872.5,0.02064
5879.1,0.02023
5885.8,0.01979
5892.5,0.01931
5899.2,0.01892
5905.9,0.01865
5912.6,0.01858
5919.4,0.01903
5926.2,0.02005
5932.9,0.0214
5939.7,0.02272
5946.5,0.02354
5953.4,0.0237
5960.2,0.02352
5967.1,0.02321
5974.0,0.02286
5980.8,0.02245
5987.8,0.02202
5994.7,0.02168
6001.6,0.02136
6008.6,0.02105
6015.5,0.02077
6022.5,0.0205
6029.5,0.02023
6036.5,0.02003
6043.6,0.01979
6050.6,0.01953
6057.7,0.01931
6064.8,0.01915
6071.9,0.01893
6079.0,0.01866
6086.1,0.0184
6093.3,0.0182
6100.5,0.01806
6107.6,0.01808
6114.8,0.01862
6122.1,0.02007
6129.3,0.0228
6136.5,0.02741
6143.8,0.03371
6151.1,0.04021
6158.4,0.04501
6165.7,0.04692
6173.1,0.04591
6180.4,0.04327
6187.8,0.04024
6195.2,0.03759
6202.6,0.03544
6210.0,0.03376
6217.5,0.03249
6225.0,0.03156
6232.4,0.03087
6239.9,0.03029
6247.5,0.02987
6255.0,0.02955
6262.5,0.02926
6270.1,0.02899
6277.7,0.02887
6285.3,0.02882
6292.9,0.02868
6300.6,0.02854
6308.3,0.02849
6315.9,0.0284
6323.6,0.02835
6331.4,0.02836
6339.1,0.02833
6346.9,0.02837
6354.6,0.02839
6362.4,0.02838
6370.3,0.02836
6378.1,0.02836
6385.9,0.02839
6393.8,0.02834
6401.7,0.02832
6409.6,0.02841
6417.6,0.02846
6425.5,0.02834
6433.5,0.02825
6441.5,0.02819
6449.5,0.02806
6457.5,0.028
6465.6,0.02797
6473.6,0.02795
6481.7,0.02793
6489.8,0.02784
6498.0,0.02777
6506.1,0.02775
6514.3,0.02777
6522.5,0.02775
6530.7,0.02773
6539.0,0.02776
6547.2,0.02778
6555.5,0.02787
6563.8,0.02797
6572.1,0.0281
6580.4,0.02822
6588.8,0.02831
6597.2,0.02837
6605.6,0.02841
6614.0,0.0284
6622.5,0.02841
6630.9,0.02844
6639.4,0.02846
6647.9,0.02845
6656.5,0.02837
6665.0,0.02835
6673.6,0.02837
6682.2,0.0284
6690.8,0.02838
6699.5,0.02832
6708.1,0.0283
6716.8,0.02827
6725.5,0.02822
6734.3,0.02817
6743.0,0.02813
6751.8,0.02806
6760.6,0.02798
6769.4,0.02793
6778.3,0.02793
6787.1,0.02791
6796.0,0.02781
6805.0,0.02771
6813.9,0.02765
6822.9,0.02764
6831.9,0.02763
6840.9,0.02759
6849.9,0.02758
6859.0,0.0275
6868.0,0.02739
6877.2,0.02727
6886.3,0.02722
6895.5,0.02722
6904.6,0.02716
6913.8,0.02704
6923.1,0.02684
6932.3,0.02664
6941.6,0.02655
6950.9,0.02651
6960.2,0.02655
6969.6,0.02654
6979.0,0.02645
6988.4,0.02635
6997.8,0.02628
7007.3,0.02629
7016.8,0.02613
7026.3,0.02589
7035.8,0.02569
7045.4,0.02552
7054.9,0.02532
7064.5,0.02507
7074.2,0.02485
7083.9,0.02471
7093.5,0.02451
7103.3,0.02433
7113.0,0.02415
7122.8,0.02389
7132.6,0.02366
7142.4,0.02349
7152.2,0.0233
7162.1,0.0231
7172.0,0.02298
7182.0,0.02285
7191.9,0.02263
7201.9,0.02243
7211.9,0.02231
7222.0,0.02215
7232.0,0.02193
7242.1,0.02172
7252.3,0.02149
7262.4,0.02131
7272.6,0.02114
7282.8,0.02086
7293.1,0.02052
7303.3,0.02026
7313.6,0.02005
7324.0,0.01979
7334.3,0.01949
7344.7,0.01921
7355.1,0.01891
7365.6,0.01864
7376.1,0.01833
7386.6,0.01799
7397.1,0.01774
7407.7,0.01747
7418.3,0.0171
7428.9,0.01677
7439.6,0.01646
7450.2,0.01618
7461.0,0.01593
7471.7,0.01563
7482.5,0.01541
7493.3,0.01509
7504.1,0.01479
7515.0,0.01457
7525.9,0.01434
7536.9,0.01413
7547.9,0.01398
7558.9,0.01384
7569.9,0.01367
7581.0,0.01351
7592.0,0.01337
7603.2,0.01327
7614.4,0.01311
7625.5,0.01301
7636.8,0.01293
7648.0,0.01277
7659.3,0.01257
7670.7,0.01247
7682.0,0.01238
7693.4,0.01225
7704.9,0.01211
7716.3,0.01199
7727.8,0.01183
7739.4,0.01166
7750.9,0.01147
7762.5,0.01131
7774.2,0.01116
7785.8,0.01103
7797.5,0.01092
7809.3,0.01083
7821.1,0.01074
7832.9,0.0106
7844.7,0.01056
7856.6,0.01057
7868.5,0.01055
7880.5,0.01062
7892.5,0.0108
7904.5,0.01108
7916.6,0.01148
7928.7,0.01206
7940.8,0.01279
7953.0,0.01373
7965.2,0.01491
7977.5,0.01633
7989.8,0.01787
8002.1,0.0195
8014.5,0.02142
8026.9,0.0236
8039.3,0.02592
8051.8,0.02837
8064.3,0.03106
8076.9,0.03406
8089.5,0.03734
8102.1,0.04092
8114.8,0.0449
8127.5,0.04937
8140.3,0.05439
8153.1,0.06
8165.9,0.06618
8178.8,0.07304
8191.7,0.0806
8204.7,0.08887
8217.7,0.09785
8230.7,0.10755
8243.8,0.11802
8257.0,0.12895
8270.1,0.14009
8283.3,0.15118
8296.6,0.16197
8309.9,0.17224
8323.2,0.18193
8336.6,0.19117
8350.0,0.20012
8363.5,0.20885
8377.0,0.21757
8390.5,0.22639
8404.2,0.23577
8417.8,0.24597
8431.5,0.257
8445.2,0.26861
8459.0,0.28047
8472.8,0.29275
8486.7,0.30573
8500.6,0.31936
8514.5,0.3334
8528.5,0.34676
8542.6,0.35796
8556.7,0.36571
8570.8,0.36995
8585.0,0.37149
8599.3,0.37154
8613.5,0.37085
8627.9,0.37006
8642.3,0.36945
8656.7,0.36899
8671.2,0.36833
8685.7,0.3674
8700.3,0.36608
8714.9,0.36427
8729.5,0.36153
8744.3,0.3579
8759.0,0.35339
8773.9,0.34816
8788.7,0.34247
8803.7,0.33651
8818.6,0.33
8833.7,0.32275
8848.7,0.31446
8863.8,0.30509
8879.0,0.2946
8894.3,0.2831
8909.5,0.27078
8924.9,0.25814
8940.3,0.24546
8955.7,0.2327
8971.2,0.21996
8986.7,0.20721
9002.3,0.19423
9018.0,0.18126
9033.7,0.16883
9049.5,0.15755
9065.3,0.14785
9081.2,0.13968
9097.1,0.13277
9113.1,0.12688
9129.1,0.12149
9145.2,0.11652
9161.4,0.11194
9177.6,0.10781
9193.9,0.10413
9210.2,0.10079
9226.6,0.09777
9243.0,0.09509
9259.5,0.09271
9276.1,0.09051
9292.7,0.08845
9309.4,0.08668
9326.2,0.08505
9343.0,0.08343
9359.8,0.0819
9376.8,0.08045
9393.7,0.07911
9410.8,0.07783
9427.9,0.07668
9445.1,0.07579
9462.3,0.07495
9479.6,0.07409
9497.0,0.07333
9514.4,0.07262
9531.9,0.07199
9549.4,0.07146
9567.1,0.07088
9584.7,0.07024
9602.5,0.0698
9620.3,0.06942
9638.2,0.06898
9656.1,0.0685
9674.2,0.06795
9692.2,0.06745
9710.4,0.06699
9728.6,0.06654
9746.9,0.06605
9765.2,0.06557
9783.7,0.06505
9802.2,0.06451
9820.7,0.06389
9839.4,0.06328
9858.1,0.06268
9876.8,0.06211
9895.7,0.06149
9914.6,0.06071
9933.6,0.06016
9952.7,0.06055
9971.8,0.06104
9991.0,0.0606
10010.3,0.0597
10029.7,0.0589
10049.1,0.05825
10068.6,0.05751
10088.2,0.05676
10107.9,0.05617
10127.6,0.05557
10147.4,0.0549
10167.3,0.05428
10187.3,0.05375
10207.4,0.05324
10227.5,0.05273
10247.7,0.05206
10268.0,0.05146
10288.4,0.05101
10308.8,0.05056
10329.4,0.05006
10350.0,0.04962
10370.7,0.04906
10391.5,0.04848
10412.3,0.04804
10433.3,0.04766
10454.3,0.04737
10475.5,0.04696
10496.7,0.04643
10517.9,0.04596
10539.3,0.04562
10560.8,0.04541
10582.3,0.04526
10604.0,0.04494
10625.7,0.04454
10647.5,0.04432
10669.4,0.04408
10691.4,0.04375
10713.5,0.04347
10735.7,0.04332
10758.0,0.04309
10780.3,0.04282
10802.8,0.04251
10825.4,0.04225
10848.0,0.04225
10870.8,0.04223
10893.6,0.042
10916.5,0.04184
10939.5,0.04176
10962.7,0.04154
10985.9,0.0413
11009.2,0.04107
11032.7,0.0409
11056.2,0.04071
11079.8,0.04047
11103.5,0.04015
11127.4,0.04002
11151.3,0.03991
11175.3,0.03964
11199.5,0.03961
11223.7,0.03963
11248.0,0.03954
11272.5,0.03956
11297.1,0.0397
11321.7,0.0399
11346.5,0.04002
11371.4,0.03986
11396.4,0.03953
11421.5,0.03925
11446.7,0.03914
11472.0,0.03896
11497.4,0.03854
11523.0,0.03807
11548.7,0.03774
11574.4,0.03741
11600.3,0.03703
11626.3,0.03699
11652.5,0.03698
11678.7,0.03666
11705.1,0.03635
11731.6,0.0362
11758.2,0.03611
11784.9,0.03598
11811.7,0.03572
11838.7,0.03535
11865.8,0.03531
11893.0,0.03522
11920.3,0.03486
11947.8,0.03473
11975.4,0.03478
12003.1,0.0347
12031.0,0.03433
12059.0,0.03415
12087.1,0.03409
12115.3,0.03399
12143.7,0.0338
12172.2,0.03359
12200.8,0.03341
12229.6,0.03317
12258.5,0.03304
12287.6,0.03313
12316.8,0.03301
12346.1,0.03286
12375.5,0.03283
12405.2,0.03284
12434.9,0.03301
12464.8,0.03311
12494.8,0.03296
12525.0,0.03286
12555.3,0.03275
12585.8,0.03244
12616.4,0.03217
12647.2,0.03213
12678.1,0.03213
12709.2,0.03204
12740.4,0.03198
12771.8,0.03189
12803.3,0.03185
12835.0,0.03182
12866.9,0.03167
12898.9,0.03158
12931.1,0.03134
12963.4,0.0309
12995.9,0.0305
13028.5,0.03027
13061.3,0.03024
13094.3,0.03015
13127.5,0.02988
13160.8,0.02959
13194.3,0.02924
13228.0,0.02897
13261.8,0.0289
13295.8,0.02877
13330.0,0.02853
13364.3,0.02827
13398.9,0.0279
13433.6,0.02774
13468.5,0.02752
13503.5,0.0272
13538.8,0.02689
13574.2,0.02653
13609.9,0.02639
13645.7,0.02634
13681.7,0.02604
13717.9,0.02577
13754.3,0.0255
13790.8,0.02535
13827.6,0.02522
13864.6,0.02488
13901.8,0.02461
13939.2,0.02444
13976.7,0.02409
14014.5,0.024
14052.5,0.0241
14090.7,0.02419
14129.0,0.02438
14167.6,0.02494
14206.5,0.02589
14245.5,0.02731
14284.7,0.02925
14324.2,0.03202
14363.9,0.0357
14403.8,0.04024
14443.9,0.04584
14484.3,0.0523
14524.8,0.05947
14565.6,0.06632
14606.7,0.07206
14647.9,0.07598
14689.4,0.07794
14731.2,0.07834
14773.1,0.07675
14815.3,0.07344
14857.8,0.06932
14900.5,0.06454
14943.4,0.05911
14986.6,0.05318
15030.0,0.04739
15073.7,0.04223
15117.7,0.03819
15161.9,0.03539
15206.3,0.0332
15251.1,0.03118
15296.1,0.02983
15341.3,0.0291
15386.8,0.02867
15432.6,0.02829
15478.7,0.02791
15525.0,0.02776
15571.7,0.02785
15618.6,0.02806
15665.8,0.02854
15713.2,0.02911
15761.0,0.02946
15809.0,0.02983
15857.4,0.03058
15906.0,0.03155
15955.0,0.03288
16004.2,0.03497
16053.8,0.03819
16103.6,0.04266
16153.8,0.04875
16204.3,0.05705
16255.1,0.06756
16306.2,0.07912
16357.6,0.09052
16409.4,0.10066
16461.5,0.10841
16513.9,0.11295
16566.7,0.11445
16619.8,0.11268
16673.2,0.10723
16727.0,0.09907
16781.1,0.09018
16835.6,0.08266
16890.5,0.07679
16945.7,0.07227
17001.2,0.06902
17057.2,0.06667
17113.4,0.06493
17170.1,0.06369
17227.2,0.06273
17284.6,0.06197
17342.4,0.06137
17400.6,0.06088
17459.2,0.05992
17518.2,0.05887
17577.5,0.05829
17637.3,0.05742
17697.5,0.05666
17758.1,0.05638
17819.2,0.05587
17880.6,0.0556
17942.5,0.0557
18004.8,0.05611
18067.5,0.05626
18130.7,0.05586
18194.3,0.05586
18258.4,0.0562
18322.9,0.05619
18387.9,0.05639
18453.3,0.05718
18519.2,0.0578
18585.6,0.05791
18652.4,0.05854
18719.8,0.05912
18787.6,0.0598
18855.9,0.06045
18924.7,0.06115
18994.1,0.06178
19063.9,0.06254
19134.2,0.06331
19205.1,0.06412
19276.5,0.06476
19348.4,0.06561
19420.9,0.06656
19493.9,0.06726
19567.5,0.06815
19641.6,0.06914
19716.3,0.07029
19791.5,0.07118
19867.3,0.07213
19943.8,0.07334
20020.8,0.07408
20098.4,0.07387
20176.6,0.07413
20255.4,0.07426
20334.9,0.07445
20414.9,0.07504
20495.6,0.07526
20576.9,0.07527
20658.9,0.07544
20741.6,0.07508
20824.8,0.07446
20908.8,0.0748
20993.5,0.0751
21078.8,0.07436
21164.8,0.07324
21251.6,0.07294
21339.1,0.07238
21427.2,0.07197
21516.1,0.07194
21605.8,0.07131
21696.2,0.07063
21787.3,0.06962
21879.3,0.06849
21972.0,0.06757
22065.5,0.06675
22159.8,0.06619
22254.9,0.06555
22350.8,0.06394
22447.6,0.06249
22545.2,0.06178
22643.6,0.06098
22742.9,0.05995
22843.1,0.05861
22944.2,0.05741
23046.2,0.05661
23149.1,0.05576
23252.9,0.05517
23357.6,0.05496
23463.3,0.05486
23569.9,0.05499
23677.6,0.0546
23786.2,0.05447
23895.8,0.05475
24006.4,0.05464
24118.1,0.05411
24230.8,0.05409
24344.5,0.05401
24459.3,0.05378
24575.3,0.05352
24692.3,0.05301
24810.4,0.05219
24929.7,0.0525
25050.1,0.05278
25171.7,0.0526
25294.5,0.05184
25418.5,0.05202
25543.7,0.05174
25670.2,0.0507
25797.9,0.0508
25926.9,0.05158
26057.2,0.0517
26188.8,0.05145
26321.7,0.05139
26456.0,0.05123
26591.7,0.05099
26728.8,0.05082
26867.2,0.05089
27007.2,0.05102
27148.6,0.05074
27291.5,0.05039
27435.9,0.04966
27581.8,0.04933
27729.3,0.04918
27878.4,0.04865
28029.1,0.04812
28181.4,0.04815
28335.4,0.04776
28491.1,0.04706
28648.5,0.04655
28807.7,0.04609
28968.6,0.04576
29131.3,0.04562
29295.9,0.04565
29462.4,0.04511
29630.7,0.04428
29801.0,0.04442
29973.3,0.04502
30147.5,0.04609
30323.8,0.04744
30502.2,0.04884
30682.7,0.05039
30865.3,0.05326
31050.2,0.05633
31237.2,0.06081
31426.5,0.06575
31618.2,0.07062
31812.1,0.0763
32008.5,0.08134
32207.3,0.08526
32408.6,0.0882
32612.4,0.09052
32818.8,0.09291
33027.9,0.09427
33239.6,0.0935
33454.1,0.09149
33671.3,0.08889
33891.4,0.08594
34114.3,0.0831
34340.3,0.0806
34569.2,0.07836
34801.2,0.07647
35036.3,0.07479
35274.7,0.07298
35516.3,0.07235
35761.2,0.0705
36009.6,0.0682
36261.4,0.06657
36516.7,0.06587
36775.7,0.0664
37038.4,0.06612
37304.9,0.06534
37575.2,0.06569
37849.5,0.06623
38127.8,0.06713
38410.2,0.07009
38696.8,0.07342
38987.8,0.07502
39283.2,0.07745
39583.0,0.07831
39887.5,0.07961
40196.7,0.08434
40510.8,0.08974
40829.7,0.09243
41153.8,0.09639
41483.0,0.10495
41817.6,0.11187
42157.5,0.12105
42503.1,0.13274
42854.4,0.14481
43211.5,0.15702
43574.6,0.16848
43943.9,0.18142
44319.5,0.19211
44701.5,0.1997
45090.2,0.20743
45485.8,0.21346
45888.3,0.21357
46298.0,0.20897
46715.1,0.20218
47139.8,0.19157
47572.3,0.18074
48012.8,0.16912
48461.5,0.15624
48918.6,0.14796
49384.6,0.14453
49859.4,0.1487
50343.5,0.15924
50837.0,0.17167
51340.4,0.17765
51853.8,0.17404
52377.6,0.17235
52912.0,0.17211
53457.5,0.17088
54014.4,0.17344
54582.9,0.17584
55163.6,0.1761
55756.8,0.17389
56362.8,0.16902
56982.2,0.16468
57615.3,0.16856
58262.7,0.17363
58924.7,0.17175
59602.0,0.16398
60295.1,0.15858
61004.4,0.15858
61730.7,0.16133
62474.4,0.15915
63236.3,0.15202
64017.0,0.1487
64817.2,0.15124
65637.7,0.15134
66479.2,0.14452
67342.6,0.13867
68228.6,0.13011
69138.4,0.12453
70072.7,0.12664
71032.6,0.12021
72019.1,0.11376
73033.5,0.11345
74076.8,0.10988
75150.4,0.11611
76255.5,0.13239
77393.7,0.1434
78566.3,0.15549
79775.0,0.15696
81021.5,0.14604
82307.6,0.14451
83635.1,0.1387
85006.2,0.14138
86423.0,0.14225
87887.8,0.12861
89403.0,0.1238
90971.5,0.12754
92596.0,0.12476
94279.6,0.12721
96025.5,0.13515
97837.3,0.14242
99718.8,0.14537
