Composition,
Date Added,2014-08-07
Formula,
Grain Size Description,<150.0um
Grain Size,Whole Object
Locality,"Loma Mar, California"
Minimum Wavelength,300
Sample Name,Loma Mar rock JB1486 45-150 um
Maximum Wavelength,99719
Database of Origin,RELAB
Other Information,
References,
Resolution,4.0
Material class,Rock
Sample Description,
Sample ID,BKR1JBE86B
Original Sample ID,JB-JLB-E86-B
Viewing Geometry,Unknown
Wavelength,Response
300.0,0.0958
305.0,0.09517
310.0,0.09472
315.0,0.09435
320.0,0.0956
325.0,0.09689
330.0,0.09845
335.0,0.10054
340.0,0.10285
345.0,0.1049
350.0,0.10625
355.0,0.10734
360.0,0.10942
365.0,0.11206
370.0,0.11521
375.0,0.11848
380.0,0.12242
385.0,0.12621
390.0,0.129
395.0,0.1318
400.0,0.13633
405.0,0.13916
410.0,0.14267
415.0,0.14683
420.0,0.15213
425.0,0.15734
430.0,0.16317
435.0,0.16997
440.0,0.17583
445.0,0.18242
450.0,0.1895
455.0,0.1942
460.0,0.19967
465.0,0.20381
470.0,0.20814
475.0,0.21226
480.0,0.21645
485.0,0.22185
490.0,0.22744
495.0,0.23284
500.0,0.2387
505.0,0.24473
510.0,0.25092
515.0,0.25829
520.0,0.26518
525.0,0.27187
530.0,0.27884
535.0,0.28539
540.0,0.29287
545.0,0.29797
550.0,0.30521
555.0,0.31074
560.0,0.31674
565.0,0.32141
570.0,0.32765
575.0,0.33192
580.0,0.33762
585.0,0.34234
590.0,0.34742
595.0,0.35216
600.0,0.35732
605.0,0.3622
610.0,0.3665
615.0,0.37085
620.0,0.37478
625.0,0.37899
630.0,0.38313
635.0,0.38663
640.0,0.39173
645.0,0.39625
650.0,0.40053
655.0,0.40591
660.0,0.41133
665.0,0.41481
670.0,0.41924
675.0,0.42397
680.0,0.42764
685.0,0.43239
690.0,0.43632
695.0,0.43967
700.0,0.44296
705.0,0.44663
710.0,0.44994
715.0,0.45251
720.0,0.45647
725.0,0.4592
730.0,0.46281
735.0,0.46363
740.0,0.46715
745.0,0.46996
750.0,0.47467
755.0,0.47652
760.0,0.47937
765.0,0.48179
770.0,0.48503
775.0,0.48783
780.0,0.49024
785.0,0.49344
790.0,0.49712
795.0,0.49876
800.0,0.4997
805.0,0.50227
810.0,0.50484
815.0,0.50717
820.0,0.50798
825.0,0.50861
830.0,0.50974
835.0,0.51094
840.0,0.51207
845.0,0.51352
850.0,0.51375
855.0,0.51518
860.0,0.5137
865.0,0.51631
870.0,0.5168
875.0,0.51828
880.0,0.51887
885.0,0.5195
890.0,0.5201
895.0,0.52016
900.0,0.52033
905.0,0.52194
910.0,0.52212
915.0,0.52269
920.0,0.52449
925.0,0.52672
930.0,0.52596
935.0,0.52619
940.0,0.52724
945.0,0.5272
950.0,0.5282
955.0,0.5304
960.0,0.53055
965.0,0.53239
970.0,0.53297
975.0,0.53403
980.0,0.53524
985.0,0.53797
990.0,0.53793
995.0,0.538
1000.0,0.53901
1005.0,0.54028
1010.0,0.54073
1015.0,0.54193
1020.0,0.54312
1025.0,0.54444
1030.0,0.54563
1035.0,0.54656
1040.0,0.54762
1045.0,0.54822
1050.0,0.54899
1055.0,0.55004
1060.0,0.55059
1065.0,0.55211
1070.0,0.55327
1075.0,0.55428
1080.0,0.55494
1085.0,0.55617
1090.0,0.5562
1095.0,0.55833
1100.0,0.55923
1105.0,0.56056
1110.0,0.56118
1115.0,0.56192
1120.0,0.56225
1125.0,0.56452
1130.0,0.56609
1135.0,0.56562
1140.0,0.5673
1145.0,0.56777
1150.0,0.5699
1155.0,0.57076
1160.0,0.57126
1165.0,0.57305
1170.0,0.57376
1175.0,0.57602
1180.0,0.57715
1185.0,0.57666
1190.0,0.57852
1195.0,0.58046
1200.0,0.58045
1205.0,0.58165
1210.0,0.58313
1215.0,0.58421
1220.0,0.58503
1225.0,0.58586
1230.0,0.58786
1235.0,0.58859
1240.0,0.58881
1245.0,0.58993
1250.0,0.59138
1255.0,0.5926
1260.0,0.59338
1265.0,0.5945
1270.0,0.59509
1275.0,0.59527
1280.0,0.59566
1285.0,0.59644
1290.0,0.5971
1295.0,0.59848
1300.0,0.59927
1305.0,0.60059
1310.0,0.60048
1315.0,0.60099
1320.0,0.60238
1325.0,0.60254
1330.0,0.60309
1330.6,0.60312
1330.9,0.60325
1331.2,0.60334
1331.6,0.60335
1331.9,0.6033
1332.3,0.60319
1332.6,0.60318
1332.9,0.60328
1333.3,0.60341
1333.6,0.60349
1334.0,0.60344
1334.3,0.60342
1334.7,0.60347
1335.0,0.60352
1335.3,0.60363
1335.7,0.60363
1336.0,0.6036
1336.4,0.60366
1336.7,0.6037
1337.1,0.60363
1337.4,0.60362
1337.8,0.60377
1338.1,0.60394
1338.4,0.60396
1338.8,0.60393
1339.1,0.60388
1339.5,0.60382
1339.8,0.60386
1340.2,0.60391
1340.5,0.6039
1340.9,0.60387
1341.2,0.60399
1341.6,0.60402
1341.9,0.60404
1342.3,0.60408
1342.6,0.60404
1342.9,0.60404
1343.3,0.60413
1343.7,0.60429
1344.0,0.60436
1344.3,0.60426
1344.7,0.60417
1345.0,0.60412
1345.4,0.60417
1345.7,0.60418
1346.1,0.6042
1346.4,0.60427
1346.8,0.60441
1347.1,0.60443
1347.5,0.60435
1347.8,0.60428
1348.2,0.60432
1348.5,0.60443
1348.9,0.60451
1349.2,0.60462
1349.6,0.60467
1349.9,0.60471
1350.3,0.60478
1350.7,0.60475
1351.0,0.60471
1351.3,0.60475
1351.7,0.60481
1352.1,0.60489
1352.4,0.60491
1352.8,0.60489
1353.1,0.60493
1353.5,0.60494
1353.8,0.60492
1354.2,0.60493
1354.5,0.60499
1354.9,0.6051
1355.2,0.60503
1355.6,0.60503
1355.9,0.60512
1356.3,0.60513
1356.7,0.60511
1357.0,0.60511
1357.4,0.60524
1357.7,0.60522
1358.1,0.60515
1358.4,0.60525
1358.8,0.60523
1359.2,0.60514
1359.5,0.60516
1359.9,0.60524
1360.2,0.60528
1360.6,0.60531
1360.9,0.60522
1361.3,0.60515
1361.7,0.60517
1362.0,0.60504
1362.4,0.60501
1362.7,0.60501
1363.1,0.60501
1363.4,0.60492
1363.8,0.60477
1364.2,0.60456
1364.5,0.60427
1364.9,0.60402
1365.2,0.60368
1365.6,0.60333
1365.9,0.60293
1366.3,0.60238
1366.7,0.60195
1367.0,0.6015
1367.4,0.60105
1367.8,0.60069
1368.1,0.60032
1368.5,0.60007
1368.8,0.5999
1369.2,0.5997
1369.6,0.59946
1369.9,0.59944
1370.3,0.59958
1370.7,0.59962
1371.0,0.59966
1371.4,0.59978
1371.7,0.59986
1372.1,0.6
1372.5,0.60007
1372.8,0.60014
1373.2,0.60038
1373.6,0.60047
1373.9,0.60049
1374.3,0.6005
1374.6,0.60055
1375.0,0.60066
1375.4,0.60084
1375.7,0.60092
1376.1,0.601
1376.5,0.60103
1376.8,0.60109
1377.2,0.60108
1377.6,0.6011
1377.9,0.60125
1378.3,0.60139
1378.7,0.60156
1379.0,0.6016
1379.4,0.60169
1379.8,0.60179
1380.1,0.60187
1380.5,0.60207
1380.9,0.60214
1381.2,0.60211
1381.6,0.60213
1382.0,0.6023
1382.3,0.6024
1382.7,0.60241
1383.1,0.60242
1383.4,0.60248
1383.8,0.60265
1384.2,0.60268
1384.6,0.60255
1384.9,0.60258
1385.3,0.60274
1385.7,0.60277
1386.0,0.6027
1386.4,0.60268
1386.8,0.60279
1387.2,0.60289
1387.5,0.60279
1387.9,0.6027
1388.3,0.60277
1388.6,0.60289
1389.0,0.60289
1389.4,0.60282
1389.8,0.60277
1390.1,0.60267
1390.5,0.60257
1390.9,0.60247
1391.2,0.60241
1391.6,0.60232
1392.0,0.60224
1392.4,0.60228
1392.7,0.60235
1393.1,0.60219
1393.5,0.60203
1393.9,0.60202
1394.2,0.60195
1394.6,0.6018
1395.0,0.60178
1395.4,0.60177
1395.7,0.60165
1396.1,0.60153
1396.5,0.60135
1396.9,0.60118
1397.2,0.60113
1397.6,0.60109
1398.0,0.60105
1398.4,0.60084
1398.8,0.60064
1399.1,0.60065
1399.5,0.60063
1399.9,0.60053
1400.3,0.60042
1400.6,0.60033
1401.0,0.60015
1401.4,0.60008
1401.8,0.60008
1402.2,0.59985
1402.5,0.59976
1402.9,0.59964
1403.3,0.59955
1403.7,0.59955
1404.1,0.59945
1404.4,0.5993
1404.8,0.59924
1405.2,0.59917
1405.6,0.59918
1406.0,0.59918
1406.3,0.59904
1406.7,0.59905
1407.1,0.59908
1407.5,0.59904
1407.9,0.59892
1408.3,0.59874
1408.6,0.59872
1409.0,0.59879
1409.4,0.59879
1409.8,0.59881
1410.2,0.59878
1410.6,0.59872
1410.9,0.59864
1411.3,0.59867
1411.7,0.59877
1412.1,0.59883
1412.5,0.5989
1412.8,0.59887
1413.2,0.59892
1413.6,0.59902
1414.0,0.59912
1414.4,0.59922
1414.8,0.59933
1415.2,0.59948
1415.6,0.59958
1415.9,0.59968
1416.3,0.59975
1416.7,0.59997
1417.1,0.60023
1417.5,0.6004
1417.9,0.60049
1418.3,0.60063
1418.7,0.60089
1419.0,0.60106
1419.4,0.6012
1419.8,0.60128
1420.2,0.60142
1420.6,0.60162
1421.0,0.60177
1421.4,0.60187
1421.8,0.60195
1422.2,0.60205
1422.5,0.60231
1422.9,0.60259
1423.3,0.60269
1423.7,0.60282
1424.1,0.60304
1424.5,0.60313
1424.9,0.60331
1425.3,0.60351
1425.7,0.60375
1426.1,0.60395
1426.5,0.60404
1426.8,0.60409
1427.2,0.60418
1427.6,0.60436
1428.0,0.60452
1428.4,0.60466
1428.8,0.60479
1429.2,0.60502
1429.6,0.60524
1430.0,0.60522
1430.4,0.60511
1430.8,0.60535
1431.2,0.60563
1431.6,0.60581
1432.0,0.60592
1432.4,0.60601
1432.8,0.60616
1433.2,0.60636
1433.6,0.60639
1433.9,0.60642
1434.3,0.60651
1434.8,0.60653
1435.1,0.60672
1435.5,0.60688
1435.9,0.60694
1436.3,0.6071
1436.7,0.60724
1437.1,0.60736
1437.5,0.6075
1437.9,0.60755
1438.3,0.60765
1438.7,0.60773
1439.1,0.60772
1439.5,0.60778
1439.9,0.60791
1440.3,0.60808
1440.7,0.60815
1441.1,0.60831
1441.5,0.60848
1441.9,0.60854
1442.3,0.60858
1442.7,0.60871
1443.1,0.60881
1443.5,0.60886
1443.9,0.60893
1444.3,0.60905
1444.7,0.6091
1445.1,0.60908
1445.6,0.60921
1445.9,0.60922
1446.3,0.60933
1446.8,0.60949
1447.2,0.60954
1447.6,0.60965
1448.0,0.60973
1448.4,0.60975
1448.8,0.60975
1449.2,0.60985
1449.6,0.61
1450.0,0.61009
1450.4,0.61012
1450.8,0.61019
1451.2,0.61019
1451.6,0.61025
1452.0,0.61031
1452.4,0.61037
1452.8,0.61047
1453.2,0.6105
1453.7,0.61051
1454.1,0.6105
1454.5,0.61064
1454.9,0.61076
1455.3,0.61074
1455.7,0.61076
1456.1,0.61088
1456.5,0.61105
1456.9,0.61111
1457.3,0.61112
1457.7,0.61111
1458.2,0.61107
1458.6,0.61101
1459.0,0.61106
1459.4,0.61126
1459.8,0.61139
1460.2,0.61139
1460.6,0.61137
1461.0,0.6114
1461.4,0.61145
1461.8,0.61163
1462.3,0.61172
1462.7,0.61163
1463.1,0.6116
1463.5,0.61171
1463.9,0.61175
1464.3,0.61184
1464.7,0.61189
1465.2,0.61193
1465.6,0.61197
1466.0,0.61206
1466.4,0.61216
1466.8,0.61218
1467.2,0.61226
1467.6,0.61232
1468.1,0.61232
1468.5,0.61232
1468.9,0.61237
1469.3,0.61248
1469.7,0.61259
1470.1,0.61265
1470.6,0.61267
1471.0,0.61266
1471.4,0.61272
1471.8,0.61278
1472.2,0.61287
1472.6,0.6129
1473.1,0.61295
1473.5,0.61301
1473.9,0.61311
1474.3,0.61329
1474.7,0.61343
1475.2,0.61336
1475.6,0.61329
1476.0,0.61332
1476.4,0.61339
1476.8,0.61341
1477.3,0.61346
1477.7,0.6136
1478.1,0.61377
1478.5,0.6138
1478.9,0.61374
1479.4,0.6138
1479.8,0.61395
1480.2,0.61416
1480.6,0.61421
1481.1,0.61416
1481.5,0.61417
1481.9,0.61425
1482.3,0.61429
1482.8,0.61429
1483.2,0.6143
1483.6,0.61442
1484.0,0.61451
1484.4,0.61454
1484.9,0.61451
1485.3,0.6146
1485.7,0.61473
1486.2,0.61476
1486.6,0.61469
1487.0,0.61479
1487.4,0.61485
1487.9,0.61484
1488.3,0.61493
1488.7,0.61502
1489.1,0.61513
1489.6,0.61518
1490.0,0.6152
1490.4,0.61524
1490.8,0.61526
1491.3,0.61534
1491.7,0.61538
1492.1,0.61541
1492.6,0.61544
1493.0,0.61545
1493.4,0.61549
1493.9,0.61559
1494.3,0.61563
1494.7,0.61568
1495.2,0.61579
1495.6,0.61581
1496.0,0.61577
1496.4,0.61573
1496.9,0.61578
1497.3,0.61585
1497.7,0.61593
1498.2,0.61596
1498.6,0.61607
1499.0,0.61614
1499.5,0.61609
1499.9,0.61612
1500.3,0.61626
1500.8,0.61635
1501.2,0.61633
1501.7,0.61635
1502.1,0.61641
1502.5,0.61648
1502.9,0.61651
1503.4,0.61656
1503.8,0.61666
1504.3,0.61672
1504.7,0.61663
1505.1,0.61665
1505.6,0.61671
1506.0,0.61677
1506.4,0.61681
1506.9,0.61688
1507.3,0.61704
1507.8,0.61708
1508.2,0.61711
1508.6,0.61713
1509.1,0.61711
1509.5,0.61711
1510.0,0.61725
1510.4,0.61732
1510.8,0.61732
1511.3,0.61735
1511.7,0.61747
1512.2,0.61748
1512.6,0.61749
1513.0,0.61756
1513.5,0.61759
1513.9,0.61765
1514.4,0.61767
1514.8,0.61773
1515.3,0.61773
1515.7,0.61767
1516.1,0.61771
1516.6,0.6177
1517.0,0.61781
1517.5,0.61793
1517.9,0.61795
1518.4,0.61799
1518.8,0.61802
1519.3,0.61805
1519.7,0.61799
1520.1,0.61794
1520.6,0.61806
1521.0,0.61818
1521.5,0.6182
1521.9,0.61829
1522.4,0.61836
1522.8,0.61829
1523.3,0.61832
1523.7,0.61838
1524.2,0.61842
1524.6,0.6185
1525.1,0.61851
1525.5,0.61859
1525.9,0.61862
1526.4,0.61867
1526.8,0.61869
1527.3,0.61871
1527.8,0.61868
1528.2,0.61872
1528.7,0.61877
1529.1,0.61878
1529.6,0.61877
1530.0,0.61878
1530.5,0.61877
1530.9,0.61882
1531.4,0.61887
1531.8,0.61897
1532.3,0.61906
1532.7,0.61911
1533.2,0.61911
1533.6,0.61913
1534.1,0.61911
1534.5,0.61907
1535.0,0.6191
1535.4,0.61913
1535.9,0.61917
1536.3,0.61932
1536.8,0.61944
1537.3,0.61934
1537.7,0.61928
1538.2,0.61932
1538.6,0.61946
1539.1,0.61944
1539.6,0.61937
1540.0,0.61943
1540.5,0.61951
1540.9,0.61961
1541.4,0.61958
1541.8,0.61957
1542.3,0.61969
1542.8,0.61965
1543.2,0.61961
1543.7,0.61976
1544.1,0.61982
1544.6,0.61973
1545.1,0.61974
1545.5,0.61981
1546.0,0.61979
1546.4,0.61982
1546.9,0.61994
1547.4,0.61998
1547.8,0.61995
1548.3,0.62
1548.8,0.62007
1549.2,0.62007
1549.7,0.61996
1550.1,0.62
1550.6,0.62012
1551.1,0.62015
1551.5,0.62021
1552.0,0.6202
1552.4,0.62018
1552.9,0.62019
1553.4,0.62031
1553.8,0.62039
1554.3,0.62039
1554.8,0.62042
1555.3,0.62054
1555.7,0.62047
1556.2,0.62047
1556.7,0.62048
1557.1,0.62044
1557.6,0.62056
1558.1,0.62066
1558.5,0.62067
1559.0,0.6207
1559.5,0.62067
1559.9,0.6207
1560.4,0.62076
1560.9,0.62082
1561.3,0.62078
1561.8,0.6208
1562.3,0.62097
1562.8,0.62102
1563.2,0.62098
1563.7,0.62105
1564.2,0.62116
1564.6,0.62115
1565.1,0.62104
1565.6,0.62098
1566.1,0.62106
1566.5,0.62115
1567.0,0.62115
1567.5,0.62119
1567.9,0.62123
1568.4,0.62132
1568.9,0.62137
1569.4,0.62139
1569.8,0.62139
1570.3,0.62131
1570.8,0.62136
1571.3,0.62147
1571.8,0.62148
1572.2,0.62151
1572.7,0.62155
1573.2,0.62155
1573.7,0.62154
1574.1,0.62161
1574.6,0.62167
1575.1,0.62173
1575.6,0.62178
1576.1,0.62176
1576.5,0.62174
1577.0,0.62174
1577.5,0.62182
1578.0,0.62192
1578.4,0.6219
1578.9,0.62189
1579.4,0.62196
1579.9,0.62204
1580.4,0.62197
1580.9,0.6219
1581.3,0.62192
1581.8,0.62191
1582.3,0.62199
1582.8,0.62204
1583.3,0.62209
1583.8,0.62216
1584.2,0.62213
1584.7,0.62215
1585.2,0.6222
1585.7,0.62219
1586.2,0.62221
1586.7,0.62227
1587.2,0.6223
1587.6,0.62223
1588.1,0.62224
1588.6,0.62237
1589.1,0.62243
1589.6,0.62239
1590.1,0.62247
1590.6,0.6225
1591.0,0.62249
1591.5,0.62244
1592.0,0.62241
1592.5,0.62251
1593.0,0.62256
1593.5,0.62262
1594.0,0.62273
1594.5,0.62271
1595.0,0.62269
1595.4,0.62276
1595.9,0.62283
1596.4,0.62288
1596.9,0.62288
1597.4,0.62286
1597.9,0.62287
1598.4,0.62296
1598.9,0.62298
1599.4,0.62297
1599.9,0.62296
1600.4,0.62299
1600.9,0.623
1601.4,0.62299
1601.9,0.62301
1602.3,0.623
1602.8,0.62302
1603.3,0.62304
1603.8,0.62315
1604.3,0.62328
1604.8,0.62334
1605.3,0.62333
1605.8,0.62333
1606.3,0.62332
1606.8,0.62325
1607.3,0.62325
1607.8,0.62333
1608.3,0.62342
1608.8,0.62343
1609.3,0.62342
1609.8,0.62338
1610.3,0.62341
1610.8,0.62348
1611.3,0.62357
1611.8,0.62368
1612.3,0.62365
1612.8,0.62359
1613.3,0.6236
1613.8,0.62369
1614.3,0.62379
1614.8,0.62388
1615.3,0.62383
1615.8,0.62379
1616.3,0.62376
1616.8,0.62378
1617.3,0.62387
1617.8,0.62389
1618.4,0.62389
1618.9,0.62396
1619.4,0.62399
1619.9,0.62394
1620.4,0.62393
1620.9,0.62397
1621.4,0.62403
1621.9,0.62405
1622.4,0.62405
1622.9,0.62404
1623.4,0.62417
1623.9,0.62418
1624.4,0.62414
1624.9,0.6242
1625.5,0.62421
1626.0,0.62418
1626.5,0.62418
1627.0,0.62429
1627.5,0.62432
1628.0,0.62428
1628.5,0.62429
1629.0,0.62426
1629.6,0.62435
1630.1,0.62442
1630.6,0.62442
1631.1,0.6244
1631.6,0.62449
1632.1,0.62457
1632.6,0.62447
1633.1,0.62448
1633.7,0.62458
1634.2,0.62466
1634.7,0.62465
1635.2,0.62468
1635.7,0.62471
1636.2,0.62463
1636.8,0.62453
1637.3,0.62464
1637.8,0.62481
1638.3,0.6248
1638.8,0.6247
1639.3,0.62468
1639.8,0.62473
1640.4,0.62477
1640.9,0.62475
1641.4,0.62478
1641.9,0.62477
1642.4,0.6247
1643.0,0.62477
1643.5,0.62482
1644.0,0.62488
1644.5,0.62501
1645.1,0.62506
1645.6,0.62506
1646.1,0.62509
1646.6,0.62506
1647.2,0.62497
1647.7,0.62497
1648.2,0.62501
1648.7,0.62501
1649.2,0.62504
1649.8,0.62502
1650.3,0.62496
1650.8,0.62501
1651.3,0.62512
1651.9,0.62515
1652.4,0.62514
1652.9,0.62517
1653.4,0.62518
1654.0,0.62514
1654.5,0.62518
1655.0,0.62522
1655.6,0.62519
1656.1,0.62523
1656.6,0.62527
1657.2,0.62525
1657.7,0.6253
1658.2,0.62529
1658.7,0.62528
1659.3,0.62537
1659.8,0.62535
1660.3,0.62526
1660.9,0.62525
1661.4,0.62534
1661.9,0.6254
1662.5,0.62545
1663.0,0.62546
1663.5,0.62547
1664.1,0.62553
1664.6,0.62554
1665.1,0.62552
1665.7,0.62549
1666.2,0.6255
1666.7,0.62561
1667.3,0.62564
1667.8,0.62558
1668.3,0.6256
1668.9,0.62569
1669.4,0.62573
1670.0,0.62565
1670.5,0.62568
1671.0,0.62577
1671.6,0.62578
1672.1,0.62578
1672.7,0.62577
1673.2,0.62579
1673.7,0.62581
1674.3,0.62579
1674.8,0.62584
1675.4,0.6259
1675.9,0.62587
1676.4,0.62587
1677.0,0.62588
1677.5,0.62593
1678.1,0.62589
1678.6,0.62585
1679.2,0.62592
1679.7,0.62593
1680.2,0.62584
1680.8,0.62579
1681.3,0.62586
1681.9,0.62595
1682.4,0.626
1683.0,0.62605
1683.5,0.62603
1684.1,0.62602
1684.6,0.626
1685.2,0.62605
1685.7,0.62606
1686.3,0.62602
1686.8,0.62601
1687.3,0.6261
1687.9,0.62611
1688.4,0.62602
1689.0,0.62599
1689.6,0.626
1690.1,0.62596
1690.7,0.62591
1691.2,0.62591
1691.8,0.62601
1692.3,0.62606
1692.9,0.62604
1693.4,0.62601
1694.0,0.62606
1694.5,0.62611
1695.1,0.62617
1695.6,0.62608
1696.2,0.62602
1696.7,0.62608
1697.3,0.6261
1697.8,0.62613
1698.4,0.62613
1699.0,0.62611
1699.5,0.62611
1700.1,0.62616
1700.6,0.62616
1701.2,0.62615
1701.8,0.62621
1702.3,0.62621
1702.9,0.62615
1703.4,0.62613
1704.0,0.62615
1704.6,0.62621
1705.1,0.62626
1705.7,0.62619
1706.2,0.62617
1706.8,0.62629
1707.4,0.6263
1707.9,0.62628
1708.5,0.62627
1709.0,0.62634
1709.6,0.62643
1710.2,0.62632
1710.7,0.6262
1711.3,0.62622
1711.9,0.62626
1712.4,0.6262
1713.0,0.6262
1713.6,0.62627
1714.1,0.62634
1714.7,0.62636
1715.3,0.62634
1715.8,0.62642
1716.4,0.62651
1717.0,0.62649
1717.5,0.62643
1718.1,0.6264
1718.7,0.62635
1719.2,0.62641
1719.8,0.62654
1720.4,0.62656
1721.0,0.62651
1721.5,0.62649
1722.1,0.62646
1722.7,0.6265
1723.2,0.6265
1723.8,0.62647
1724.4,0.62648
1725.0,0.6265
1725.5,0.62651
1726.1,0.6265
1726.7,0.62652
1727.3,0.62659
1727.8,0.62661
1728.4,0.62656
1729.0,0.62656
1729.6,0.62658
1730.2,0.62658
1730.7,0.6266
1731.3,0.6266
1731.9,0.62658
1732.5,0.62666
1733.0,0.62671
1733.6,0.62672
1734.2,0.62675
1734.8,0.6267
1735.4,0.62675
1735.9,0.62685
1736.5,0.62684
1737.1,0.62679
1737.7,0.62678
1738.3,0.62677
1738.8,0.62676
1739.4,0.62687
1740.0,0.62692
1740.6,0.62688
1741.2,0.62685
1741.8,0.6269
1742.3,0.62692
1742.9,0.62697
1743.5,0.62704
1744.1,0.62702
1744.7,0.62705
1745.3,0.62702
1745.9,0.62702
1746.5,0.62706
1747.1,0.627
1747.6,0.62701
1748.2,0.6271
1748.8,0.62715
1749.4,0.62705
1750.0,0.62708
1750.6,0.62711
1751.2,0.62718
1751.8,0.62726
1752.4,0.62725
1753.0,0.62725
1753.6,0.62727
1754.1,0.62724
1754.7,0.62726
1755.3,0.62721
1755.9,0.62716
1756.5,0.6272
1757.1,0.62728
1757.7,0.62733
1758.3,0.62729
1758.9,0.62727
1759.5,0.62727
1760.1,0.62726
1760.7,0.62731
1761.3,0.62741
1761.9,0.62741
1762.5,0.62745
1763.1,0.6275
1763.7,0.62747
1764.3,0.62744
1764.9,0.62747
1765.5,0.62755
1766.1,0.62758
1766.7,0.62755
1767.3,0.62757
1767.9,0.62761
1768.5,0.62759
1769.1,0.62764
1769.7,0.62768
1770.3,0.62769
1770.9,0.62775
1771.5,0.62772
1772.1,0.62768
1772.7,0.62768
1773.3,0.6277
1773.9,0.62771
1774.6,0.62767
1775.2,0.62775
1775.8,0.62788
1776.4,0.62793
1777.0,0.62787
1777.6,0.62785
1778.2,0.62784
1778.8,0.62782
1779.4,0.62787
1780.0,0.62794
1780.7,0.62796
1781.3,0.62793
1781.9,0.62795
1782.5,0.62799
1783.1,0.62804
1783.7,0.62806
1784.3,0.62804
1784.9,0.62802
1785.6,0.62804
1786.2,0.62804
1786.8,0.62812
1787.4,0.62811
1788.0,0.62813
1788.6,0.6281
1789.3,0.62799
1789.9,0.62799
1790.5,0.62801
1791.1,0.62808
1791.7,0.62817
1792.3,0.6282
1793.0,0.62819
1793.6,0.62813
1794.2,0.62817
1794.8,0.62822
1795.4,0.6282
1796.1,0.6282
1796.7,0.62821
1797.3,0.62817
1797.9,0.62814
1798.6,0.62818
1799.2,0.62822
1799.8,0.62829
1800.4,0.6283
1801.1,0.6283
1801.7,0.6283
1802.3,0.62838
1802.9,0.6284
1803.6,0.62835
1804.2,0.62832
1804.8,0.62838
1805.4,0.62837
1806.1,0.62834
1806.7,0.62834
1807.3,0.62831
1808.0,0.62836
1808.6,0.62837
1809.2,0.62834
1809.9,0.62834
1810.5,0.62836
1811.1,0.62834
1811.8,0.6283
1812.4,0.62834
1813.0,0.62838
1813.7,0.62834
1814.3,0.62839
1814.9,0.62839
1815.6,0.62835
1816.2,0.62836
1816.8,0.62833
1817.5,0.62833
1818.1,0.62835
1818.8,0.62844
1819.4,0.62849
1820.0,0.62847
1820.7,0.62845
1821.3,0.62845
1821.9,0.62843
1822.6,0.62835
1823.2,0.62835
1823.9,0.62837
1824.5,0.62839
1825.2,0.62836
1825.8,0.62837
1826.4,0.62843
1827.1,0.62842
1827.7,0.62844
1828.4,0.62847
1829.0,0.62843
1829.7,0.62829
1830.3,0.62825
1831.0,0.6284
1831.6,0.62846
1832.3,0.62843
1832.9,0.62844
1833.6,0.62843
1834.2,0.62835
1834.8,0.62825
1835.5,0.62823
1836.1,0.62836
1836.8,0.62845
1837.4,0.62839
1838.1,0.62833
1838.8,0.62836
1839.4,0.62831
1840.1,0.62828
1840.7,0.62827
1841.4,0.62831
1842.0,0.62832
1842.7,0.62821
1843.3,0.62813
1844.0,0.62816
1844.6,0.62818
1845.3,0.62816
1845.9,0.62817
1846.6,0.62817
1847.3,0.6282
1847.9,0.62814
1848.6,0.62802
1849.2,0.62802
1849.9,0.62803
1850.6,0.62791
1851.2,0.62792
1851.9,0.62796
1852.6,0.62794
1853.2,0.62791
1853.9,0.62792
1854.5,0.62782
1855.2,0.62774
1855.9,0.62771
1856.5,0.62764
1857.2,0.62769
1857.9,0.62761
1858.5,0.62746
1859.2,0.62742
1859.9,0.62747
1860.5,0.6274
1861.2,0.62727
1861.9,0.62717
1862.5,0.62708
1863.2,0.6271
1863.9,0.62709
1864.5,0.62704
1865.2,0.62697
1865.9,0.62681
1866.6,0.62671
1867.2,0.62666
1867.9,0.62665
1868.6,0.62657
1869.2,0.62641
1869.9,0.62617
1870.6,0.62608
1871.3,0.626
1871.9,0.62578
1872.6,0.62559
1873.3,0.62539
1874.0,0.62514
1874.7,0.62485
1875.3,0.62461
1876.0,0.62429
1876.7,0.6239
1877.4,0.62361
1878.0,0.62329
1878.7,0.62285
1879.4,0.62241
1880.1,0.62198
1880.8,0.62155
1881.4,0.62111
1882.1,0.62063
1882.8,0.62009
1883.5,0.61955
1884.2,0.61906
1884.9,0.61851
1885.6,0.6179
1886.2,0.61728
1886.9,0.61654
1887.6,0.61574
1888.3,0.61498
1889.0,0.61426
1889.7,0.61347
1890.4,0.61262
1891.1,0.61174
1891.8,0.6108
1892.4,0.60973
1893.1,0.60866
1893.8,0.60771
1894.5,0.60672
1895.2,0.60562
1895.9,0.60454
1896.6,0.60361
1897.3,0.60271
1898.0,0.6018
1898.7,0.60102
1899.4,0.60033
1900.1,0.59963
1900.8,0.59895
1901.5,0.59842
1902.2,0.59788
1902.9,0.59743
1903.6,0.59707
1904.3,0.59675
1905.0,0.59659
1905.7,0.5964
1906.4,0.5962
1907.1,0.59613
1907.8,0.59613
1908.5,0.59615
1909.2,0.59623
1909.9,0.5963
1910.6,0.59641
1911.3,0.59661
1912.0,0.59693
1912.7,0.59724
1913.4,0.59754
1914.1,0.59784
1914.8,0.59815
1915.5,0.59852
1916.2,0.59888
1916.9,0.59922
1917.6,0.59958
1918.3,0.60005
1919.1,0.60055
1919.8,0.60101
1920.5,0.60142
1921.2,0.60174
1921.9,0.60208
1922.6,0.60245
1923.3,0.60282
1924.0,0.60333
1924.8,0.60371
1925.5,0.60398
1926.2,0.60438
1926.9,0.60478
1927.6,0.6051
1928.3,0.60533
1929.1,0.60567
1929.8,0.60603
1930.5,0.60635
1931.2,0.6066
1931.9,0.60689
1932.7,0.60722
1933.4,0.60752
1934.1,0.60776
1934.8,0.608
1935.5,0.6082
1936.3,0.60838
1937.0,0.60862
1937.7,0.60886
1938.4,0.60909
1939.2,0.60931
1939.9,0.60947
1940.6,0.60958
1941.3,0.60977
1942.1,0.60998
1942.8,0.61011
1943.5,0.61033
1944.2,0.61057
1945.0,0.61076
1945.7,0.61095
1946.4,0.61112
1947.2,0.61124
1947.9,0.61136
1948.6,0.61151
1949.4,0.6117
1950.1,0.61194
1950.8,0.6121
1951.6,0.61222
1952.3,0.61233
1953.0,0.61248
1953.8,0.61259
1954.5,0.61277
1955.2,0.61299
1956.0,0.61316
1956.7,0.6132
1957.5,0.61327
1958.2,0.61346
1958.9,0.61355
1959.7,0.61366
1960.4,0.61382
1961.2,0.61397
1961.9,0.61407
1962.6,0.61417
1963.4,0.61429
1964.1,0.61441
1964.9,0.61454
1965.6,0.61469
1966.4,0.61473
1967.1,0.6148
1967.9,0.61496
1968.6,0.61509
1969.3,0.61518
1970.1,0.61529
1970.8,0.6154
1971.6,0.61548
1972.3,0.6155
1973.1,0.6156
1973.8,0.61581
1974.6,0.61603
1975.3,0.61606
1976.1,0.61606
1976.9,0.61612
1977.6,0.61619
1978.4,0.61629
1979.1,0.61637
1979.9,0.61642
1980.6,0.61661
1981.4,0.6168
1982.2,0.61685
1982.9,0.61691
1983.7,0.61705
1984.4,0.61717
1985.2,0.61722
1985.9,0.61727
1986.7,0.61739
1987.5,0.61753
1988.2,0.61765
1989.0,0.61773
1989.8,0.61787
1990.5,0.61804
1991.3,0.61815
1992.1,0.6182
1992.8,0.61831
1993.6,0.61836
1994.3,0.6185
1995.1,0.61864
1995.9,0.61871
1996.7,0.61883
1997.4,0.61896
1998.2,0.61908
1999.0,0.61922
1999.7,0.61931
2000.5,0.61936
2001.3,0.61941
2002.1,0.61951
2002.8,0.61968
2003.6,0.6198
2004.4,0.61986
2005.2,0.61997
2005.9,0.62001
2006.7,0.62011
2007.5,0.6203
2008.3,0.62042
2009.0,0.62042
2009.8,0.62054
2010.6,0.62066
2011.4,0.62073
2012.2,0.62077
2012.9,0.62083
2013.7,0.62091
2014.5,0.62101
2015.3,0.62111
2016.1,0.62121
2016.8,0.62129
2017.6,0.62138
2018.4,0.62151
2019.2,0.62161
2020.0,0.62163
2020.8,0.62163
2021.6,0.62167
2022.3,0.62174
2023.1,0.62178
2023.9,0.62186
2024.7,0.62201
2025.5,0.62208
2026.3,0.62208
2027.1,0.62217
2027.9,0.62223
2028.7,0.62221
2029.5,0.62228
2030.3,0.62239
2031.1,0.62241
2031.9,0.62246
2032.7,0.62255
2033.5,0.62256
2034.3,0.62257
2035.1,0.62263
2035.8,0.62268
2036.7,0.62274
2037.4,0.62276
2038.3,0.62278
2039.1,0.62289
2039.9,0.62296
2040.7,0.62295
2041.5,0.62302
2042.3,0.62301
2043.1,0.62296
2043.9,0.62301
2044.7,0.6231
2045.5,0.62318
2046.3,0.62319
2047.1,0.62315
2047.9,0.62317
2048.7,0.62327
2049.5,0.62329
2050.4,0.62329
2051.2,0.62328
2052.0,0.62321
2052.8,0.62316
2053.6,0.62321
2054.4,0.6233
2055.2,0.62329
2056.0,0.62329
2056.9,0.62328
2057.7,0.62328
2058.5,0.62336
2059.3,0.62342
2060.1,0.62341
2060.9,0.62337
2061.8,0.6234
2062.6,0.62339
2063.4,0.62341
2064.2,0.62341
2065.1,0.62343
2065.9,0.62339
2066.7,0.62334
2067.5,0.62338
2068.3,0.62339
2069.2,0.62338
2070.0,0.62328
2070.8,0.62317
2071.6,0.62311
2072.5,0.62311
2073.3,0.62308
2074.1,0.62303
2075.0,0.6231
2075.8,0.62317
2076.6,0.62314
2077.5,0.62309
2078.3,0.62303
2079.1,0.62299
2080.0,0.62301
2080.8,0.623
2081.6,0.62295
2082.5,0.62294
2083.3,0.62293
2084.1,0.62288
2085.0,0.62283
2085.8,0.62278
2086.6,0.62269
2087.5,0.62265
2088.3,0.62267
2089.2,0.62268
2090.0,0.62267
2090.9,0.62265
2091.7,0.62262
2092.6,0.62258
2093.4,0.62259
2094.2,0.62261
2095.1,0.6226
2095.9,0.62258
2096.8,0.62261
2097.6,0.62257
2098.5,0.62249
2099.3,0.62246
2100.2,0.62241
2101.0,0.6223
2101.9,0.6223
2102.7,0.62235
2103.6,0.62232
2104.4,0.62231
2105.3,0.62228
2106.1,0.62231
2107.0,0.62231
2107.9,0.62226
2108.7,0.62219
2109.6,0.62216
2110.4,0.62215
2111.3,0.62214
2112.2,0.62213
2113.0,0.62209
2113.9,0.62201
2114.7,0.62199
2115.6,0.62192
2116.5,0.6219
2117.3,0.62191
2118.2,0.62188
2119.1,0.62187
2119.9,0.62187
2120.8,0.62184
2121.7,0.62181
2122.5,0.62183
2123.4,0.62176
2124.3,0.62174
2125.1,0.62173
2126.0,0.62158
2126.9,0.62154
2127.8,0.62153
2128.6,0.62152
2129.5,0.62148
2130.4,0.62139
2131.3,0.62129
2132.1,0.62131
2133.0,0.62125
2133.9,0.62115
2134.8,0.62104
2135.6,0.62099
2136.5,0.62099
2137.4,0.62095
2138.3,0.62085
2139.2,0.6208
2140.1,0.62077
2140.9,0.62069
2141.8,0.62058
2142.7,0.62044
2143.6,0.62034
2144.5,0.62034
2145.4,0.6203
2146.3,0.62016
2147.1,0.61999
2148.0,0.61986
2148.9,0.61979
2149.8,0.61971
2150.7,0.61947
2151.6,0.61926
2152.5,0.61908
2153.4,0.61887
2154.3,0.61869
2155.2,0.61842
2156.1,0.61823
2157.0,0.61803
2157.9,0.61776
2158.8,0.61749
2159.7,0.61717
2160.6,0.61681
2161.5,0.6164
2162.4,0.61601
2163.3,0.61571
2164.2,0.61533
2165.1,0.61486
2166.0,0.61441
2166.9,0.61392
2167.8,0.61338
2168.7,0.6128
2169.6,0.61224
2170.5,0.61165
2171.4,0.61105
2172.3,0.61045
2173.2,0.60971
2174.1,0.60895
2175.1,0.60824
2176.0,0.60742
2176.9,0.6066
2177.8,0.60572
2178.7,0.60481
2179.6,0.60398
2180.6,0.60313
2181.5,0.60227
2182.4,0.60151
2183.3,0.60087
2184.2,0.6003
2185.1,0.59978
2186.1,0.59928
2187.0,0.59878
2187.9,0.59847
2188.8,0.59823
2189.8,0.59796
2190.7,0.59783
2191.6,0.59777
2192.5,0.59776
2193.5,0.59772
2194.4,0.59762
2195.3,0.59754
2196.3,0.59756
2197.2,0.59759
2198.1,0.59753
2199.1,0.59739
2200.0,0.59733
2200.9,0.59737
2201.9,0.59737
2202.8,0.59729
2203.7,0.59721
2204.7,0.59719
2205.6,0.59713
2206.5,0.59711
2207.5,0.59715
2208.4,0.59717
2209.4,0.59717
2210.3,0.59721
2211.2,0.59729
2212.2,0.59742
2213.1,0.59751
2214.1,0.59763
2215.0,0.59771
2216.0,0.59781
2216.9,0.59805
2217.9,0.59828
2218.8,0.59848
2219.8,0.59871
2220.7,0.5989
2221.7,0.59906
2222.6,0.59921
2223.6,0.59938
2224.5,0.59956
2225.5,0.59971
2226.4,0.59988
2227.4,0.60014
2228.4,0.60028
2229.3,0.60039
2230.3,0.60054
2231.2,0.6007
2232.2,0.60083
2233.1,0.60098
2234.1,0.60113
2235.1,0.60123
2236.0,0.60137
2237.0,0.60149
2238.0,0.60158
2238.9,0.6017
2239.9,0.60174
2240.9,0.60177
2241.8,0.60181
2242.8,0.60178
2243.8,0.60175
2244.8,0.60182
2245.7,0.60183
2246.7,0.60187
2247.7,0.6019
2248.6,0.60191
2249.6,0.60184
2250.6,0.60176
2251.6,0.60177
2252.6,0.6017
2253.5,0.60163
2254.5,0.60166
2255.5,0.60166
2256.5,0.6016
2257.5,0.60153
2258.4,0.6015
2259.4,0.60148
2260.4,0.60144
2261.4,0.60145
2262.4,0.60147
2263.4,0.60145
2264.4,0.6014
2265.4,0.60132
2266.3,0.60129
2267.3,0.60129
2268.3,0.60127
2269.3,0.6012
2270.3,0.60121
2271.3,0.60119
2272.3,0.60116
2273.3,0.60122
2274.3,0.60118
2275.3,0.60108
2276.3,0.60109
2277.3,0.60112
2278.3,0.60109
2279.3,0.60096
2280.3,0.60083
2281.3,0.60076
2282.3,0.6007
2283.3,0.60058
2284.3,0.60051
2285.3,0.60041
2286.3,0.60024
2287.3,0.60008
2288.3,0.59993
2289.4,0.59972
2290.4,0.59945
2291.4,0.59932
2292.4,0.59923
2293.4,0.59905
2294.4,0.59893
2295.4,0.59875
2296.4,0.59853
2297.5,0.59836
2298.5,0.59814
2299.5,0.59791
2300.5,0.5978
2301.6,0.5977
2302.6,0.59753
2303.6,0.59735
2304.6,0.59715
2305.6,0.59696
2306.7,0.59683
2307.7,0.59676
2308.7,0.59668
2309.8,0.59656
2310.8,0.59643
2311.8,0.59632
2312.8,0.59628
2313.9,0.5962
2314.9,0.59611
2315.9,0.59598
2317.0,0.59586
2318.0,0.59578
2319.1,0.59569
2320.1,0.5956
2321.1,0.59548
2322.2,0.59541
2323.2,0.59547
2324.3,0.5955
2325.3,0.59548
2326.3,0.59542
2327.4,0.59546
2328.4,0.59556
2329.5,0.59573
2330.5,0.59588
2331.6,0.59599
2332.6,0.5961
2333.7,0.59623
2334.7,0.59635
2335.8,0.59644
2336.8,0.59658
2337.9,0.59673
2338.9,0.5969
2340.0,0.59707
2341.0,0.59719
2342.1,0.59726
2343.1,0.59746
2344.2,0.59765
2345.3,0.59774
2346.3,0.59793
2347.4,0.59811
2348.5,0.59836
2349.5,0.59856
2350.6,0.59873
2351.7,0.59894
2352.7,0.59908
2353.8,0.59909
2354.9,0.59912
2355.9,0.59928
2357.0,0.59941
2358.1,0.59938
2359.1,0.59942
2360.2,0.59944
2361.3,0.59944
2362.4,0.5994
2363.4,0.5993
2364.5,0.5993
2365.6,0.59933
2366.7,0.5993
2367.8,0.59923
2368.9,0.59905
2369.9,0.59891
2371.0,0.59891
2372.1,0.59887
2373.2,0.59872
2374.3,0.59858
2375.4,0.59845
2376.4,0.59834
2377.5,0.59813
2378.6,0.59789
2379.7,0.59767
2380.8,0.59749
2381.9,0.59729
2383.0,0.59706
2384.1,0.59685
2385.2,0.59664
2386.3,0.59647
2387.4,0.59626
2388.5,0.59603
2389.6,0.59579
2390.7,0.59555
2391.8,0.59528
2392.9,0.59507
2394.0,0.59485
2395.1,0.59452
2396.2,0.5942
2397.3,0.59392
2398.4,0.59362
2399.5,0.59334
2400.6,0.59308
2401.8,0.59279
2402.9,0.59253
2404.0,0.59224
2405.1,0.59191
2406.2,0.59158
2407.3,0.59128
2408.5,0.59093
2409.6,0.59064
2410.7,0.59029
2411.8,0.58995
2412.9,0.58958
2414.1,0.58921
2415.2,0.58889
2416.3,0.58852
2417.4,0.58806
2418.6,0.58761
2419.7,0.5872
2420.8,0.58674
2422.0,0.58623
2423.1,0.58574
2424.2,0.58521
2425.4,0.58464
2426.5,0.58409
2427.6,0.58358
2428.8,0.58312
2429.9,0.58261
2431.1,0.58202
2432.2,0.58149
2433.3,0.58103
2434.5,0.58062
2435.6,0.58011
2436.8,0.57959
2437.9,0.57907
2439.1,0.57854
2440.2,0.57793
2441.4,0.57736
2442.5,0.57692
2443.6,0.57642
2444.8,0.57584
2445.9,0.57531
2447.1,0.57482
2448.3,0.57434
2449.4,0.57386
2450.6,0.57339
2451.7,0.57293
2452.9,0.57247
2454.1,0.57203
2455.2,0.57161
2456.4,0.57114
2457.6,0.57078
2458.7,0.57051
2459.9,0.57015
2461.1,0.56971
2462.2,0.56938
2463.4,0.56906
2464.6,0.56882
2465.7,0.5685
2466.9,0.56816
2468.1,0.56786
2469.3,0.56758
2470.4,0.56732
2471.6,0.56714
2472.8,0.56684
2474.0,0.56649
2475.1,0.56619
2476.3,0.56596
2477.5,0.5656
2478.7,0.56516
2479.9,0.56476
2481.1,0.56429
2482.3,0.56378
2483.4,0.56327
2484.6,0.56278
2485.8,0.56231
2487.0,0.56173
2488.2,0.56116
2489.4,0.56069
2490.6,0.56017
2491.8,0.55963
2493.0,0.55918
2494.2,0.55866
2495.4,0.55812
2496.6,0.55761
2497.8,0.55713
2499.0,0.55666
2500.2,0.55613
2501.4,0.5556
2502.6,0.55514
2503.8,0.55465
2505.0,0.55421
2506.3,0.55377
2507.5,0.55332
2508.7,0.55289
2509.9,0.55251
2511.1,0.55215
2512.3,0.55188
2513.5,0.5516
2514.8,0.5514
2516.0,0.55127
2517.2,0.5512
2518.4,0.55119
2519.6,0.55127
2520.9,0.55137
2522.1,0.55147
2523.3,0.55165
2524.6,0.55194
2525.8,0.55219
2527.0,0.55251
2528.2,0.55287
2529.5,0.55323
2530.7,0.55362
2531.9,0.55407
2533.2,0.55454
2534.4,0.55505
2535.7,0.55548
2536.9,0.55597
2538.1,0.55637
2539.4,0.55673
2540.6,0.55713
2541.9,0.5575
2543.1,0.55782
2544.4,0.55806
2545.6,0.55822
2546.9,0.5583
2548.1,0.55839
2549.4,0.55853
2550.6,0.55857
2551.9,0.55852
2553.1,0.55839
2554.4,0.55818
2555.6,0.558
2556.9,0.55789
2558.2,0.55769
2559.4,0.55754
2560.7,0.55743
2562.0,0.55734
2563.2,0.55714
2564.5,0.55686
2565.8,0.55657
2567.0,0.5563
2568.3,0.55611
2569.6,0.556
2570.9,0.55563
2572.1,0.55528
2573.4,0.55521
2574.7,0.55493
2576.0,0.55454
2577.3,0.55439
2578.5,0.55405
2579.8,0.55366
2581.1,0.55342
2582.4,0.55307
2583.7,0.55294
2585.0,0.55272
2586.2,0.5522
2587.5,0.5519
2588.8,0.55154
2590.1,0.55114
2591.4,0.55073
2592.7,0.55057
2594.0,0.55082
2595.3,0.55082
2596.6,0.55001
2597.9,0.54928
2599.2,0.54882
2600.5,0.54859
2601.8,0.54825
2603.1,0.54796
2604.4,0.54783
2605.7,0.54771
2607.1,0.54713
2608.4,0.5465
2609.7,0.54612
2611.0,0.54575
2612.3,0.54536
2613.6,0.54498
2614.9,0.54451
2616.3,0.54436
2617.6,0.54408
2618.9,0.54353
2620.2,0.54325
2621.6,0.54266
2622.9,0.54181
2624.2,0.54122
2625.5,0.54068
2626.9,0.54029
2628.2,0.5396
2629.5,0.53897
2630.9,0.53853
2632.2,0.53771
2633.5,0.5367
2634.9,0.53569
2636.2,0.53464
2637.6,0.53373
2638.9,0.53276
2640.2,0.5317
2641.6,0.53054
2642.9,0.52921
2644.3,0.52775
2645.6,0.5265
2647.0,0.525
2648.3,0.52319
2649.7,0.52129
2651.0,0.51936
2652.4,0.51722
2653.8,0.51483
2655.1,0.51219
2656.5,0.5093
2657.8,0.5061
2659.2,0.50288
2660.6,0.49913
2661.9,0.49503
2663.3,0.49036
2664.7,0.48526
2666.0,0.47853
2667.4,0.46857
2668.8,0.45394
2670.1,0.43474
2671.5,0.41214
2672.9,0.39168
2674.3,0.37577
2675.6,0.36394
2677.0,0.35497
2678.4,0.34854
2679.8,0.3445
2681.2,0.34238
2682.6,0.34132
2684.0,0.34045
2685.4,0.33914
2686.8,0.3372
2688.1,0.33443
2689.5,0.33099
2690.9,0.32734
2692.3,0.3238
2693.7,0.32025
2695.1,0.31659
2696.5,0.31284
2697.9,0.30919
2699.3,0.30586
2700.7,0.30265
2702.1,0.29921
2703.6,0.29557
2705.0,0.2918
2706.4,0.28786
2707.8,0.28363
2709.2,0.2791
2710.6,0.27419
2712.0,0.26861
2713.5,0.26239
2714.9,0.25582
2716.3,0.24897
2717.7,0.24197
2719.1,0.23496
2720.6,0.22792
2722.0,0.22076
2723.4,0.21401
2724.9,0.20779
2726.3,0.20179
2727.7,0.19606
2729.2,0.19104
2730.6,0.18655
2732.0,0.18241
2733.5,0.17866
2734.9,0.17525
2736.4,0.17183
2737.8,0.1687
2739.3,0.16598
2740.7,0.16335
2742.2,0.16061
2743.6,0.15796
2745.1,0.15567
2746.5,0.15357
2748.0,0.15158
2749.4,0.14979
2750.9,0.14812
2752.3,0.14674
2753.8,0.14561
2755.3,0.14475
2756.7,0.14404
2758.2,0.14345
2759.7,0.14314
2761.1,0.14313
2762.6,0.14338
2764.1,0.14373
2765.6,0.1442
2767.0,0.14477
2768.5,0.14537
2770.0,0.14601
2771.5,0.14646
2772.9,0.1469
2774.4,0.14745
2775.9,0.14797
2777.4,0.14852
2778.9,0.14911
2780.4,0.14971
2781.9,0.15028
2783.4,0.1508
2784.9,0.15135
2786.4,0.1519
2787.9,0.15231
2789.4,0.15258
2790.9,0.15291
2792.4,0.15329
2793.9,0.15363
2795.4,0.15394
2796.9,0.15428
2798.4,0.15453
2799.9,0.1547
2801.4,0.15493
2802.9,0.15523
2804.4,0.15537
2806.0,0.15549
2807.5,0.15569
2809.0,0.15596
2810.5,0.15609
2812.1,0.15622
2813.6,0.15644
2815.1,0.15658
2816.6,0.15668
2818.2,0.15692
2819.7,0.15725
2821.2,0.15741
2822.8,0.15756
2824.3,0.15771
2825.8,0.15778
2827.4,0.15784
2828.9,0.15802
2830.5,0.15823
2832.0,0.15841
2833.6,0.15858
2835.1,0.15872
2836.7,0.15895
2838.2,0.15907
2839.8,0.1591
2841.3,0.15912
2842.9,0.15917
2844.4,0.15924
2846.0,0.15935
2847.6,0.15936
2849.1,0.15937
2850.7,0.15944
2852.3,0.15936
2853.8,0.15922
2855.4,0.15914
2857.0,0.15903
2858.6,0.15895
2860.1,0.15889
2861.7,0.15878
2863.3,0.15865
2864.9,0.15855
2866.4,0.15846
2868.0,0.15836
2869.6,0.15827
2871.2,0.15817
2872.8,0.15805
2874.4,0.15777
2876.0,0.15764
2877.6,0.15757
2879.2,0.15741
2880.8,0.15724
2882.4,0.15725
2884.0,0.15715
2885.6,0.15699
2887.2,0.15683
2888.8,0.15667
2890.4,0.15651
2892.0,0.15642
2893.6,0.15629
2895.3,0.15614
2896.9,0.15596
2898.5,0.15579
2900.1,0.1557
2901.7,0.15565
2903.4,0.15553
2905.0,0.1554
2906.6,0.1554
2908.3,0.1553
2909.9,0.15511
2911.5,0.15512
2913.1,0.15509
2914.8,0.15497
2916.4,0.15489
2918.1,0.15484
2919.7,0.15479
2921.4,0.15466
2923.0,0.15461
2924.7,0.1548
2926.3,0.15497
2928.0,0.15501
2929.6,0.15497
2931.3,0.15505
2932.9,0.15516
2934.6,0.15512
2936.3,0.15508
2937.9,0.15521
2939.6,0.15536
2941.2,0.15553
2942.9,0.15564
2944.6,0.15577
2946.3,0.15593
2947.9,0.15617
2949.6,0.1563
2951.3,0.15636
2953.0,0.15664
2954.6,0.15698
2956.3,0.15713
2958.0,0.15733
2959.7,0.15759
2961.4,0.15781
2963.1,0.15806
2964.8,0.1583
2966.5,0.15851
2968.2,0.1588
2969.9,0.15907
2971.6,0.15923
2973.3,0.15951
2975.0,0.15991
2976.7,0.16029
2978.4,0.16058
2980.1,0.16082
2981.8,0.16107
2983.6,0.1613
2985.3,0.16166
2987.0,0.1621
2988.7,0.1625
2990.4,0.16277
2992.2,0.16303
2993.9,0.1634
2995.6,0.16375
2997.4,0.16411
2999.1,0.16451
3000.8,0.16484
3002.6,0.16508
3004.3,0.16539
3006.0,0.16568
3007.8,0.16598
3009.5,0.1663
3011.3,0.16667
3013.0,0.16702
3014.8,0.16743
3016.5,0.16775
3018.3,0.16805
3020.0,0.16844
3021.8,0.16877
3023.6,0.16905
3025.3,0.16944
3027.1,0.16977
3028.9,0.17005
3030.6,0.1703
3032.4,0.17054
3034.2,0.17087
3036.0,0.17127
3037.7,0.17159
3039.5,0.17186
3041.3,0.17209
3043.1,0.17237
3044.9,0.17267
3046.7,0.17286
3048.4,0.17302
3050.2,0.17333
3052.0,0.17356
3053.8,0.17385
3055.6,0.17414
3057.4,0.17425
3059.2,0.17448
3061.1,0.17478
3062.9,0.17503
3064.7,0.17534
3066.5,0.17559
3068.3,0.17576
3070.1,0.176
3071.9,0.17617
3073.8,0.17636
3075.6,0.17661
3077.4,0.17688
3079.2,0.17724
3081.1,0.17766
3082.9,0.17809
3084.7,0.17851
3086.6,0.17895
3088.4,0.1794
3090.2,0.17986
3092.1,0.18025
3093.9,0.18068
3095.8,0.18129
3097.6,0.1818
3099.5,0.18227
3101.3,0.18279
3103.2,0.18333
3105.0,0.18393
3106.9,0.18453
3108.8,0.18512
3110.6,0.18576
3112.5,0.18641
3114.4,0.18693
3116.2,0.18752
3118.1,0.18827
3120.0,0.18904
3121.9,0.18979
3123.7,0.19052
3125.6,0.19116
3127.5,0.19179
3129.4,0.19246
3131.3,0.19321
3133.2,0.19404
3135.1,0.19476
3137.0,0.19557
3138.9,0.1964
3140.8,0.19716
3142.7,0.19792
3144.6,0.19879
3146.5,0.19965
3148.4,0.20039
3150.3,0.20128
3152.2,0.20211
3154.1,0.20287
3156.1,0.20368
3158.0,0.20463
3159.9,0.20556
3161.8,0.20636
3163.8,0.20709
3165.7,0.20791
3167.6,0.20881
3169.6,0.20971
3171.5,0.21059
3173.4,0.21139
3175.4,0.21224
3177.3,0.21316
3179.3,0.21404
3181.2,0.21479
3183.2,0.21571
3185.1,0.2166
3187.1,0.21742
3189.1,0.21824
3191.0,0.21913
3193.0,0.21999
3194.9,0.22082
3196.9,0.22166
3198.9,0.22246
3200.9,0.22326
3202.9,0.22396
3204.8,0.2248
3206.8,0.22566
3208.8,0.22647
3210.8,0.22732
3212.8,0.22819
3214.8,0.22899
3216.8,0.22971
3218.8,0.23034
3220.8,0.2311
3222.8,0.2321
3224.8,0.23279
3226.8,0.23338
3228.8,0.2341
3230.8,0.2349
3232.8,0.23562
3234.8,0.23626
3236.8,0.237
3238.9,0.23773
3240.9,0.23839
3242.9,0.23885
3244.9,0.23948
3247.0,0.24016
3249.0,0.2407
3251.0,0.24129
3253.1,0.24193
3255.1,0.24254
3257.2,0.24307
3259.2,0.24354
3261.3,0.24399
3263.3,0.24447
3265.4,0.24496
3267.4,0.24545
3269.5,0.24587
3271.6,0.24629
3273.6,0.24662
3275.7,0.24683
3277.8,0.24698
3279.8,0.24694
3281.9,0.24677
3284.0,0.2463
3286.1,0.24552
3288.1,0.24412
3290.2,0.24174
3292.3,0.23835
3294.4,0.23371
3296.5,0.22817
3298.6,0.22254
3300.7,0.21772
3302.8,0.21414
3304.9,0.21204
3307.0,0.21125
3309.1,0.21145
3311.2,0.21245
3313.4,0.21407
3315.5,0.21612
3317.6,0.21822
3319.7,0.22007
3321.9,0.22163
3324.0,0.22293
3326.1,0.22397
3328.3,0.22473
3330.4,0.22521
3332.5,0.22554
3334.7,0.22588
3336.8,0.22635
3339.0,0.22682
3341.1,0.22737
3343.3,0.22818
3345.4,0.22914
3347.6,0.23009
3349.8,0.2312
3351.9,0.2323
3354.1,0.23321
3356.3,0.23427
3358.4,0.23536
3360.6,0.23636
3362.8,0.23721
3365.0,0.23804
3367.1,0.23886
3369.3,0.23941
3371.5,0.23968
3373.7,0.23975
3375.9,0.23945
3378.1,0.23877
3380.3,0.23778
3382.5,0.23665
3384.7,0.23589
3386.9,0.2355
3389.1,0.2354
3391.4,0.23524
3393.6,0.23478
3395.8,0.23413
3398.0,0.23334
3400.3,0.23243
3402.5,0.23139
3404.7,0.23037
3407.0,0.22954
3409.2,0.22874
3411.4,0.22789
3413.7,0.22723
3415.9,0.22682
3418.2,0.22668
3420.4,0.22656
3422.7,0.22645
3425.0,0.22621
3427.2,0.22563
3429.5,0.22457
3431.8,0.22291
3434.0,0.22079
3436.3,0.21821
3438.6,0.2156
3440.9,0.21343
3443.2,0.21182
3445.4,0.21094
3447.7,0.21083
3450.0,0.21138
3452.3,0.21246
3454.6,0.21413
3456.9,0.21601
3459.2,0.21794
3461.6,0.22008
3463.9,0.22245
3466.2,0.22485
3468.5,0.22726
3470.8,0.22986
3473.1,0.23262
3475.5,0.23535
3477.8,0.23812
3480.1,0.24104
3482.5,0.2441
3484.8,0.24749
3487.2,0.25129
3489.5,0.25563
3491.9,0.26037
3494.2,0.26529
3496.6,0.27057
3498.9,0.27581
3501.3,0.28088
3503.6,0.28593
3506.0,0.29123
3508.4,0.29674
3510.8,0.30215
3513.1,0.30726
3515.5,0.31216
3517.9,0.31687
3520.3,0.32125
3522.7,0.3252
3525.1,0.3288
3527.5,0.33213
3529.9,0.33501
3532.3,0.33765
3534.7,0.34021
3537.1,0.34251
3539.5,0.34439
3541.9,0.34577
3544.4,0.3471
3546.8,0.34887
3549.2,0.35111
3551.6,0.35352
3554.1,0.35598
3556.5,0.35839
3559.0,0.36067
3561.4,0.36273
3563.9,0.36459
3566.3,0.36628
3568.8,0.36778
3571.2,0.3693
3573.7,0.37086
3576.1,0.37222
3578.6,0.37354
3581.1,0.37479
3583.6,0.37591
3586.0,0.37706
3588.5,0.37836
3591.0,0.37948
3593.5,0.3805
3596.0,0.38157
3598.5,0.38281
3601.0,0.38386
3603.5,0.38464
3606.0,0.38563
3608.5,0.38678
3611.0,0.38771
3613.5,0.38856
3616.0,0.38949
3618.6,0.3905
3621.1,0.39138
3623.6,0.39215
3626.1,0.393
3628.7,0.39397
3631.2,0.39483
3633.8,0.39566
3636.3,0.39649
3638.9,0.39709
3641.4,0.39778
3644.0,0.39864
3646.6,0.39936
3649.1,0.39992
3651.7,0.40053
3654.3,0.40123
3656.8,0.40195
3659.4,0.40263
3662.0,0.40343
3664.6,0.404
3667.2,0.40455
3669.8,0.40519
3672.4,0.40576
3675.0,0.40616
3677.6,0.40642
3680.2,0.40708
3682.8,0.40777
3685.4,0.40816
3688.1,0.40845
3690.7,0.40865
3693.3,0.40886
3695.9,0.40922
3698.6,0.40931
3701.2,0.40946
3703.9,0.40958
3706.5,0.40977
3709.2,0.40988
3711.8,0.4099
3714.5,0.40993
3717.1,0.40993
3719.8,0.4099
3722.5,0.4098
3725.2,0.40957
3727.8,0.4092
3730.5,0.40858
3733.2,0.40766
3735.9,0.4064
3738.6,0.40471
3741.3,0.40244
3744.0,0.39942
3746.7,0.39574
3749.4,0.39155
3752.1,0.38693
3754.8,0.38198
3757.6,0.37684
3760.3,0.37162
3763.0,0.36635
3765.7,0.36096
3768.5,0.35548
3771.2,0.34994
3774.0,0.34431
3776.7,0.33849
3779.5,0.33245
3782.2,0.32616
3785.0,0.31966
3787.7,0.31313
3790.5,0.30674
3793.3,0.30067
3796.1,0.29518
3798.8,0.29045
3801.6,0.28695
3804.4,0.28553
3807.2,0.28686
3810.0,0.29058
3812.8,0.29582
3815.6,0.30174
3818.4,0.30785
3821.2,0.31385
3824.1,0.31951
3826.9,0.32476
3829.7,0.32942
3832.5,0.33322
3835.4,0.33604
3838.2,0.33762
3841.1,0.33741
3843.9,0.33488
3846.8,0.32981
3849.6,0.3226
3852.5,0.31419
3855.3,0.30562
3858.2,0.29779
3861.1,0.29131
3863.9,0.2862
3866.8,0.28216
3869.7,0.27876
3872.6,0.27568
3875.5,0.27284
3878.4,0.2703
3881.3,0.26827
3884.2,0.26684
3887.1,0.26569
3890.0,0.26417
3893.0,0.26157
3895.9,0.25746
3898.8,0.25186
3901.7,0.24513
3904.7,0.23785
3907.6,0.23056
3910.6,0.22371
3913.5,0.21783
3916.5,0.21334
3919.4,0.21004
3922.4,0.20743
3925.4,0.20508
3928.4,0.20276
3931.3,0.20054
3934.3,0.1985
3937.3,0.19655
3940.3,0.19479
3943.3,0.19336
3946.3,0.19236
3949.3,0.19168
3952.3,0.19127
3955.3,0.19107
3958.3,0.19136
3961.4,0.19254
3964.4,0.1953
3967.4,0.20035
3970.5,0.20808
3973.5,0.21833
3976.6,0.23015
3979.6,0.24234
3982.6,0.25388
3985.7,0.26438
3988.8,0.27389
3991.9,0.28273
3994.9,0.29114
3998.0,0.29944
4001.1,0.30796
4004.2,0.31679
4007.3,0.32586
4010.4,0.33488
4013.5,0.34367
4016.6,0.35217
4019.7,0.36031
4022.8,0.36808
4025.9,0.37541
4029.1,0.38235
4032.2,0.38887
4035.3,0.3948
4038.5,0.40021
4041.6,0.40509
4044.8,0.40945
4047.9,0.41338
4051.1,0.4169
4054.3,0.42008
4057.4,0.42304
4060.6,0.42572
4063.8,0.42816
4067.0,0.4304
4070.2,0.43245
4073.4,0.43432
4076.6,0.43606
4079.8,0.4376
4083.0,0.43893
4086.2,0.44017
4089.4,0.44128
4092.7,0.44225
4095.9,0.44319
4099.1,0.44395
4102.4,0.44459
4105.6,0.44514
4108.9,0.44567
4112.1,0.44611
4115.4,0.44653
4118.7,0.44692
4122.0,0.44721
4125.2,0.44742
4128.5,0.44761
4131.8,0.44768
4135.1,0.44771
4138.4,0.44774
4141.7,0.4478
4145.0,0.44786
4148.3,0.44796
4151.6,0.44823
4155.0,0.44872
4158.3,0.44929
4161.6,0.44979
4165.0,0.45022
4168.3,0.45065
4171.7,0.45099
4175.0,0.45125
4178.4,0.45148
4181.8,0.45172
4185.2,0.4519
4188.5,0.45205
4191.9,0.45213
4195.3,0.45216
4198.7,0.452
4202.1,0.45169
4205.5,0.45126
4208.9,0.45082
4212.4,0.45038
4215.8,0.44999
4219.2,0.44967
4222.6,0.44942
4226.1,0.44916
4229.5,0.44884
4233.0,0.44846
4236.5,0.44802
4239.9,0.44747
4243.4,0.44692
4246.9,0.4463
4250.3,0.44541
4253.8,0.44407
4257.3,0.44212
4260.8,0.43945
4264.3,0.43652
4267.8,0.43382
4271.3,0.43138
4274.9,0.42955
4278.4,0.42939
4281.9,0.43041
4285.5,0.43184
4289.0,0.43383
4292.6,0.43554
4296.1,0.43619
4299.7,0.43608
4303.3,0.43566
4306.8,0.43523
4310.4,0.43491
4314.0,0.43479
4317.6,0.43465
4321.2,0.4344
4324.8,0.43407
4328.4,0.43376
4332.0,0.43352
4335.6,0.4334
4339.3,0.43334
4342.9,0.43333
4346.5,0.43327
4350.2,0.43308
4353.8,0.43258
4357.5,0.43184
4361.1,0.43103
4364.8,0.43017
4368.5,0.4292
4372.2,0.42822
4375.9,0.42723
4379.6,0.42634
4383.3,0.42546
4387.0,0.42448
4390.7,0.42351
4394.4,0.42258
4398.1,0.42164
4401.9,0.42077
4405.6,0.41993
4409.4,0.41911
4413.1,0.41833
4416.9,0.4176
4420.6,0.41692
4424.4,0.41635
4428.2,0.41588
4432.0,0.41559
4435.8,0.41551
4439.6,0.41559
4443.4,0.41581
4447.2,0.41619
4451.0,0.41678
4454.8,0.41754
4458.6,0.41822
4462.5,0.41889
4466.3,0.41962
4470.2,0.42028
4474.0,0.42083
4477.9,0.42132
4481.8,0.42162
4485.6,0.42172
4489.5,0.42156
4493.4,0.42123
4497.3,0.42069
4501.2,0.41997
4505.1,0.41913
4509.0,0.41825
4513.0,0.41739
4516.9,0.41665
4520.9,0.41593
4524.8,0.41523
4528.7,0.41454
4532.7,0.41386
4536.7,0.41309
4540.6,0.41223
4544.6,0.41132
4548.6,0.41033
4552.6,0.40919
4556.6,0.40797
4560.6,0.40663
4564.6,0.40522
4568.6,0.40373
4572.7,0.40212
4576.7,0.40039
4580.8,0.3986
4584.8,0.39661
4588.9,0.39454
4592.9,0.39244
4597.0,0.39042
4601.1,0.38855
4605.2,0.38699
4609.3,0.38576
4613.4,0.38488
4617.5,0.38429
4621.6,0.3839
4625.7,0.38361
4629.8,0.38344
4634.0,0.38338
4638.1,0.38346
4642.3,0.38369
4646.4,0.38418
4650.6,0.38499
4654.8,0.38617
4659.0,0.38764
4663.1,0.38933
4667.3,0.39108
4671.5,0.39284
4675.8,0.39443
4680.0,0.39585
4684.2,0.39707
4688.4,0.39808
4692.7,0.3989
4696.9,0.39963
4701.2,0.40022
4705.5,0.40061
4709.7,0.40086
4714.0,0.40108
4718.3,0.40114
4722.6,0.40115
4726.9,0.40105
4731.2,0.40076
4735.5,0.40033
4739.9,0.39982
4744.2,0.39914
4748.5,0.39839
4752.9,0.39747
4757.3,0.39653
4761.6,0.39549
4766.0,0.39437
4770.4,0.39311
4774.8,0.39174
4779.2,0.39028
4783.6,0.38878
4788.0,0.38711
4792.4,0.38535
4796.9,0.38344
4801.3,0.38135
4805.8,0.37913
4810.2,0.37679
4814.7,0.37428
4819.1,0.37154
4823.6,0.36855
4828.1,0.36541
4832.6,0.36202
4837.1,0.35844
4841.6,0.35468
4846.2,0.35062
4850.7,0.34629
4855.3,0.34181
4859.8,0.33711
4864.4,0.33222
4868.9,0.32706
4873.5,0.32175
4878.1,0.31633
4882.7,0.31076
4887.3,0.30506
4891.9,0.29934
4896.5,0.29358
4901.1,0.28779
4905.8,0.282
4910.4,0.27642
4915.1,0.27108
4919.7,0.26597
4924.4,0.26115
4929.1,0.25668
4933.8,0.25253
4938.5,0.24875
4943.2,0.24533
4947.9,0.24226
4952.6,0.23946
4957.4,0.23691
4962.1,0.23461
4966.9,0.23255
4971.6,0.23072
4976.4,0.2292
4981.2,0.22788
4986.0,0.22685
4990.8,0.22606
4995.6,0.22545
5000.4,0.22507
5005.2,0.22488
5010.0,0.22484
5014.9,0.22496
5019.8,0.22521
5024.6,0.22557
5029.5,0.22596
5034.4,0.22637
5039.3,0.22678
5044.2,0.22708
5049.1,0.22723
5054.0,0.22741
5058.9,0.2277
5063.9,0.2284
5068.8,0.22973
5073.8,0.23138
5078.8,0.23302
5083.7,0.23449
5088.7,0.23577
5093.7,0.23696
5098.7,0.23792
5103.7,0.23869
5108.8,0.23931
5113.8,0.23975
5118.9,0.23999
5123.9,0.24006
5129.0,0.23998
5134.1,0.23975
5139.1,0.23932
5144.3,0.23872
5149.4,0.23785
5154.5,0.23674
5159.6,0.23537
5164.7,0.23377
5169.9,0.23191
5175.0,0.22977
5180.2,0.22732
5185.4,0.22457
5190.6,0.22149
5195.8,0.21817
5201.0,0.21451
5206.2,0.21049
5211.5,0.20622
5216.7,0.20169
5222.0,0.19692
5227.2,0.19207
5232.5,0.18711
5237.8,0.18214
5243.1,0.17725
5248.4,0.17247
5253.7,0.16781
5259.0,0.16342
5264.4,0.15922
5269.7,0.1553
5275.1,0.15162
5280.5,0.1482
5285.8,0.1451
5291.2,0.14229
5296.6,0.13973
5302.0,0.1375
5307.5,0.13563
5312.9,0.13414
5318.4,0.13301
5323.8,0.1322
5329.3,0.13179
5334.8,0.13179
5340.3,0.13215
5345.8,0.13293
5351.3,0.13416
5356.8,0.13583
5362.4,0.13783
5367.9,0.14012
5373.5,0.1427
5379.0,0.14548
5384.6,0.14836
5390.2,0.15112
5395.8,0.1536
5401.5,0.1557
5407.1,0.15726
5412.7,0.15817
5418.4,0.15845
5424.1,0.15787
5429.7,0.15617
5435.4,0.15342
5441.1,0.1495
5446.9,0.14429
5452.6,0.13777
5458.3,0.13014
5464.1,0.12195
5469.8,0.11418
5475.6,0.10781
5481.4,0.1031
5487.2,0.09998
5493.0,0.09801
5498.8,0.09692
5504.7,0.09646
5510.5,0.09667
5516.4,0.09776
5522.3,0.09975
5528.1,0.10256
5534.0,0.10594
5540.0,0.10949
5545.9,0.11299
5551.8,0.11632
5557.8,0.11941
5563.7,0.12228
5569.7,0.12489
5575.7,0.12732
5581.7,0.12948
5587.7,0.13122
5593.7,0.13267
5599.8,0.13392
5605.8,0.13497
5611.9,0.13579
5618.0,0.13645
5624.1,0.13699
5630.2,0.13746
5636.3,0.13792
5642.4,0.13838
5648.6,0.13875
5654.7,0.13906
5660.9,0.13933
5667.1,0.13945
5673.3,0.13947
5679.5,0.13934
5685.7,0.13907
5692.0,0.13871
5698.2,0.13847
5704.5,0.13815
5710.8,0.13768
5717.1,0.13701
5723.4,0.13632
5729.7,0.13563
5736.0,0.13494
5742.4,0.13427
5748.8,0.13366
5755.1,0.1331
5761.5,0.1326
5768.0,0.13207
5774.4,0.1313
5780.8,0.13048
5787.3,0.1297
5793.7,0.12884
5800.2,0.12801
5806.7,0.12716
5813.2,0.12632
5819.7,0.12542
5826.3,0.12437
5832.8,0.1231
5839.4,0.12175
5846.0,0.12032
5852.6,0.1189
5859.2,0.11745
5865.8,0.11605
5872.5,0.11456
5879.1,0.11313
5885.8,0.11156
5892.5,0.10988
5899.2,0.10809
5905.9,0.10613
5912.6,0.10409
5919.4,0.10196
5926.2,0.09977
5932.9,0.09763
5939.7,0.09541
5946.5,0.09311
5953.4,0.09088
5960.2,0.08871
5967.1,0.08662
5974.0,0.08452
5980.8,0.0824
5987.8,0.08033
5994.7,0.0782
6001.6,0.07612
6008.6,0.0741
6015.5,0.07217
6022.5,0.07035
6029.5,0.06866
6036.5,0.06702
6043.6,0.06553
6050.6,0.0641
6057.7,0.06262
6064.8,0.06125
6071.9,0.06008
6079.0,0.05901
6086.1,0.05808
6093.3,0.05741
6100.5,0.05704
6107.6,0.05691
6114.9,0.05697
6122.1,0.05717
6129.3,0.05757
6136.5,0.05814
6143.8,0.05891
6151.1,0.05983
6158.4,0.06094
6165.7,0.06221
6173.1,0.06352
6180.4,0.06488
6187.8,0.06635
6195.2,0.06766
6202.6,0.06882
6210.0,0.07005
6217.5,0.07145
6225.0,0.07312
6232.4,0.07502
6239.9,0.07715
6247.5,0.07948
6255.0,0.08199
6262.5,0.08476
6270.1,0.0879
6277.7,0.09155
6285.3,0.09563
6293.0,0.09991
6300.6,0.10431
6308.3,0.10867
6315.9,0.11294
6323.6,0.11693
6331.4,0.12039
6339.1,0.12309
6346.9,0.12439
6354.6,0.12372
6362.4,0.12167
6370.3,0.11893
6378.1,0.11596
6385.9,0.11319
6393.8,0.1106
6401.7,0.10831
6409.6,0.10631
6417.5,0.10424
6425.5,0.10204
6433.5,0.10002
6441.5,0.09799
6449.5,0.09591
6457.5,0.09376
6465.6,0.0916
6473.6,0.08944
6481.7,0.08727
6489.8,0.08504
6498.0,0.08269
6506.1,0.08028
6514.3,0.07803
6522.5,0.07579
6530.7,0.07367
6539.0,0.07184
6547.2,0.07031
6555.5,0.06888
6563.8,0.0675
6572.1,0.06616
6580.4,0.06486
6588.8,0.06361
6597.2,0.06241
6605.6,0.06123
6614.0,0.06014
6622.5,0.05908
6630.9,0.05809
6639.4,0.05706
6647.9,0.05596
6656.5,0.05493
6665.0,0.05405
6673.6,0.05324
6682.2,0.05252
6690.8,0.05184
6699.5,0.05123
6708.1,0.05074
6716.8,0.0503
6725.5,0.04982
6734.3,0.04937
6743.0,0.04898
6751.8,0.04867
6760.6,0.04843
6769.4,0.04833
6778.3,0.04826
6787.1,0.04817
6796.0,0.04809
6805.0,0.04802
6813.9,0.04798
6822.9,0.04805
6831.9,0.04809
6840.9,0.04824
6849.9,0.04842
6859.0,0.04868
6868.0,0.04897
6877.2,0.04923
6886.3,0.04958
6895.5,0.04998
6904.6,0.05042
6913.8,0.0509
6923.1,0.05142
6932.3,0.052
6941.6,0.05267
6950.9,0.05346
6960.2,0.05431
6969.6,0.05514
6979.0,0.05605
6988.4,0.05706
6997.8,0.05806
7007.3,0.05894
7016.8,0.05953
7026.3,0.05952
7035.8,0.05862
7045.4,0.05704
7054.9,0.05528
7064.5,0.05379
7074.2,0.05265
7083.9,0.05194
7093.5,0.05172
7103.3,0.0519
7113.0,0.05226
7122.8,0.05274
7132.6,0.05349
7142.4,0.05459
7152.2,0.05592
7162.1,0.05731
7172.0,0.05878
7182.0,0.06024
7191.9,0.06171
7201.9,0.06325
7211.9,0.06477
7222.0,0.06636
7232.0,0.06806
7242.1,0.06994
7252.3,0.07211
7262.4,0.0745
7272.6,0.07693
7282.8,0.07939
7293.1,0.08182
7303.3,0.08423
7313.6,0.08665
7324.0,0.08898
7334.3,0.09117
7344.7,0.09328
7355.1,0.09544
7365.6,0.09752
7376.1,0.0994
7386.6,0.10118
7397.1,0.10277
7407.7,0.10404
7418.3,0.10502
7428.9,0.10592
7439.6,0.1069
7450.3,0.10784
7461.0,0.10883
7471.7,0.10984
7482.5,0.11091
7493.3,0.11213
7504.2,0.1136
7515.0,0.11519
7525.9,0.11678
7536.9,0.11827
7547.9,0.1195
7558.9,0.12046
7569.9,0.12126
7581.0,0.12182
7592.0,0.12226
7603.2,0.1226
7614.4,0.12278
7625.5,0.12277
7636.8,0.12258
7648.0,0.12226
7659.3,0.12191
7670.7,0.12165
7682.0,0.12156
7693.4,0.12163
7704.9,0.12172
7716.3,0.12184
7727.8,0.12203
7739.4,0.12216
7750.9,0.12218
7762.5,0.12214
7774.2,0.12208
7785.8,0.12181
7797.5,0.12142
7809.3,0.1208
7821.1,0.11987
7832.9,0.11854
7844.7,0.11689
7856.6,0.11488
7868.5,0.11256
7880.5,0.10997
7892.5,0.10705
7904.5,0.10383
7916.6,0.10055
7928.7,0.09713
7940.8,0.09365
7953.0,0.09012
7965.2,0.08656
7977.5,0.0832
7989.8,0.07999
8002.1,0.07704
8014.5,0.07434
8026.9,0.07187
8039.3,0.06962
8051.8,0.06763
8064.3,0.06589
8076.9,0.06432
8089.5,0.0629
8102.1,0.06168
8114.8,0.06059
8127.5,0.05963
8140.3,0.05877
8153.1,0.05802
8165.9,0.05735
8178.8,0.05672
8191.7,0.05607
8204.7,0.05551
8217.7,0.05497
8230.7,0.05442
8243.8,0.0538
8256.9,0.05321
8270.1,0.05267
8283.3,0.05221
8296.6,0.05174
8309.9,0.05122
8323.2,0.05074
8336.6,0.05032
8350.0,0.04997
8363.5,0.0497
8377.0,0.04948
8390.5,0.04936
8404.1,0.04924
8417.8,0.04914
8431.5,0.04903
8445.2,0.04887
8459.0,0.04868
8472.8,0.04844
8486.7,0.04814
8500.6,0.04792
8514.5,0.04773
8528.5,0.04753
8542.6,0.04729
8556.7,0.04705
8570.8,0.04676
8585.0,0.04641
8599.3,0.04604
8613.5,0.04572
8627.9,0.04547
8642.3,0.04531
8656.7,0.04515
8671.2,0.04502
8685.7,0.04486
8700.3,0.04471
8714.9,0.04455
8729.6,0.04435
8744.3,0.04427
8759.0,0.04419
8773.9,0.04407
8788.7,0.04396
8803.7,0.04387
8818.6,0.04385
8833.7,0.04385
8848.7,0.04388
8863.8,0.04388
8879.0,0.04391
8894.3,0.04401
8909.5,0.04411
8924.9,0.04421
8940.3,0.04434
8955.7,0.04454
8971.2,0.04478
8986.8,0.04495
9002.3,0.04499
9018.0,0.04492
9033.7,0.04484
9049.5,0.04473
9065.3,0.04455
9081.2,0.04435
9097.1,0.04416
9113.1,0.044
9129.1,0.04384
9145.2,0.04368
9161.4,0.04341
9177.6,0.0431
9193.9,0.04289
9210.2,0.04272
9226.6,0.04246
9243.0,0.04216
9259.5,0.04193
9276.1,0.04163
9292.7,0.04121
9309.4,0.04086
9326.2,0.04059
9343.0,0.04028
9359.8,0.03996
9376.8,0.03966
9393.7,0.03942
9410.8,0.03913
9427.9,0.03889
9445.1,0.03868
9462.3,0.03854
9479.6,0.03839
9497.0,0.03829
9514.4,0.03825
9531.9,0.03823
9549.4,0.03825
9567.0,0.03833
9584.7,0.03836
9602.5,0.03838
9620.3,0.03835
9638.2,0.03839
9656.1,0.0386
9674.2,0.03883
9692.2,0.03896
9710.4,0.03916
9728.6,0.03948
9746.9,0.03977
9765.2,0.03996
9783.7,0.04018
9802.2,0.04046
9820.7,0.04085
9839.4,0.04123
9858.1,0.04165
9876.8,0.0421
9895.7,0.04254
9914.6,0.04297
9933.6,0.04347
9952.7,0.04398
9971.8,0.04448
9991.0,0.045
10010.3,0.04555
10029.7,0.04618
10049.1,0.0468
10068.6,0.04736
10088.2,0.04798
10107.9,0.04861
10127.6,0.04936
10147.4,0.05012
10167.3,0.05086
10187.3,0.05152
10207.4,0.05227
10227.5,0.05305
10247.7,0.05382
10268.0,0.05459
10288.4,0.05536
10308.8,0.05612
10329.4,0.0568
10350.0,0.05747
10370.7,0.05818
10391.5,0.05884
10412.3,0.05946
10433.3,0.06009
10454.3,0.06073
10475.5,0.0613
10496.7,0.06176
10518.0,0.06213
10539.3,0.0625
10560.8,0.06288
10582.3,0.06312
10604.0,0.06319
10625.7,0.06332
10647.5,0.06356
10669.4,0.06361
10691.4,0.06371
10713.5,0.06376
10735.7,0.06376
10758.0,0.06382
10780.3,0.06377
10802.8,0.06376
10825.4,0.06387
10848.0,0.06399
10870.8,0.06413
10893.6,0.0644
10916.5,0.06483
10939.5,0.06542
10962.7,0.06615
10985.9,0.06711
11009.2,0.06822
11032.7,0.06953
11056.2,0.07092
11079.8,0.07259
11103.5,0.07446
11127.3,0.07634
11151.3,0.0775
11175.3,0.07719
11199.5,0.07503
11223.7,0.07106
11248.0,0.0659
11272.5,0.06073
11297.0,0.05686
11321.7,0.05464
11346.5,0.05369
11371.4,0.05369
11396.4,0.05407
11421.5,0.05509
11446.7,0.05728
11472.0,0.0613
11497.5,0.06693
11523.0,0.0723
11548.7,0.07581
11574.5,0.07772
11600.3,0.07851
11626.3,0.07845
11652.5,0.07744
11678.7,0.07452
11705.1,0.06824
11731.6,0.06597
11758.2,0.06978
11784.9,0.07164
11811.7,0.07113
11838.7,0.06973
11865.8,0.06815
11893.0,0.06635
11920.3,0.06429
11947.8,0.06213
11975.4,0.0601
12003.1,0.05791
12031.0,0.05571
12059.0,0.05359
12087.1,0.05167
12115.3,0.04985
12143.7,0.04794
12172.2,0.04603
12200.8,0.04425
12229.6,0.04237
12258.5,0.04046
12287.6,0.03865
12316.8,0.037
12346.1,0.0354
12375.5,0.03387
12405.2,0.03254
12434.9,0.03129
12464.8,0.03036
12494.8,0.02996
12525.0,0.02981
12555.3,0.02987
12585.8,0.03014
12616.4,0.03054
12647.2,0.03097
12678.1,0.03161
12709.2,0.03234
12740.4,0.03327
12771.8,0.03442
12803.3,0.03568
12835.0,0.03705
12866.9,0.03876
12898.9,0.04068
12931.1,0.0428
12963.4,0.04457
12995.9,0.04602
13028.5,0.04736
13061.3,0.04841
13094.3,0.04927
13127.5,0.04985
13160.8,0.05008
13194.3,0.05027
13228.0,0.05045
13261.8,0.05052
13295.8,0.05036
13330.0,0.05001
13364.3,0.04945
13398.8,0.04857
13433.6,0.04762
13468.5,0.04652
13503.5,0.04486
13538.8,0.04266
13574.2,0.03973
13609.9,0.03628
13645.7,0.03346
13681.7,0.0324
13717.9,0.034
13754.3,0.03758
13790.9,0.04139
13827.6,0.04466
13864.6,0.04705
13901.8,0.04859
13939.2,0.04969
13976.7,0.05034
14014.5,0.05069
14052.5,0.05086
14090.7,0.05098
14129.0,0.05094
14167.7,0.05074
14206.5,0.05031
14245.5,0.04976
14284.7,0.04899
14324.2,0.04815
14363.9,0.04746
14403.8,0.04741
14443.9,0.04782
14484.3,0.04812
14524.8,0.0482
14565.6,0.04822
14606.7,0.04807
14647.9,0.04773
14689.4,0.04736
14731.2,0.04708
14773.1,0.04675
14815.3,0.04642
14857.8,0.04596
14900.5,0.04547
14943.4,0.04502
14986.6,0.04466
15030.0,0.04429
15073.7,0.04368
15117.7,0.0429
15161.9,0.04226
15206.3,0.04151
15251.1,0.0406
15296.1,0.03981
15341.3,0.03894
15386.8,0.0381
15432.6,0.03725
15478.7,0.03639
15525.0,0.03577
15571.7,0.03533
15618.6,0.03468
15665.8,0.0341
15713.2,0.03338
15761.0,0.03248
15809.0,0.03173
15857.4,0.03113
15906.0,0.03063
15955.0,0.03
16004.2,0.02943
16053.8,0.02901
16103.6,0.02849
16153.8,0.02792
16204.3,0.0271
16255.1,0.02636
16306.2,0.02559
16357.6,0.02494
16409.4,0.02467
16461.5,0.02412
16513.9,0.02361
16566.7,0.0232
16619.8,0.02284
16673.2,0.02257
16727.0,0.02211
16781.1,0.02174
16835.6,0.02128
16890.5,0.02061
16945.7,0.0199
17001.2,0.01927
17057.1,0.01898
17113.4,0.01873
17170.1,0.01811
17227.2,0.01746
17284.6,0.01704
17342.4,0.01688
17400.6,0.01666
17459.2,0.01635
17518.2,0.01595
17577.5,0.01525
17637.3,0.01489
17697.5,0.01498
17758.1,0.01481
17819.1,0.01448
17880.6,0.01449
17942.5,0.0145
18004.8,0.01464
18067.5,0.01462
18130.7,0.0149
18194.3,0.01565
18258.4,0.01622
18322.9,0.01682
18387.9,0.01773
18453.3,0.01859
18519.2,0.01969
18585.6,0.02107
18652.4,0.0226
18719.8,0.02363
18787.6,0.02425
18855.9,0.02468
18924.7,0.02551
18994.1,0.02668
19063.9,0.02755
19134.2,0.02837
19205.1,0.02905
19276.5,0.02941
19348.4,0.03015
19420.9,0.03126
19493.9,0.03221
19567.5,0.0328
19641.6,0.03359
19716.3,0.03415
19791.5,0.03511
19867.3,0.03629
19943.8,0.03702
20020.8,0.03761
20098.4,0.03825
20176.6,0.03905
20255.4,0.04017
20334.8,0.0408
20414.9,0.04178
20495.6,0.0432
20576.9,0.04426
20658.9,0.0451
20741.5,0.04606
20824.8,0.04657
20908.8,0.04691
20993.5,0.04708
21078.8,0.04718
21164.8,0.04677
21251.6,0.04625
21339.1,0.04575
21427.2,0.04477
21516.1,0.04417
21605.8,0.04352
21696.2,0.04275
21787.3,0.04274
21879.3,0.04266
21972.0,0.04215
22065.5,0.04183
22159.8,0.04177
22254.9,0.04181
22350.8,0.04195
22447.6,0.04149
22545.2,0.04129
22643.6,0.04126
22742.9,0.04097
22843.1,0.04123
22944.2,0.04192
23046.2,0.04218
23149.1,0.04222
23252.9,0.0422
23357.6,0.04233
23463.3,0.04276
23569.9,0.04299
23677.6,0.04323
23786.2,0.043
23895.8,0.04303
24006.4,0.04314
24118.1,0.04266
24230.8,0.04254
24344.5,0.04297
24459.3,0.04365
24575.3,0.04368
24692.3,0.04329
24810.4,0.04336
24929.7,0.04349
25050.1,0.04347
25171.7,0.04332
25294.5,0.04394
25418.5,0.04446
25543.7,0.0447
25670.2,0.0451
25797.9,0.04512
25926.9,0.04517
26057.2,0.04533
26188.8,0.04586
26321.7,0.04651
26456.0,0.04694
26591.7,0.04723
26728.8,0.04757
26867.2,0.04797
27007.2,0.04841
27148.6,0.04867
27291.5,0.04915
27435.9,0.04986
27581.8,0.05027
27729.3,0.05026
27878.4,0.05065
28029.1,0.05087
28181.4,0.05086
28335.4,0.05113
28491.1,0.05081
28648.5,0.04997
28807.7,0.04916
28968.6,0.0491
29131.3,0.04914
29295.9,0.049
29462.4,0.04889
29630.7,0.04796
29801.0,0.04752
29973.3,0.04748
30147.5,0.04709
30323.8,0.04656
30502.2,0.04714
30682.7,0.04713
30865.3,0.04788
31050.2,0.0481
31237.2,0.04793
31426.5,0.04949
31618.2,0.05139
31812.1,0.05175
32008.5,0.05164
32207.3,0.05283
32408.6,0.05418
32612.4,0.05503
32818.8,0.05574
33027.9,0.05578
33239.6,0.05574
33454.1,0.05557
33671.3,0.05541
33891.4,0.05586
34114.3,0.05632
34340.3,0.05642
34569.2,0.05629
34801.2,0.05576
35036.3,0.05547
35274.7,0.05573
35516.3,0.05511
35761.2,0.05362
36009.6,0.05142
36261.4,0.05023
36516.7,0.04918
36775.7,0.04731
37038.4,0.04398
37304.9,0.0417
37575.2,0.04198
37849.5,0.04363
38127.8,0.04545
38410.2,0.04732
38696.8,0.05022
38987.8,0.05392
39283.2,0.0575
39583.0,0.05979
39887.5,0.06037
40196.7,0.0613
40510.8,0.06411
40829.7,0.06771
41153.8,0.06837
41483.0,0.0687
41817.6,0.06845
42157.5,0.06879
42503.1,0.06889
42854.4,0.06922
43211.5,0.06995
43574.6,0.07016
43943.9,0.07003
44319.5,0.07018
44701.5,0.07052
45090.2,0.06923
45485.8,0.06738
45888.3,0.06637
46298.0,0.06521
46715.1,0.06553
47139.8,0.06628
47572.3,0.06424
48012.8,0.06137
48461.5,0.05972
48918.6,0.06154
49384.6,0.06308
49859.4,0.05921
50343.5,0.05641
50837.0,0.05626
51340.4,0.05819
51853.8,0.05978
52377.6,0.05731
52912.0,0.05325
53457.5,0.05113
54014.4,0.04983
54582.9,0.04657
55163.6,0.04434
55756.8,0.04507
56362.8,0.04178
56982.2,0.03963
57615.3,0.03749
58262.7,0.03423
58924.7,0.03715
59602.0,0.04437
60295.1,0.04487
61004.4,0.04087
61730.7,0.04441
62474.4,0.051
63236.3,0.05477
64017.0,0.0556
64817.2,0.05607
65637.7,0.05748
66479.2,0.06396
67342.6,0.06321
68228.6,0.05494
69138.4,0.05463
70072.7,0.06109
71032.6,0.06697
72019.1,0.073
73033.5,0.07285
74076.8,0.07723
75150.4,0.08687
76255.5,0.08167
77393.7,0.07162
78566.3,0.07727
79775.0,0.09033
81021.5,0.08506
82307.6,0.07838
83635.1,0.08138
85006.2,0.08004
86423.0,0.08353
87887.8,0.08608
89403.0,0.08567
90971.5,0.07365
92596.0,0.07399
94279.6,0.07851
96025.5,0.08181
97837.3,0.08073
99718.8,0.1003
