Composition,
Date Added,2011-06-09
Formula,
Grain Size Description,<1000.0um
Grain Size,"(0.0, 1000.0)"
Locality,USGS / Stillwater Mining Co.
Minimum Wavelength,280
Sample Name,Lunar soil simulant 9 (Highland) <1 mm
Maximum Wavelength,25050
Database of Origin,RELAB
Other Information,Anorthositic Soil Simulant
References,USGS mill sand analysis from the NU-LHT-2M TM (Meurer and Boudreau 1996)
Resolution,4.0
Material class,Mixture
Sample Description,Lunar soil simulants
Sample ID,BKR1JE009
Original Sample ID,JE-JEE-009
Viewing Geometry,unknown
Wavelength,Response
280.0,0.25252
285.0,0.1775
290.0,0.14874
295.0,0.14188
300.0,0.14584
305.0,0.15504
310.0,0.16611
315.0,0.17816
320.0,0.19011
325.0,0.20061
330.0,0.21183
335.0,0.22241
340.0,0.23314
345.0,0.2433
350.0,0.25187
355.0,0.26044
360.0,0.26883
365.0,0.27779
370.0,0.28609
375.0,0.29383
380.0,0.30104
385.0,0.30707
390.0,0.31338
395.0,0.31969
400.0,0.3267
405.0,0.33139
410.0,0.3357
415.0,0.33993
420.0,0.34416
425.0,0.34945
430.0,0.35419
435.0,0.35941
440.0,0.3649
445.0,0.36475
450.0,0.36724
455.0,0.37134
460.0,0.37442
465.0,0.37739
470.0,0.37924
475.0,0.3819
480.0,0.38337
485.0,0.38766
490.0,0.39096
495.0,0.39453
500.0,0.39847
505.0,0.39974
510.0,0.40324
515.0,0.40566
520.0,0.40804
525.0,0.40977
530.0,0.41295
535.0,0.41534
540.0,0.41696
545.0,0.42103
550.0,0.42061
555.0,0.42422
560.0,0.42558
565.0,0.42589
570.0,0.4269
575.0,0.42911
580.0,0.43092
585.0,0.43449
590.0,0.43371
595.0,0.43548
600.0,0.43741
605.0,0.43782
610.0,0.43799
615.0,0.44051
620.0,0.44018
625.0,0.44035
630.0,0.44234
635.0,0.44168
640.0,0.44238
645.0,0.44333
650.0,0.44438
655.0,0.44547
660.0,0.44591
665.0,0.4482
670.0,0.44701
675.0,0.44784
680.0,0.449
685.0,0.4481
690.0,0.44835
695.0,0.45007
700.0,0.45109
705.0,0.45317
710.0,0.45401
715.0,0.45404
720.0,0.45439
725.0,0.45507
730.0,0.45476
735.0,0.45447
740.0,0.45443
745.0,0.45438
750.0,0.45411
755.0,0.45485
760.0,0.45405
765.0,0.45235
770.0,0.45093
775.0,0.45101
780.0,0.44998
785.0,0.44942
790.0,0.44793
795.0,0.44586
800.0,0.44291
805.0,0.44167
810.0,0.43893
815.0,0.4373
820.0,0.4354
825.0,0.43241
830.0,0.43137
835.0,0.43004
840.0,0.4289
845.0,0.42645
850.0,0.42604
850.1,0.42744
850.3,0.42683
850.4,0.42599
850.6,0.42567
850.7,0.42522
850.8,0.42546
851.0,0.42522
851.1,0.42654
851.3,0.42685
851.4,0.42568
851.5,0.42505
851.7,0.42554
851.8,0.4257
852.0,0.4253
852.1,0.42521
852.2,0.42631
852.4,0.42644
852.5,0.42549
852.7,0.42505
852.8,0.42523
852.9,0.42436
853.1,0.42293
853.2,0.42356
853.4,0.42454
853.5,0.42446
853.6,0.42476
853.8,0.42432
853.9,0.4237
854.1,0.42363
854.2,0.42335
854.3,0.4228
854.5,0.42295
854.6,0.423
854.8,0.42342
854.9,0.42363
855.0,0.42347
855.2,0.42327
855.3,0.42436
855.5,0.42517
855.6,0.4249
855.8,0.42381
855.9,0.42285
856.0,0.4212
856.2,0.42112
856.3,0.42332
856.5,0.4246
856.6,0.42338
856.8,0.42274
856.9,0.42262
857.0,0.42271
857.2,0.42289
857.3,0.42252
857.5,0.42258
857.6,0.42397
857.7,0.4241
857.9,0.4236
858.0,0.4244
858.2,0.42422
858.3,0.42291
858.5,0.42388
858.6,0.42417
858.7,0.42273
858.9,0.42201
859.0,0.42293
859.2,0.42427
859.3,0.42506
859.4,0.4237
859.6,0.4227
859.7,0.42319
859.9,0.42209
860.0,0.42115
860.2,0.42178
860.3,0.42343
860.4,0.42327
860.6,0.42136
860.7,0.42082
860.9,0.42251
861.0,0.42395
861.2,0.42363
861.3,0.42354
861.4,0.4227
861.6,0.42296
861.7,0.42298
861.9,0.4234
862.0,0.42415
862.2,0.42313
862.3,0.42166
862.5,0.42255
862.6,0.42233
862.7,0.42112
862.9,0.42139
863.0,0.42194
863.2,0.42057
863.3,0.42034
863.5,0.4208
863.6,0.42025
863.7,0.4198
863.9,0.41997
864.0,0.42112
864.2,0.42147
864.3,0.42112
864.5,0.42246
864.6,0.4218
864.8,0.42151
864.9,0.42197
865.0,0.42118
865.2,0.4215
865.3,0.42191
865.5,0.42049
865.6,0.42007
865.8,0.42023
865.9,0.42036
866.0,0.42079
866.2,0.42027
866.3,0.42012
866.5,0.42063
866.6,0.41995
866.8,0.41892
866.9,0.41979
867.1,0.42087
867.2,0.42171
867.3,0.4217
867.5,0.42081
867.6,0.42057
867.8,0.42203
867.9,0.42128
868.1,0.42014
868.2,0.42067
868.4,0.42058
868.5,0.42049
868.7,0.41949
868.8,0.41865
869.0,0.41946
869.1,0.41946
869.2,0.41947
869.4,0.42057
869.5,0.42063
869.7,0.41994
869.8,0.41962
870.0,0.41915
870.1,0.41894
870.3,0.41889
870.4,0.41858
870.6,0.41842
870.7,0.4194
870.8,0.41914
871.0,0.41944
871.1,0.41974
871.3,0.41974
871.4,0.41877
871.6,0.4185
871.7,0.41843
871.9,0.41795
872.0,0.41808
872.2,0.41819
872.3,0.41835
872.5,0.41839
872.6,0.41802
872.8,0.41863
872.9,0.41869
873.0,0.41854
873.2,0.4186
873.3,0.41776
873.5,0.41826
873.6,0.41861
873.8,0.41856
873.9,0.41919
874.1,0.41911
874.2,0.41728
874.4,0.41668
874.5,0.41777
874.7,0.41841
874.8,0.4182
875.0,0.41749
875.1,0.41722
875.3,0.41694
875.4,0.41756
875.5,0.41801
875.7,0.41714
875.8,0.41693
876.0,0.41666
876.2,0.41744
876.3,0.41724
876.4,0.41697
876.6,0.4172
876.7,0.41751
876.9,0.41789
877.0,0.41814
877.2,0.41819
877.3,0.41889
877.5,0.41854
877.6,0.41796
877.8,0.41673
877.9,0.41552
878.1,0.41553
878.2,0.41625
878.4,0.41746
878.5,0.41778
878.7,0.41621
878.8,0.41582
879.0,0.41683
879.1,0.41693
879.3,0.41556
879.4,0.41524
879.6,0.41631
879.7,0.41716
879.9,0.4161
880.0,0.41617
880.2,0.41559
880.3,0.41598
880.5,0.41632
880.6,0.41643
880.8,0.41763
880.9,0.41712
881.1,0.41669
881.2,0.41639
881.4,0.41629
881.5,0.41602
881.7,0.41596
881.8,0.41601
882.0,0.41608
882.1,0.4164
882.3,0.41619
882.4,0.41568
882.6,0.41522
882.7,0.41463
882.9,0.41519
883.0,0.41535
883.2,0.41527
883.3,0.41427
883.5,0.41381
883.6,0.41492
883.8,0.41576
883.9,0.41551
884.1,0.41594
884.2,0.41595
884.4,0.41567
884.5,0.41536
884.7,0.4152
884.8,0.41496
885.0,0.41471
885.1,0.41476
885.3,0.41501
885.4,0.41514
885.6,0.41563
885.7,0.41497
885.9,0.41457
886.0,0.41623
886.2,0.41588
886.3,0.41547
886.5,0.41564
886.6,0.41569
886.8,0.41539
886.9,0.41534
887.1,0.41444
887.2,0.41377
887.4,0.41464
887.5,0.41551
887.7,0.4154
887.8,0.4142
888.0,0.41385
888.2,0.41412
888.3,0.41394
888.5,0.41433
888.6,0.41473
888.8,0.41394
888.9,0.41319
889.1,0.41387
889.2,0.41423
889.4,0.41393
889.5,0.41399
889.7,0.41356
889.8,0.41261
890.0,0.41282
890.1,0.41443
890.3,0.4145
890.4,0.41432
890.6,0.41465
890.8,0.41435
890.9,0.41439
891.0,0.41418
891.2,0.41362
891.4,0.41319
891.5,0.41288
891.7,0.41295
891.8,0.41374
892.0,0.41376
892.1,0.41338
892.3,0.41294
892.4,0.41315
892.6,0.41422
892.7,0.41412
892.9,0.41329
893.0,0.41288
893.2,0.41313
893.4,0.41394
893.5,0.41368
893.7,0.41317
893.8,0.41298
894.0,0.41342
894.1,0.4131
894.3,0.41314
894.4,0.41298
894.6,0.41289
894.7,0.41266
894.9,0.41277
895.0,0.41341
895.2,0.41251
895.4,0.4124
895.5,0.41297
895.7,0.41249
895.8,0.41222
896.0,0.41255
896.1,0.41243
896.3,0.41172
896.4,0.41106
896.6,0.41088
896.8,0.41179
896.9,0.41211
897.1,0.41194
897.2,0.41231
897.4,0.41243
897.5,0.41255
897.7,0.41215
897.8,0.41168
898.0,0.41191
898.2,0.41216
898.3,0.41242
898.5,0.41229
898.6,0.41219
898.8,0.41222
898.9,0.41192
899.1,0.41134
899.2,0.41224
899.4,0.41293
899.6,0.41184
899.7,0.41122
899.9,0.41142
900.0,0.41056
900.2,0.41037
900.3,0.41138
900.5,0.41167
900.7,0.41174
900.8,0.41163
901.0,0.4113
901.1,0.41142
901.3,0.41091
901.4,0.4107
901.6,0.41113
901.8,0.41152
901.9,0.41063
902.1,0.41011
902.2,0.41074
902.4,0.41081
902.5,0.41056
902.7,0.41125
902.8,0.41093
903.0,0.41047
903.2,0.41136
903.3,0.41152
903.5,0.41089
903.6,0.41046
903.8,0.41029
904.0,0.4101
904.1,0.41024
904.3,0.41058
904.4,0.4113
904.6,0.41142
904.7,0.41058
904.9,0.41061
905.0,0.41065
905.2,0.40956
905.4,0.40974
905.5,0.41094
905.7,0.41096
905.8,0.41038
906.0,0.41045
906.2,0.41068
906.3,0.41084
906.5,0.41025
906.6,0.40948
906.8,0.40932
907.0,0.40963
907.1,0.41005
907.3,0.41063
907.4,0.41123
907.6,0.41104
907.7,0.4104
907.9,0.41016
908.1,0.41064
908.2,0.41061
908.4,0.41017
908.5,0.40967
908.7,0.40905
908.9,0.40854
909.0,0.40876
909.2,0.40952
909.3,0.40967
909.5,0.40918
909.7,0.40907
909.8,0.40964
910.0,0.40988
910.1,0.41022
910.3,0.41032
910.5,0.41001
910.6,0.4096
910.8,0.40921
910.9,0.40903
911.1,0.4091
911.3,0.40917
911.4,0.40931
911.6,0.40963
911.7,0.40941
911.9,0.40902
912.1,0.40872
912.2,0.40853
912.4,0.409
912.5,0.40897
912.7,0.40905
912.9,0.40973
913.0,0.40952
913.2,0.40899
913.3,0.40925
913.5,0.40935
913.7,0.40843
913.8,0.40838
914.0,0.40866
914.2,0.40853
914.3,0.40875
914.5,0.40929
914.6,0.40938
914.8,0.40895
915.0,0.40861
915.1,0.40807
915.3,0.40807
915.4,0.40856
915.6,0.40818
915.8,0.40782
915.9,0.40808
916.1,0.40808
916.3,0.40776
916.4,0.4079
916.6,0.40842
916.7,0.40857
916.9,0.408
917.1,0.40789
917.2,0.40799
917.4,0.4077
917.5,0.40767
917.7,0.40803
917.9,0.40902
918.0,0.40843
918.2,0.40747
918.4,0.40748
918.5,0.4082
918.7,0.40858
918.8,0.40754
919.0,0.4067
919.2,0.40731
919.3,0.40811
919.5,0.4079
919.7,0.4075
919.8,0.40794
920.0,0.4081
920.2,0.40798
920.3,0.40788
920.5,0.40744
920.6,0.4074
920.8,0.40746
921.0,0.40742
921.1,0.40748
921.3,0.4079
921.5,0.40806
921.6,0.40775
921.8,0.40753
922.0,0.40721
922.1,0.4072
922.3,0.40754
922.4,0.40786
922.6,0.40767
922.8,0.40696
922.9,0.40636
923.1,0.40675
923.3,0.40709
923.4,0.40641
923.6,0.40666
923.8,0.40722
923.9,0.40689
924.1,0.40659
924.3,0.40692
924.4,0.40736
924.6,0.40738
924.7,0.40686
924.9,0.40673
925.1,0.4071
925.2,0.40708
925.4,0.40683
925.6,0.4065
925.7,0.40651
925.9,0.40681
926.1,0.40708
926.2,0.40678
926.4,0.40658
926.6,0.4067
926.7,0.40655
926.9,0.40642
927.1,0.40651
927.2,0.4064
927.4,0.40604
927.6,0.40612
927.7,0.40638
927.9,0.40638
928.0,0.406
928.2,0.4061
928.4,0.40684
928.5,0.40697
928.7,0.40635
928.9,0.40654
929.0,0.40654
929.2,0.40626
929.4,0.40592
929.5,0.40615
929.7,0.40678
929.9,0.40733
930.0,0.40782
930.2,0.40725
930.4,0.40652
930.5,0.40616
930.7,0.40623
930.9,0.40643
931.0,0.40621
931.2,0.40576
931.4,0.40569
931.6,0.4063
931.7,0.40624
931.9,0.40611
932.1,0.40605
932.2,0.40605
932.4,0.40571
932.6,0.40514
932.7,0.40521
932.9,0.40559
933.1,0.40541
933.2,0.40544
933.4,0.40576
933.6,0.40563
933.7,0.40582
933.9,0.40622
934.1,0.40579
934.2,0.40562
934.4,0.40578
934.6,0.40613
934.8,0.40584
934.9,0.40567
935.1,0.4056
935.3,0.40554
935.4,0.40537
935.6,0.40568
935.8,0.40556
935.9,0.40563
936.1,0.40564
936.3,0.40537
936.4,0.40541
936.6,0.40526
936.8,0.40509
936.9,0.40495
937.1,0.40506
937.3,0.40548
937.5,0.40534
937.6,0.40507
937.8,0.40499
938.0,0.4049
938.1,0.40504
938.3,0.40522
938.5,0.40526
938.6,0.40523
938.8,0.40531
939.0,0.40499
939.2,0.40525
939.3,0.40535
939.5,0.40505
939.7,0.40508
939.8,0.4052
940.0,0.40489
940.2,0.40464
940.3,0.40473
940.5,0.40484
940.7,0.40498
940.8,0.40509
941.0,0.40509
941.2,0.40498
941.4,0.40507
941.5,0.40496
941.7,0.40498
941.9,0.40503
942.0,0.40487
942.2,0.40472
942.4,0.40496
942.6,0.40493
942.7,0.40432
942.9,0.4041
943.1,0.40408
943.3,0.40413
943.4,0.40449
943.6,0.4048
943.8,0.40474
943.9,0.40472
944.1,0.4048
944.3,0.40477
944.5,0.40498
944.6,0.40489
944.8,0.40441
945.0,0.40414
945.1,0.4044
945.3,0.4047
945.5,0.40486
945.7,0.40456
945.8,0.40454
946.0,0.40498
946.2,0.40512
946.3,0.40521
946.5,0.40514
946.7,0.40484
946.9,0.4042
947.0,0.40382
947.2,0.40413
947.4,0.40426
947.6,0.4046
947.7,0.40433
947.9,0.40364
948.1,0.40365
948.3,0.40351
948.4,0.40336
948.6,0.40363
948.8,0.40398
949.0,0.404
949.1,0.40412
949.3,0.40422
949.5,0.4041
949.6,0.40422
949.8,0.40408
950.0,0.40403
950.2,0.40434
950.3,0.40468
950.5,0.40457
950.7,0.40413
950.9,0.40392
951.0,0.40424
951.2,0.40434
951.4,0.40436
951.6,0.40433
951.7,0.4044
951.9,0.40447
952.1,0.40439
952.3,0.40397
952.4,0.40391
952.6,0.40397
952.8,0.40377
953.0,0.40358
953.1,0.40357
953.3,0.40369
953.5,0.40384
953.7,0.40396
953.8,0.40411
954.0,0.40399
954.2,0.40394
954.4,0.40428
954.5,0.40442
954.7,0.40428
954.9,0.40424
955.1,0.40429
955.2,0.40434
955.4,0.40396
955.6,0.40388
955.8,0.40438
956.0,0.40424
956.1,0.40384
956.3,0.40385
956.5,0.404
956.7,0.40385
956.8,0.40367
957.0,0.40351
957.2,0.40352
957.4,0.40368
957.5,0.40409
957.7,0.40405
957.9,0.40417
958.1,0.40442
958.2,0.40427
958.4,0.40385
958.6,0.40356
958.8,0.40354
959.0,0.40376
959.1,0.40367
959.3,0.40367
959.5,0.40382
959.7,0.40377
959.8,0.40381
960.0,0.40409
960.2,0.40441
960.4,0.40438
960.5,0.4041
960.7,0.40402
960.9,0.40401
961.1,0.40409
961.3,0.40389
961.4,0.40376
961.6,0.40399
961.8,0.40375
962.0,0.40358
962.2,0.40365
962.3,0.40356
962.5,0.404
962.7,0.40387
962.9,0.40356
963.0,0.40341
963.2,0.40343
963.4,0.40364
963.6,0.4036
963.8,0.40367
963.9,0.40354
964.1,0.40344
964.3,0.40355
964.5,0.40381
964.7,0.40376
964.8,0.40369
965.0,0.40364
965.2,0.40354
965.4,0.40347
965.6,0.40355
965.7,0.40367
965.9,0.4036
966.1,0.4037
966.3,0.40385
966.5,0.40355
966.6,0.40313
966.8,0.40305
967.0,0.40338
967.2,0.40344
967.4,0.40329
967.5,0.40354
967.7,0.40354
967.9,0.40332
968.1,0.40347
968.3,0.40319
968.4,0.403
968.6,0.40309
968.8,0.4035
969.0,0.40358
969.2,0.40338
969.3,0.40329
969.5,0.40348
969.7,0.40338
969.9,0.40324
970.1,0.40351
970.3,0.40359
970.4,0.40339
970.6,0.40335
970.8,0.4034
971.0,0.40335
971.2,0.40327
971.3,0.40347
971.5,0.40332
971.7,0.40288
971.9,0.40295
972.1,0.40326
972.3,0.40355
972.4,0.40365
972.6,0.40354
972.8,0.40329
973.0,0.40326
973.2,0.40346
973.3,0.40339
973.5,0.40342
973.7,0.40337
973.9,0.40307
974.1,0.40289
974.3,0.40308
974.5,0.40297
974.6,0.40303
974.8,0.40323
975.0,0.40355
975.2,0.40333
975.4,0.40292
975.5,0.40304
975.7,0.40316
975.9,0.40304
976.1,0.40322
976.3,0.40342
976.5,0.40341
976.7,0.40317
976.8,0.40311
977.0,0.403
977.2,0.40297
977.4,0.40314
977.6,0.40318
977.8,0.40311
977.9,0.40328
978.1,0.40332
978.3,0.40296
978.5,0.40293
978.7,0.40314
978.9,0.40333
979.0,0.40318
979.2,0.40289
979.4,0.40294
979.6,0.40301
979.8,0.40297
980.0,0.40304
980.2,0.4031
980.3,0.40315
980.5,0.40314
980.7,0.40306
980.9,0.40322
981.1,0.40304
981.3,0.40294
981.5,0.4032
981.7,0.40327
981.8,0.40296
982.0,0.40279
982.2,0.40287
982.4,0.40288
982.6,0.40288
982.8,0.4029
983.0,0.40295
983.1,0.40316
983.3,0.40318
983.5,0.403
983.7,0.40293
983.9,0.40331
984.1,0.40351
984.3,0.40331
984.4,0.40311
984.6,0.40319
984.8,0.40317
985.0,0.40318
985.2,0.40309
985.4,0.40285
985.6,0.40278
985.8,0.4031
985.9,0.40321
986.1,0.40317
986.3,0.40305
986.5,0.40316
986.7,0.40318
986.9,0.40332
987.1,0.40326
987.3,0.40316
987.4,0.40292
987.6,0.40286
987.8,0.40334
988.0,0.4035
988.2,0.40329
988.4,0.40323
988.6,0.40307
988.8,0.40301
989.0,0.40313
989.1,0.40316
989.3,0.40298
989.5,0.40297
989.7,0.40281
989.9,0.40284
990.1,0.403
990.3,0.40298
990.5,0.40307
990.7,0.40348
990.8,0.40323
991.0,0.40274
991.2,0.40278
991.4,0.40288
991.6,0.40284
991.8,0.40299
992.0,0.40301
992.2,0.40304
992.4,0.40312
992.5,0.40306
992.7,0.40303
992.9,0.40293
993.1,0.40288
993.3,0.40284
993.5,0.40289
993.7,0.40277
993.9,0.40285
994.1,0.40314
994.3,0.40305
994.5,0.40285
994.6,0.4028
994.8,0.40269
995.0,0.40261
995.2,0.40269
995.4,0.40283
995.6,0.40289
995.8,0.40276
996.0,0.40277
996.2,0.40288
996.4,0.40293
996.5,0.40275
996.7,0.40257
996.9,0.40277
997.1,0.40298
997.3,0.40283
997.5,0.40271
997.7,0.4031
997.9,0.40313
998.1,0.40277
998.3,0.40286
998.5,0.40299
998.7,0.40291
998.9,0.40272
999.0,0.40269
999.2,0.40294
999.4,0.40298
999.6,0.40267
999.8,0.40269
1000.0,0.40286
1000.2,0.40289
1000.4,0.40322
1000.6,0.40287
1000.8,0.40247
1001.0,0.40269
1001.2,0.40266
1001.4,0.4026
1001.6,0.40275
1001.8,0.40258
1001.9,0.40253
1002.1,0.40274
1002.3,0.40286
1002.5,0.40278
1002.7,0.40268
1002.9,0.40268
1003.1,0.40274
1003.3,0.40297
1003.5,0.40311
1003.7,0.40313
1003.9,0.40287
1004.1,0.4028
1004.3,0.40284
1004.5,0.40272
1004.7,0.40273
1004.9,0.40299
1005.0,0.40309
1005.3,0.40275
1005.4,0.40264
1005.6,0.40301
1005.8,0.40298
1006.0,0.40273
1006.2,0.40266
1006.4,0.40282
1006.6,0.40288
1006.8,0.40295
1007.0,0.40301
1007.2,0.40284
1007.4,0.40289
1007.6,0.40312
1007.8,0.40296
1008.0,0.40264
1008.2,0.40249
1008.4,0.40271
1008.6,0.40281
1008.8,0.40259
1009.0,0.4027
1009.2,0.40312
1009.4,0.40337
1009.5,0.40298
1009.8,0.40285
1010.0,0.40295
1010.1,0.40312
1010.3,0.40323
1010.5,0.40289
1010.7,0.40262
1010.9,0.40288
1011.1,0.403
1011.3,0.40287
1011.5,0.40272
1011.7,0.40273
1011.9,0.40287
1012.1,0.40278
1012.3,0.40284
1012.5,0.40285
1012.7,0.40298
1012.9,0.40285
1013.1,0.40269
1013.3,0.40269
1013.5,0.40251
1013.7,0.4025
1013.9,0.40269
1014.1,0.40311
1014.3,0.40304
1014.5,0.40279
1014.7,0.40291
1014.9,0.40272
1015.1,0.40257
1015.3,0.40271
1015.5,0.4028
1015.7,0.40306
1015.9,0.40324
1016.1,0.40309
1016.3,0.40303
1016.5,0.403
1016.7,0.40312
1016.9,0.40315
1017.1,0.40301
1017.3,0.4031
1017.5,0.40307
1017.7,0.40275
1017.9,0.40281
1018.1,0.40274
1018.3,0.40256
1018.5,0.40269
1018.7,0.40274
1018.9,0.40286
1019.1,0.40282
1019.3,0.40269
1019.5,0.40269
1019.7,0.40258
1019.9,0.40254
1020.1,0.40253
1020.3,0.4025
1020.5,0.40261
1020.7,0.40286
1020.9,0.40293
1021.1,0.40294
1021.3,0.40287
1021.5,0.4028
1021.7,0.40277
1021.9,0.40266
1022.1,0.40284
1022.3,0.4028
1022.5,0.40292
1022.7,0.40289
1022.9,0.40286
1023.1,0.4027
1023.3,0.40269
1023.5,0.40292
1023.7,0.40279
1023.9,0.40291
1024.1,0.40281
1024.3,0.40236
1024.5,0.40235
1024.7,0.40251
1024.9,0.40264
1025.1,0.40281
1025.3,0.40285
1025.5,0.40278
1025.7,0.40272
1025.9,0.40262
1026.1,0.40285
1026.3,0.40306
1026.5,0.40301
1026.8,0.40286
1026.9,0.4027
1027.2,0.40283
1027.4,0.40292
1027.6,0.40276
1027.8,0.40269
1028.0,0.4028
1028.2,0.40276
1028.4,0.40274
1028.6,0.40274
1028.8,0.40272
1029.0,0.40248
1029.2,0.40248
1029.4,0.4027
1029.6,0.40281
1029.8,0.40256
1030.0,0.40265
1030.2,0.40288
1030.4,0.40282
1030.6,0.40291
1030.8,0.40308
1031.0,0.40309
1031.2,0.40315
1031.4,0.4032
1031.7,0.40301
1031.8,0.40264
1032.1,0.40262
1032.3,0.40259
1032.5,0.40272
1032.7,0.40283
1032.9,0.40276
1033.1,0.40287
1033.3,0.403
1033.5,0.40297
1033.7,0.40287
1033.9,0.40276
1034.1,0.40274
1034.3,0.40273
1034.5,0.40287
1034.7,0.40291
1034.9,0.40292
1035.2,0.40292
1035.4,0.403
1035.6,0.40289
1035.8,0.40299
1036.0,0.40304
1036.2,0.40297
1036.4,0.40286
1036.6,0.40278
1036.8,0.40294
1037.0,0.40307
1037.2,0.40303
1037.4,0.40297
1037.6,0.40295
1037.8,0.40284
1038.1,0.40294
1038.3,0.40299
1038.5,0.40273
1038.7,0.40266
1038.9,0.4031
1039.1,0.40324
1039.3,0.40284
1039.5,0.40278
1039.7,0.40256
1039.9,0.40272
1040.1,0.40303
1040.3,0.40311
1040.6,0.40314
1040.8,0.40318
1041.0,0.40316
1041.2,0.40319
1041.4,0.40313
1041.6,0.40295
1041.8,0.40292
1042.0,0.40308
1042.2,0.40314
1042.4,0.40304
1042.6,0.40296
1042.8,0.40298
1043.1,0.40291
1043.3,0.40288
1043.5,0.40288
1043.7,0.4029
1043.9,0.40295
1044.1,0.40307
1044.3,0.40313
1044.5,0.40296
1044.8,0.40284
1045.0,0.40295
1045.2,0.40293
1045.4,0.40298
1045.6,0.40307
1045.8,0.40301
1046.0,0.40286
1046.2,0.40302
1046.4,0.40342
1046.6,0.40354
1046.9,0.40326
1047.1,0.40323
1047.3,0.40322
1047.5,0.40314
1047.7,0.40312
1047.9,0.40315
1048.1,0.40311
1048.3,0.40302
1048.6,0.40315
1048.8,0.40306
1049.0,0.40287
1049.2,0.40282
1049.4,0.4029
1049.6,0.40295
1049.8,0.40306
1050.0,0.40329
1050.3,0.40339
1050.5,0.40334
1050.7,0.40331
1050.9,0.40334
1051.1,0.40335
1051.3,0.40327
1051.5,0.40316
1051.7,0.40328
1051.9,0.40333
1052.2,0.40337
1052.4,0.40335
1052.6,0.40317
1052.8,0.40323
1053.0,0.40337
1053.2,0.40361
1053.4,0.40367
1053.7,0.40345
1053.9,0.40351
1054.1,0.4036
1054.3,0.40342
1054.5,0.40326
1054.7,0.40338
1054.9,0.40347
1055.2,0.40348
1055.4,0.40342
1055.6,0.40332
1055.8,0.40336
1056.0,0.40358
1056.2,0.40364
1056.4,0.40337
1056.7,0.40337
1056.9,0.40344
1057.1,0.40357
1057.3,0.40345
1057.5,0.40334
1057.8,0.40328
1058.0,0.40325
1058.2,0.40334
1058.4,0.40343
1058.6,0.40344
1058.8,0.40343
1059.0,0.40355
1059.3,0.40372
1059.5,0.40352
1059.7,0.40329
1059.9,0.40336
1060.1,0.40344
1060.3,0.40352
1060.6,0.40372
1060.8,0.40379
1061.0,0.40369
1061.2,0.40363
1061.4,0.40394
1061.7,0.40394
1061.9,0.40364
1062.1,0.40362
1062.3,0.40356
1062.5,0.40354
1062.7,0.40352
1062.9,0.40362
1063.2,0.4038
1063.4,0.40379
1063.6,0.40372
1063.8,0.40381
1064.0,0.40379
1064.3,0.40376
1064.5,0.4038
1064.7,0.40375
1064.9,0.40359
1065.1,0.40359
1065.3,0.40366
1065.6,0.40359
1065.8,0.40375
1066.0,0.4039
1066.2,0.40399
1066.4,0.40389
1066.7,0.40364
1066.9,0.40372
1067.1,0.40384
1067.3,0.40373
1067.6,0.40384
1067.8,0.404
1068.0,0.40394
1068.2,0.40395
1068.4,0.40399
1068.7,0.40404
1068.9,0.40399
1069.1,0.40418
1069.3,0.40415
1069.5,0.40407
1069.8,0.40421
1070.0,0.40403
1070.2,0.40396
1070.4,0.40423
1070.6,0.4043
1070.8,0.40433
1071.1,0.40437
1071.3,0.4043
1071.5,0.40421
1071.7,0.40423
1072.0,0.40414
1072.2,0.40409
1072.4,0.40428
1072.6,0.40421
1072.8,0.40407
1073.1,0.40419
1073.3,0.40433
1073.5,0.40433
1073.7,0.40422
1074.0,0.40426
1074.2,0.40441
1074.4,0.40435
1074.6,0.40417
1074.8,0.40423
1075.1,0.40428
1075.3,0.40428
1075.5,0.40422
1075.7,0.40419
1076.0,0.40421
1076.2,0.40423
1076.4,0.40434
1076.6,0.40429
1076.9,0.40454
1077.1,0.4047
1077.3,0.40454
1077.5,0.4045
1077.8,0.40458
1078.0,0.40465
1078.2,0.40465
1078.4,0.40465
1078.7,0.40453
1078.9,0.40459
1079.1,0.40467
1079.3,0.40466
1079.6,0.40465
1079.8,0.40471
1080.0,0.40461
1080.2,0.40464
1080.4,0.40465
1080.7,0.40472
1080.9,0.40486
1081.1,0.40482
1081.3,0.4048
1081.6,0.4048
1081.8,0.40483
1082.0,0.40493
1082.3,0.405
1082.5,0.40489
1082.7,0.40475
1082.9,0.40477
1083.2,0.40486
1083.4,0.40494
1083.6,0.40501
1083.8,0.40496
1084.1,0.40476
1084.3,0.40473
1084.5,0.40484
1084.8,0.40498
1085.0,0.40504
1085.2,0.40502
1085.4,0.40489
1085.7,0.40488
1085.9,0.40504
1086.1,0.40523
1086.3,0.40519
1086.6,0.40521
1086.8,0.40534
1087.0,0.40528
1087.3,0.40523
1087.5,0.40537
1087.7,0.40525
1087.9,0.4052
1088.2,0.4052
1088.4,0.40522
1088.6,0.4053
1088.8,0.40543
1089.1,0.40547
1089.3,0.40532
1089.5,0.40527
1089.8,0.40545
1090.0,0.4054
1090.2,0.40532
1090.4,0.40532
1090.7,0.40553
1090.9,0.40562
1091.1,0.40548
1091.4,0.4054
1091.6,0.40545
1091.8,0.40542
1092.1,0.40555
1092.3,0.40563
1092.5,0.40547
1092.8,0.40544
1093.0,0.40548
1093.2,0.40554
1093.4,0.40578
1093.7,0.40581
1093.9,0.4058
1094.1,0.40577
1094.4,0.40573
1094.6,0.40573
1094.8,0.40568
1095.1,0.4056
1095.3,0.40566
1095.5,0.40558
1095.8,0.40547
1096.0,0.40552
1096.2,0.4058
1096.4,0.40594
1096.7,0.40579
1096.9,0.40574
1097.1,0.40595
1097.4,0.406
1097.6,0.40594
1097.8,0.40596
1098.1,0.40595
1098.3,0.40589
1098.5,0.406
1098.8,0.40605
1099.0,0.40614
1099.2,0.40622
1099.5,0.4062
1099.7,0.40603
1099.9,0.40605
1100.2,0.40608
1100.4,0.40609
1100.6,0.40617
1100.9,0.40618
1101.1,0.40618
1101.3,0.40613
1101.6,0.40613
1101.8,0.40634
1102.0,0.40655
1102.3,0.4065
1102.5,0.40635
1102.7,0.40643
1103.0,0.40639
1103.2,0.40637
1103.4,0.40626
1103.7,0.40627
1103.9,0.40648
1104.2,0.40659
1104.4,0.40653
1104.6,0.4065
1104.9,0.40648
1105.1,0.40649
1105.3,0.4064
1105.6,0.40646
1105.8,0.40656
1106.0,0.40651
1106.3,0.40649
1106.5,0.40662
1106.7,0.40672
1107.0,0.40664
1107.2,0.40666
1107.4,0.40666
1107.7,0.40672
1107.9,0.40687
1108.2,0.40681
1108.4,0.40676
1108.6,0.40682
1108.9,0.40679
1109.1,0.40672
1109.3,0.4067
1109.6,0.40688
1109.8,0.40708
1110.1,0.407
1110.3,0.40697
1110.5,0.40692
1110.8,0.40692
1111.0,0.40702
1111.3,0.40708
1111.5,0.4072
1111.7,0.40726
1112.0,0.40717
1112.2,0.40711
1112.4,0.40705
1112.7,0.40699
1112.9,0.40712
1113.2,0.40726
1113.4,0.40728
1113.6,0.40716
1113.9,0.40721
1114.1,0.40733
1114.3,0.40732
1114.6,0.40721
1114.8,0.40718
1115.1,0.40722
1115.3,0.40732
1115.6,0.40734
1115.8,0.40737
1116.0,0.40741
1116.3,0.40737
1116.5,0.40731
1116.8,0.40725
1117.0,0.4073
1117.2,0.40744
1117.5,0.40756
1117.7,0.40757
1118.0,0.4076
1118.2,0.40764
1118.4,0.40755
1118.7,0.40766
1118.9,0.40771
1119.2,0.40771
1119.4,0.40771
1119.7,0.40773
1119.9,0.4077
1120.1,0.40771
1120.4,0.4078
1120.6,0.40768
1120.9,0.40767
1121.1,0.40773
1121.3,0.40784
1121.6,0.40781
1121.8,0.40766
1122.1,0.4077
1122.3,0.40775
1122.6,0.40779
1122.8,0.40776
1123.0,0.40773
1123.3,0.4077
1123.5,0.40776
1123.8,0.4079
1124.0,0.40794
1124.3,0.40776
1124.5,0.4078
1124.8,0.40809
1125.0,0.40818
1125.2,0.40794
1125.5,0.40792
1125.7,0.40802
1126.0,0.40801
1126.2,0.40802
1126.5,0.40806
1126.7,0.40812
1126.9,0.40809
1127.2,0.40805
1127.4,0.40812
1127.7,0.40813
1127.9,0.40814
1128.2,0.40824
1128.4,0.40831
1128.7,0.40839
1128.9,0.40838
1129.2,0.40828
1129.4,0.40828
1129.7,0.40826
1129.9,0.40822
1130.1,0.40822
1130.4,0.40818
1130.6,0.40821
1130.9,0.40841
1131.1,0.40853
1131.4,0.40843
1131.6,0.4084
1131.9,0.40831
1132.1,0.40819
1132.4,0.40827
1132.6,0.40845
1132.9,0.40843
1133.1,0.40835
1133.3,0.4084
1133.6,0.40857
1133.8,0.40848
1134.1,0.40837
1134.3,0.40847
1134.6,0.40856
1134.8,0.40855
1135.1,0.40864
1135.3,0.40869
1135.6,0.40859
1135.8,0.40847
1136.1,0.40849
1136.3,0.40858
1136.6,0.40865
1136.8,0.40854
1137.1,0.40852
1137.3,0.40856
1137.6,0.40856
1137.8,0.40867
1138.1,0.40886
1138.3,0.40879
1138.6,0.40863
1138.8,0.40868
1139.1,0.40876
1139.3,0.40871
1139.6,0.40879
1139.8,0.40878
1140.1,0.40882
1140.3,0.40889
1140.6,0.40887
1140.8,0.40878
1141.1,0.4088
1141.3,0.40893
1141.6,0.40899
1141.8,0.40901
1142.1,0.40912
1142.3,0.40914
1142.6,0.40904
1142.8,0.40905
1143.1,0.40898
1143.3,0.409
1143.6,0.40918
1143.9,0.40923
1144.1,0.40916
1144.4,0.4091
1144.6,0.40907
1144.9,0.40905
1145.1,0.40916
1145.4,0.40915
1145.6,0.40913
1145.9,0.40908
1146.1,0.40909
1146.4,0.40908
1146.6,0.40905
1146.9,0.40907
1147.2,0.40918
1147.4,0.40923
1147.7,0.40923
1147.9,0.40924
1148.2,0.40931
1148.4,0.40931
1148.7,0.40921
1148.9,0.40927
1149.2,0.4095
1149.4,0.40958
1149.7,0.40939
1149.9,0.4093
1150.2,0.40932
1150.4,0.40924
1150.7,0.40921
1151.0,0.40932
1151.2,0.40947
1151.5,0.40948
1151.7,0.40955
1152.0,0.40941
1152.2,0.40944
1152.5,0.4096
1152.8,0.40959
1153.0,0.40954
1153.3,0.40944
1153.5,0.40953
1153.8,0.40967
1154.0,0.40973
1154.3,0.40974
1154.6,0.40963
1154.8,0.40956
1155.1,0.40959
1155.3,0.40948
1155.6,0.4095
1155.8,0.40959
1156.1,0.40962
1156.4,0.40966
1156.6,0.40965
1156.9,0.40972
1157.1,0.40974
1157.4,0.40976
1157.7,0.40984
1157.9,0.40985
1158.2,0.40991
1158.4,0.40981
1158.7,0.40974
1158.9,0.40975
1159.2,0.40971
1159.5,0.40984
1159.7,0.41
1160.0,0.41
1160.2,0.40989
1160.5,0.40995
1160.8,0.40995
1161.0,0.40994
1161.3,0.40991
1161.5,0.40988
1161.8,0.40987
1162.1,0.40986
1162.3,0.4099
1162.6,0.40996
1162.8,0.40995
1163.1,0.40991
1163.4,0.4099
1163.6,0.41001
1163.9,0.41005
1164.2,0.41
1164.4,0.41007
1164.7,0.41005
1164.9,0.41002
1165.2,0.41011
1165.4,0.41006
1165.7,0.41007
1166.0,0.41014
1166.2,0.4101
1166.5,0.41007
1166.8,0.40997
1167.0,0.40988
1167.3,0.41004
1167.6,0.41014
1167.8,0.41023
1168.1,0.41036
1168.3,0.41037
1168.6,0.41035
1168.9,0.41026
1169.1,0.41016
1169.4,0.41025
1169.7,0.41033
1169.9,0.4104
1170.2,0.41036
1170.4,0.4103
1170.7,0.41028
1171.0,0.41032
1171.3,0.41037
1171.5,0.41039
1171.8,0.4104
1172.0,0.41035
1172.3,0.41025
1172.6,0.41027
1172.8,0.41048
1173.1,0.41068
1173.4,0.4106
1173.6,0.41048
1173.9,0.41046
1174.2,0.41046
1174.4,0.41041
1174.7,0.41046
1175.0,0.4105
1175.2,0.41058
1175.5,0.41053
1175.8,0.41045
1176.0,0.41042
1176.3,0.41051
1176.6,0.41047
1176.8,0.41047
1177.1,0.41063
1177.4,0.41072
1177.6,0.41067
1177.9,0.41069
1178.2,0.41082
1178.4,0.4107
1178.7,0.41057
1179.0,0.41054
1179.2,0.41058
1179.5,0.41065
1179.8,0.41071
1180.0,0.41078
1180.3,0.41089
1180.6,0.41101
1180.8,0.41093
1181.1,0.41078
1181.4,0.41067
1181.7,0.41076
1181.9,0.41077
1182.2,0.41075
1182.5,0.41076
1182.7,0.4108
1183.0,0.41077
1183.3,0.41082
1183.5,0.41084
1183.8,0.41085
1184.1,0.41092
1184.4,0.41092
1184.6,0.41085
1184.9,0.41098
1185.2,0.4111
1185.4,0.41109
1185.7,0.41104
1186.0,0.411
1186.3,0.41097
1186.5,0.41093
1186.8,0.41096
1187.1,0.41098
1187.3,0.41108
1187.6,0.41108
1187.9,0.41106
1188.2,0.41106
1188.4,0.41111
1188.7,0.41114
1189.0,0.41115
1189.3,0.41114
1189.5,0.4111
1189.8,0.41112
1190.1,0.41116
1190.3,0.41123
1190.6,0.41115
1190.9,0.41112
1191.2,0.41116
1191.4,0.41127
1191.7,0.41137
1192.0,0.41134
1192.3,0.41133
1192.5,0.41132
1192.8,0.41128
1193.1,0.41135
1193.3,0.41133
1193.6,0.41132
1193.9,0.41143
1194.2,0.41153
1194.4,0.41153
1194.7,0.4115
1195.0,0.41149
1195.3,0.41136
1195.6,0.4114
1195.8,0.41158
1196.1,0.41153
1196.4,0.41141
1196.7,0.41145
1196.9,0.41145
1197.2,0.4114
1197.5,0.41145
1197.8,0.41154
1198.0,0.41161
1198.3,0.41156
1198.6,0.41153
1198.9,0.41155
1199.2,0.4115
1199.4,0.41141
1199.7,0.41161
1200.0,0.41167
1200.3,0.4116
1200.5,0.41163
1200.8,0.41164
1201.1,0.41174
1201.4,0.41181
1201.7,0.41187
1201.9,0.41181
1202.2,0.41181
1202.5,0.41186
1202.8,0.41181
1203.0,0.41175
1203.3,0.41174
1203.6,0.41178
1203.9,0.41183
1204.2,0.41185
1204.4,0.41185
1204.7,0.41189
1205.0,0.41186
1205.3,0.41186
1205.6,0.41192
1205.8,0.41198
1206.1,0.41189
1206.4,0.41185
1206.7,0.41198
1207.0,0.41206
1207.2,0.412
1207.5,0.41197
1207.8,0.41201
1208.1,0.41202
1208.4,0.41203
1208.7,0.41206
1208.9,0.41209
1209.2,0.41207
1209.5,0.41205
1209.8,0.41217
1210.1,0.41221
1210.3,0.41221
1210.6,0.41231
1210.9,0.4123
1211.2,0.41232
1211.5,0.41242
1211.8,0.41241
1212.0,0.41236
1212.3,0.4122
1212.6,0.41219
1212.9,0.41229
1213.2,0.41238
1213.5,0.41239
1213.7,0.4124
1214.0,0.41237
1214.3,0.41241
1214.6,0.41248
1214.9,0.41254
1215.2,0.41245
1215.4,0.41231
1215.7,0.41226
1216.0,0.41231
1216.3,0.41248
1216.6,0.41248
1216.9,0.41248
1217.2,0.41256
1217.4,0.41249
1217.7,0.41239
1218.0,0.41251
1218.3,0.41265
1218.6,0.41263
1218.9,0.41266
1219.2,0.41279
1219.4,0.41273
1219.7,0.41253
1220.0,0.4125
1220.3,0.41261
1220.6,0.41273
1220.9,0.41271
1221.2,0.41262
1221.5,0.41265
1221.8,0.41277
1222.0,0.41285
1222.3,0.41286
1222.6,0.41286
1222.9,0.41282
1223.2,0.41281
1223.5,0.41288
1223.8,0.4129
1224.1,0.41288
1224.3,0.41279
1224.6,0.41285
1224.9,0.41292
1225.2,0.41297
1225.5,0.41308
1225.8,0.41308
1226.1,0.41298
1226.4,0.41296
1226.7,0.41295
1227.0,0.41297
1227.3,0.41309
1227.5,0.41314
1227.8,0.41311
1228.1,0.41305
1228.4,0.4131
1228.7,0.41318
1229.0,0.41321
1229.3,0.41331
1229.6,0.41342
1229.9,0.41331
1230.2,0.41314
1230.4,0.41327
1230.7,0.41332
1231.0,0.4133
1231.3,0.41335
1231.6,0.41331
1231.9,0.41325
1232.2,0.41328
1232.5,0.41328
1232.8,0.41336
1233.1,0.41344
1233.4,0.41344
1233.7,0.41346
1234.0,0.41349
1234.3,0.41344
1234.6,0.41343
1234.8,0.41348
1235.1,0.41353
1235.4,0.41359
1235.7,0.41352
1236.0,0.41347
1236.3,0.41355
1236.6,0.41355
1236.9,0.41356
1237.2,0.41363
1237.5,0.41363
1237.8,0.41369
1238.1,0.4138
1238.4,0.41376
1238.7,0.4137
1239.0,0.41376
1239.3,0.41386
1239.6,0.41382
1239.9,0.41386
1240.2,0.41386
1240.5,0.41383
1240.8,0.41381
1241.1,0.41379
1241.3,0.41381
1241.7,0.41384
1241.9,0.41386
1242.2,0.41393
1242.5,0.41404
1242.8,0.41405
1243.1,0.41401
1243.4,0.41405
1243.7,0.41414
1244.0,0.41413
1244.3,0.41407
1244.6,0.4141
1244.9,0.41411
1245.2,0.41411
1245.5,0.41407
1245.8,0.4141
1246.1,0.41421
1246.4,0.41433
1246.7,0.41433
1247.0,0.41423
1247.3,0.41426
1247.6,0.4143
1247.9,0.41431
1248.2,0.41431
1248.5,0.41435
1248.8,0.41447
1249.1,0.41451
1249.4,0.41447
1249.7,0.41447
1250.0,0.41449
1250.3,0.41456
1250.6,0.41464
1250.9,0.41464
1251.2,0.41463
1251.5,0.41465
1251.8,0.41473
1252.1,0.41469
1252.4,0.41466
1252.8,0.41467
1253.1,0.4147
1253.3,0.4148
1253.7,0.4148
1254.0,0.4147
1254.3,0.41472
1254.6,0.41471
1254.9,0.41471
1255.2,0.41474
1255.5,0.41482
1255.8,0.41493
1256.1,0.41504
1256.4,0.415
1256.7,0.41491
1257.0,0.41504
1257.3,0.41518
1257.6,0.41507
1257.9,0.41507
1258.2,0.41515
1258.5,0.41511
1258.8,0.41513
1259.1,0.41523
1259.4,0.41535
1259.8,0.41526
1260.1,0.41517
1260.4,0.4152
1260.7,0.41523
1261.0,0.41521
1261.3,0.41531
1261.6,0.41542
1261.9,0.41544
1262.2,0.41549
1262.5,0.41542
1262.8,0.41537
1263.1,0.41543
1263.4,0.41544
1263.7,0.41545
1264.1,0.4155
1264.4,0.41554
1264.7,0.41556
1265.0,0.41555
1265.3,0.41563
1265.6,0.41562
1265.9,0.41555
1266.2,0.41562
1266.5,0.41576
1266.8,0.41581
1267.1,0.41576
1267.4,0.41574
1267.8,0.41578
1268.1,0.4158
1268.4,0.41587
1268.7,0.41581
1269.0,0.41582
1269.3,0.4159
1269.6,0.41589
1269.9,0.41598
1270.2,0.41602
1270.6,0.416
1270.9,0.41609
1271.2,0.41606
1271.5,0.41602
1271.8,0.41606
1272.1,0.41599
1272.4,0.41609
1272.7,0.41624
1273.1,0.4163
1273.4,0.41628
1273.7,0.41625
1274.0,0.41631
1274.3,0.41638
1274.6,0.41636
1274.9,0.41638
1275.2,0.41648
1275.6,0.41656
1275.9,0.41646
1276.2,0.41646
1276.5,0.41654
1276.8,0.41654
1277.1,0.41662
1277.4,0.41677
1277.8,0.41679
1278.1,0.41666
1278.4,0.4166
1278.7,0.41669
1279.0,0.41676
1279.3,0.41676
1279.7,0.41675
1280.0,0.41683
1280.3,0.41687
1280.6,0.41686
1280.9,0.41691
1281.2,0.41692
1281.6,0.41703
1281.9,0.41704
1282.2,0.41694
1282.5,0.41692
1282.8,0.41699
1283.1,0.41709
1283.4,0.4172
1283.8,0.41728
1284.1,0.41719
1284.4,0.41707
1284.7,0.41718
1285.0,0.41737
1285.4,0.41736
1285.7,0.41732
1286.0,0.4174
1286.3,0.41744
1286.6,0.41738
1286.9,0.41751
1287.3,0.41758
1287.6,0.41754
1287.9,0.41756
1288.2,0.41763
1288.6,0.41767
1288.9,0.41774
1289.2,0.41773
1289.5,0.41768
1289.8,0.41776
1290.2,0.41779
1290.5,0.4178
1290.8,0.41786
1291.1,0.41785
1291.4,0.41783
1291.8,0.41785
1292.1,0.41791
1292.4,0.41799
1292.7,0.41799
1293.1,0.41799
1293.4,0.41806
1293.7,0.41818
1294.0,0.41829
1294.3,0.41827
1294.7,0.4183
1295.0,0.41836
1295.3,0.41836
1295.6,0.41837
1296.0,0.41844
1296.3,0.41838
1296.6,0.41833
1296.9,0.41842
1297.3,0.41847
1297.6,0.41849
1297.9,0.41845
1298.2,0.41849
1298.6,0.41857
1298.9,0.41866
1299.2,0.41873
1299.5,0.41882
1299.9,0.41882
1300.2,0.41878
1300.5,0.4188
1300.8,0.41877
1301.2,0.41886
1301.5,0.41895
1301.8,0.41887
1302.1,0.41895
1302.5,0.41907
1302.8,0.41908
1303.1,0.41906
1303.4,0.41905
1303.8,0.41902
1304.1,0.41911
1304.4,0.41922
1304.8,0.41927
1305.1,0.41927
1305.4,0.41924
1305.8,0.41928
1306.1,0.41932
1306.4,0.41936
1306.7,0.41941
1307.1,0.41946
1307.4,0.41954
1307.7,0.41955
1308.1,0.41956
1308.4,0.41958
1308.7,0.41957
1309.1,0.41957
1309.4,0.41965
1309.7,0.41976
1310.0,0.41977
1310.4,0.41976
1310.7,0.41982
1311.0,0.41992
1311.4,0.41999
1311.7,0.41992
1312.0,0.41989
1312.4,0.41996
1312.7,0.42005
1313.0,0.42009
1313.4,0.42008
1313.7,0.42016
1314.0,0.4203
1314.4,0.42029
1314.7,0.42021
1315.0,0.42026
1315.4,0.42033
1315.7,0.42031
1316.0,0.42039
1316.4,0.42046
1316.7,0.42048
1317.0,0.42048
1317.4,0.42051
1317.7,0.42057
1318.0,0.4207
1318.4,0.42077
1318.7,0.42076
1319.0,0.42079
1319.4,0.42077
1319.7,0.42082
1320.1,0.42085
1320.4,0.42087
1320.7,0.42092
1321.1,0.42095
1321.4,0.42094
1321.7,0.42096
1322.1,0.42103
1322.4,0.42113
1322.7,0.42118
1323.1,0.42122
1323.4,0.42125
1323.8,0.42119
1324.1,0.42116
1324.4,0.42128
1324.8,0.42134
1325.1,0.4214
1325.4,0.42151
1325.8,0.42156
1326.1,0.42158
1326.5,0.42167
1326.8,0.42175
1327.1,0.42174
1327.5,0.42162
1327.8,0.42166
1328.2,0.4218
1328.5,0.42184
1328.8,0.4218
1329.2,0.42182
1329.5,0.42192
1329.9,0.42192
1330.2,0.42196
1330.6,0.42201
1330.9,0.42213
1331.2,0.4222
1331.6,0.42224
1331.9,0.42223
1332.3,0.4222
1332.6,0.42222
1332.9,0.4223
1333.3,0.42236
1333.6,0.42239
1334.0,0.42237
1334.3,0.4224
1334.7,0.42243
1335.0,0.42247
1335.3,0.42245
1335.7,0.42239
1336.0,0.42252
1336.4,0.42272
1336.7,0.42272
1337.1,0.4227
1337.4,0.42279
1337.8,0.4228
1338.1,0.42278
1338.4,0.42287
1338.8,0.42294
1339.1,0.42298
1339.5,0.42298
1339.8,0.42299
1340.2,0.42304
1340.5,0.42312
1340.9,0.42317
1341.2,0.42325
1341.6,0.42328
1341.9,0.42329
1342.3,0.42334
1342.6,0.42343
1342.9,0.4235
1343.3,0.42342
1343.7,0.42338
1344.0,0.4235
1344.3,0.42357
1344.7,0.42362
1345.0,0.42366
1345.4,0.42365
1345.7,0.42367
1346.1,0.42379
1346.4,0.42387
1346.8,0.42388
1347.1,0.42386
1347.5,0.42379
1347.8,0.4238
1348.2,0.42394
1348.5,0.42404
1348.9,0.42412
1349.3,0.42418
1349.6,0.42419
1349.9,0.42416
1350.3,0.42426
1350.7,0.42435
1351.0,0.42422
1351.3,0.42421
1351.7,0.42436
1352.1,0.42438
1352.4,0.42445
1352.8,0.42452
1353.1,0.42454
1353.5,0.4246
1353.8,0.42459
1354.2,0.4246
1354.5,0.42468
1354.9,0.42469
1355.2,0.4247
1355.6,0.42475
1355.9,0.42477
1356.3,0.42483
1356.7,0.42492
1357.0,0.42487
1357.4,0.42486
1357.7,0.42486
1358.1,0.42487
1358.4,0.425
1358.8,0.42519
1359.2,0.42521
1359.5,0.42516
1359.9,0.4252
1360.2,0.42534
1360.6,0.42541
1360.9,0.42539
1361.3,0.42533
1361.7,0.42534
1362.0,0.42543
1362.4,0.42546
1362.7,0.42548
1363.1,0.42562
1363.4,0.42569
1363.8,0.42568
1364.2,0.42576
1364.5,0.42582
1364.9,0.4258
1365.2,0.4258
1365.6,0.42578
1365.9,0.42589
1366.3,0.42599
1366.7,0.42604
1367.0,0.42605
1367.4,0.42613
1367.8,0.42622
1368.1,0.42622
1368.5,0.42615
1368.8,0.42622
1369.2,0.42626
1369.6,0.42638
1369.9,0.4265
1370.3,0.42654
1370.7,0.42655
1371.0,0.42658
1371.4,0.42663
1371.7,0.42661
1372.1,0.42663
1372.5,0.42667
1372.8,0.42671
1373.2,0.42676
1373.6,0.42673
1373.9,0.42674
1374.3,0.42678
1374.6,0.42681
1375.0,0.42682
1375.4,0.42684
1375.7,0.42691
1376.1,0.427
1376.5,0.42711
1376.8,0.42709
1377.2,0.42711
1377.6,0.42711
1377.9,0.42714
1378.3,0.42725
1378.7,0.42724
1379.0,0.42721
1379.4,0.42714
1379.8,0.42707
1380.1,0.42696
1380.5,0.42681
1380.9,0.42676
1381.2,0.42689
1381.6,0.42704
1382.0,0.42704
1382.3,0.42703
1382.7,0.4271
1383.1,0.42714
1383.4,0.42715
1383.8,0.42721
1384.2,0.42727
1384.6,0.42732
1384.9,0.42731
1385.3,0.42723
1385.7,0.42718
1386.0,0.42724
1386.4,0.42726
1386.8,0.42715
1387.2,0.4271
1387.5,0.42702
1387.9,0.427
1388.3,0.42699
1388.6,0.42695
1389.0,0.42686
1389.4,0.42675
1389.8,0.42657
1390.1,0.42631
1390.5,0.42597
1390.9,0.42536
1391.2,0.42459
1391.6,0.42403
1392.0,0.42398
1392.4,0.42443
1392.7,0.42503
1393.1,0.42552
1393.5,0.42583
1393.9,0.42599
1394.2,0.42611
1394.6,0.42626
1395.0,0.42631
1395.4,0.42631
1395.7,0.42637
1396.1,0.42649
1396.5,0.42649
1396.9,0.42621
1397.2,0.42576
1397.6,0.4254
1398.0,0.42538
1398.4,0.4257
1398.8,0.42611
1399.1,0.42653
1399.5,0.42684
1399.9,0.42699
1400.3,0.42707
1400.6,0.42723
1401.0,0.42738
1401.4,0.42747
1401.8,0.42749
1402.2,0.42749
1402.5,0.42757
1402.9,0.42764
1403.3,0.42765
1403.7,0.4276
1404.1,0.42755
1404.4,0.42755
1404.8,0.42749
1405.2,0.42749
1405.6,0.42765
1406.0,0.42785
1406.3,0.42801
1406.7,0.42823
1407.1,0.42834
1407.5,0.42839
1407.9,0.42839
1408.3,0.42843
1408.6,0.42853
1409.0,0.42867
1409.4,0.42873
1409.8,0.42881
1410.2,0.42889
1410.6,0.42894
1410.9,0.42899
1411.3,0.42905
1411.7,0.42907
1412.1,0.42916
1412.5,0.42924
1412.8,0.42926
1413.2,0.42933
1413.6,0.42944
1414.0,0.42957
1414.4,0.42968
1414.8,0.42977
1415.2,0.42985
1415.6,0.42992
1415.9,0.43002
1416.3,0.4301
1416.7,0.43015
1417.1,0.43021
1417.5,0.43033
1417.9,0.43047
1418.3,0.43051
1418.7,0.43057
1419.0,0.43067
1419.4,0.4307
1419.8,0.43073
1420.2,0.4308
1420.6,0.43092
1421.0,0.43101
1421.4,0.43106
1421.8,0.43109
1422.2,0.43113
1422.5,0.43123
1422.9,0.4313
1423.3,0.43138
1423.7,0.4315
1424.1,0.43151
1424.5,0.43148
1424.9,0.43149
1425.3,0.4315
1425.7,0.4316
1426.1,0.43174
1426.5,0.4318
1426.8,0.43183
1427.2,0.43185
1427.6,0.43189
1428.0,0.43191
1428.4,0.43198
1428.8,0.43205
1429.2,0.43211
1429.6,0.43216
1430.0,0.43224
1430.4,0.43233
1430.8,0.4324
1431.2,0.43242
1431.6,0.43246
1432.0,0.43247
1432.4,0.4325
1432.8,0.43257
1433.2,0.4326
1433.6,0.43266
1433.9,0.43272
1434.3,0.43275
1434.8,0.43275
1435.1,0.43282
1435.5,0.43291
1435.9,0.43301
1436.3,0.43307
1436.7,0.43305
1437.1,0.43311
1437.5,0.43322
1437.9,0.43325
1438.3,0.43325
1438.7,0.43328
1439.1,0.43335
1439.5,0.43342
1439.9,0.43345
1440.3,0.43353
1440.7,0.43356
1441.1,0.4336
1441.5,0.43371
1441.9,0.43374
1442.3,0.43377
1442.7,0.4339
1443.1,0.43396
1443.5,0.43393
1443.9,0.4339
1444.3,0.43389
1444.7,0.43399
1445.1,0.43414
1445.6,0.4342
1445.9,0.43418
1446.3,0.43422
1446.8,0.43427
1447.2,0.43431
1447.6,0.4344
1448.0,0.43441
1448.4,0.43451
1448.8,0.43456
1449.2,0.43456
1449.6,0.43466
1450.0,0.43469
1450.4,0.4347
1450.8,0.43479
1451.2,0.43487
1451.6,0.43484
1452.0,0.43488
1452.4,0.43496
1452.8,0.435
1453.2,0.43505
1453.7,0.43505
1454.1,0.43513
1454.5,0.43534
1454.9,0.43542
1455.3,0.43539
1455.7,0.43541
1456.1,0.43542
1456.5,0.43548
1456.9,0.43554
1457.3,0.4356
1457.7,0.43562
1458.2,0.43564
1458.6,0.43572
1459.0,0.43579
1459.4,0.43584
1459.8,0.43588
1460.2,0.43591
1460.6,0.43597
1461.0,0.43604
1461.4,0.43605
1461.8,0.43603
1462.3,0.43612
1462.7,0.43621
1463.1,0.43624
1463.5,0.43627
1463.9,0.43631
1464.3,0.4363
1464.7,0.43635
1465.2,0.43648
1465.6,0.43652
1466.0,0.43652
1466.4,0.43654
1466.8,0.43663
1467.2,0.4367
1467.6,0.43675
1468.1,0.43682
1468.5,0.43681
1468.9,0.43681
1469.3,0.43685
1469.7,0.4369
1470.1,0.43693
1470.6,0.43699
1471.0,0.43701
1471.4,0.43705
1471.8,0.43711
1472.2,0.43716
1472.6,0.43723
1473.1,0.43731
1473.5,0.4373
1473.9,0.43733
1474.3,0.43736
1474.7,0.43739
1475.2,0.43745
1475.6,0.4375
1476.0,0.43755
1476.4,0.43758
1476.8,0.43762
1477.3,0.4377
1477.7,0.43776
1478.1,0.43781
1478.5,0.43786
1478.9,0.43791
1479.4,0.43793
1479.8,0.43792
1480.2,0.4379
1480.6,0.43797
1481.1,0.43803
1481.5,0.43808
1481.9,0.43814
1482.3,0.4382
1482.8,0.43825
1483.2,0.43831
1483.6,0.43838
1484.0,0.43844
1484.4,0.43851
1484.9,0.43859
1485.3,0.43857
1485.7,0.43862
1486.2,0.43866
1486.6,0.43871
1487.0,0.43878
1487.4,0.43875
1487.9,0.43876
1488.3,0.4389
1488.7,0.43899
1489.1,0.43906
1489.6,0.4391
1490.0,0.43908
1490.4,0.43911
1490.8,0.43918
1491.3,0.43923
1491.7,0.43925
1492.1,0.43928
1492.6,0.4394
1493.0,0.43944
1493.4,0.43945
1493.9,0.43945
1494.3,0.43952
1494.7,0.43957
1495.2,0.43962
1495.6,0.43967
1496.0,0.43973
1496.4,0.43974
1496.9,0.43976
1497.3,0.43984
1497.7,0.43989
1498.2,0.43989
1498.6,0.43993
1499.0,0.43997
1499.5,0.43996
1499.9,0.44005
1500.3,0.44012
1500.8,0.44017
1501.2,0.44017
1501.7,0.4402
1502.1,0.44025
1502.5,0.44023
1502.9,0.44029
1503.4,0.44037
1503.8,0.44037
1504.3,0.44042
1504.7,0.44045
1505.1,0.44044
1505.6,0.44048
1506.0,0.44048
1506.4,0.44052
1506.9,0.44058
1507.3,0.44066
1507.8,0.4407
1508.2,0.44075
1508.6,0.44071
1509.1,0.44074
1509.5,0.44086
1510.0,0.4409
1510.4,0.44091
1510.8,0.44098
1511.3,0.44096
1511.7,0.44097
1512.2,0.44103
1512.6,0.44109
1513.0,0.44114
1513.5,0.4412
1513.9,0.4412
1514.4,0.44116
1514.8,0.4412
1515.3,0.44128
1515.7,0.44125
1516.1,0.44124
1516.6,0.44133
1517.0,0.44142
1517.5,0.44143
1517.9,0.44148
1518.4,0.44148
1518.8,0.44151
1519.3,0.44158
1519.7,0.44156
1520.1,0.44156
1520.6,0.44162
1521.0,0.44164
1521.5,0.44171
1521.9,0.44176
1522.4,0.44177
1522.8,0.44174
1523.3,0.4417
1523.7,0.44173
1524.2,0.44179
1524.6,0.44181
1525.1,0.44191
1525.5,0.44201
1525.9,0.44204
1526.4,0.44208
1526.8,0.44211
1527.3,0.4421
1527.8,0.44206
1528.2,0.44205
1528.7,0.44211
1529.1,0.44215
1529.6,0.4422
1530.0,0.44221
1530.5,0.44221
1530.9,0.44222
1531.4,0.44226
1531.8,0.44219
1532.3,0.44219
1532.7,0.44228
1533.2,0.44237
1533.6,0.44236
1534.1,0.44239
1534.5,0.44238
1535.0,0.44241
1535.4,0.44247
1535.9,0.44245
1536.3,0.44244
1536.8,0.44251
1537.3,0.44258
1537.7,0.44255
1538.2,0.44253
1538.6,0.44259
1539.1,0.44263
1539.6,0.44268
1540.0,0.44268
1540.5,0.44266
1540.9,0.44267
1541.4,0.44269
1541.8,0.44276
1542.3,0.44275
1542.8,0.44275
1543.2,0.44282
1543.7,0.44289
1544.1,0.44294
1544.6,0.44298
1545.1,0.44293
1545.5,0.44288
1546.0,0.44292
1546.4,0.44299
1546.9,0.44304
1547.4,0.44306
1547.8,0.44306
1548.3,0.44305
1548.8,0.44307
1549.2,0.44302
1549.7,0.44304
1550.1,0.44312
1550.6,0.44316
1551.1,0.44316
1551.5,0.44319
1552.0,0.44323
1552.4,0.44324
1552.9,0.44331
1553.4,0.44334
1553.8,0.4433
1554.3,0.44334
1554.8,0.44337
1555.3,0.44337
1555.7,0.44338
1556.2,0.44342
1556.7,0.44345
1557.1,0.44344
1557.6,0.44344
1558.1,0.44338
1558.5,0.44335
1559.0,0.44341
1559.5,0.44349
1559.9,0.44354
1560.4,0.44356
1560.9,0.4436
1561.3,0.44356
1561.8,0.44357
1562.3,0.44363
1562.8,0.44366
1563.2,0.44365
1563.7,0.44366
1564.2,0.44372
1564.6,0.44378
1565.1,0.4438
1565.6,0.44376
1566.1,0.44373
1566.5,0.44378
1567.0,0.44378
1567.5,0.44378
1567.9,0.44383
1568.4,0.44387
1568.9,0.44393
1569.4,0.44394
1569.8,0.44394
1570.3,0.44395
1570.8,0.444
1571.3,0.44402
1571.8,0.44403
1572.2,0.44406
1572.7,0.44408
1573.2,0.44413
1573.7,0.4441
1574.1,0.44408
1574.6,0.44411
1575.1,0.44417
1575.6,0.44422
1576.1,0.44419
1576.5,0.44418
1577.0,0.44426
1577.5,0.44428
1578.0,0.44427
1578.4,0.44431
1578.9,0.44435
1579.4,0.44431
1579.9,0.44429
1580.4,0.44431
1580.9,0.44431
1581.3,0.44433
1581.8,0.44436
1582.3,0.44439
1582.8,0.44438
1583.3,0.44439
1583.8,0.44446
1584.2,0.44445
1584.7,0.44446
1585.2,0.44451
1585.7,0.44452
1586.2,0.44452
1586.7,0.44455
1587.2,0.44454
1587.6,0.44454
1588.1,0.44451
1588.6,0.44448
1589.1,0.44458
1589.6,0.44462
1590.1,0.44456
1590.6,0.44456
1591.0,0.44463
1591.5,0.44469
1592.0,0.4447
1592.5,0.44471
1593.0,0.44472
1593.5,0.44472
1594.0,0.44468
1594.5,0.44467
1595.0,0.4447
1595.4,0.44476
1595.9,0.44474
1596.4,0.4447
1596.9,0.44472
1597.4,0.44478
1597.9,0.44476
1598.4,0.44479
1598.9,0.44484
1599.4,0.44484
1599.9,0.44481
1600.4,0.44483
1600.9,0.44486
1601.4,0.44488
1601.9,0.44486
1602.3,0.44479
1602.8,0.44481
1603.3,0.44489
1603.8,0.44485
1604.3,0.44482
1604.8,0.44492
1605.3,0.44494
1605.8,0.4449
1606.3,0.44495
1606.8,0.44501
1607.3,0.445
1607.8,0.44494
1608.3,0.44494
1608.8,0.44498
1609.3,0.44498
1609.8,0.445
1610.3,0.44505
1610.8,0.44506
1611.3,0.44509
1611.8,0.44506
1612.3,0.44503
1612.8,0.44505
1613.3,0.44501
1613.8,0.44498
1614.3,0.445
1614.8,0.44504
1615.3,0.44507
1615.8,0.44504
1616.3,0.44504
1616.8,0.44508
1617.3,0.44514
1617.8,0.44515
1618.4,0.4451
1618.9,0.44508
1619.4,0.44507
1619.9,0.44501
1620.4,0.44502
1620.9,0.44507
1621.4,0.44512
1621.9,0.44509
1622.4,0.44507
1622.9,0.44511
1623.4,0.44511
1623.9,0.44506
1624.4,0.44506
1624.9,0.44512
1625.5,0.44515
1626.0,0.44515
1626.5,0.44517
1627.0,0.44517
1627.5,0.44515
1628.0,0.44512
1628.5,0.44511
1629.0,0.44515
1629.6,0.44521
1630.1,0.44515
1630.6,0.4451
1631.1,0.44509
1631.6,0.4451
1632.1,0.44512
1632.6,0.44507
1633.1,0.44506
1633.7,0.44512
1634.2,0.44511
1634.7,0.4451
1635.2,0.4451
1635.7,0.44505
1636.2,0.44502
1636.8,0.44506
1637.3,0.4451
1637.8,0.44507
1638.3,0.44505
1638.8,0.44504
1639.3,0.44501
1639.8,0.44504
1640.4,0.44508
1640.9,0.44508
1641.4,0.44507
1641.9,0.44501
1642.4,0.44502
1643.0,0.44505
1643.5,0.44501
1644.0,0.44501
1644.5,0.44507
1645.1,0.44508
1645.6,0.44506
1646.1,0.44507
1646.6,0.44506
1647.2,0.44505
1647.7,0.44497
1648.2,0.44495
1648.7,0.44499
1649.2,0.44501
1649.8,0.44498
1650.3,0.445
1650.8,0.44502
1651.3,0.445
1651.9,0.44501
1652.4,0.44501
1652.9,0.44499
1653.4,0.44495
1654.0,0.44492
1654.5,0.44491
1655.0,0.44496
1655.6,0.44497
1656.1,0.44494
1656.6,0.44493
1657.2,0.44492
1657.7,0.44489
1658.2,0.4449
1658.7,0.4449
1659.3,0.44485
1659.8,0.44483
1660.3,0.44486
1660.9,0.44485
1661.4,0.44485
1661.9,0.44488
1662.5,0.44489
1663.0,0.44491
1663.5,0.44485
1664.1,0.44482
1664.6,0.44483
1665.1,0.44486
1665.7,0.44482
1666.2,0.44479
1666.7,0.44484
1667.3,0.44486
1667.8,0.44482
1668.3,0.44482
1668.9,0.44483
1669.4,0.44488
1670.0,0.44488
1670.5,0.44482
1671.0,0.44478
1671.6,0.44477
1672.1,0.4448
1672.7,0.4448
1673.2,0.4448
1673.7,0.44477
1674.3,0.44474
1674.8,0.44472
1675.4,0.44474
1675.9,0.44479
1676.4,0.44479
1677.0,0.44479
1677.5,0.44472
1678.1,0.4447
1678.6,0.44473
1679.2,0.44476
1679.7,0.44478
1680.2,0.44475
1680.8,0.44471
1681.3,0.44474
1681.9,0.44474
1682.4,0.44473
1683.0,0.44465
1683.5,0.44465
1684.1,0.4447
1684.6,0.44468
1685.2,0.4446
1685.7,0.44459
1686.3,0.44461
1686.8,0.44462
1687.3,0.44465
1687.9,0.44465
1688.4,0.44464
1689.0,0.44464
1689.6,0.44467
1690.1,0.44467
1690.7,0.44459
1691.2,0.44452
1691.8,0.44453
1692.3,0.44454
1692.9,0.44451
1693.4,0.44451
1694.0,0.44452
1694.5,0.44451
1695.1,0.44449
1695.6,0.44445
1696.2,0.44445
1696.7,0.44447
1697.3,0.44446
1697.8,0.44446
1698.4,0.44444
1699.0,0.4444
1699.5,0.4444
1700.1,0.44445
1700.6,0.44443
1701.2,0.44442
1701.8,0.44442
1702.3,0.44443
1702.9,0.4444
1703.4,0.44442
1704.0,0.4444
1704.6,0.44434
1705.1,0.44434
1705.7,0.44434
1706.2,0.44435
1706.8,0.44436
1707.4,0.44433
1707.9,0.4443
1708.5,0.44427
1709.0,0.44421
1709.6,0.44423
1710.2,0.44425
1710.7,0.44422
1711.3,0.44418
1711.9,0.44418
1712.4,0.44418
1713.0,0.44418
1713.6,0.44418
1714.1,0.44422
1714.7,0.44421
1715.3,0.44414
1715.8,0.4441
1716.4,0.4441
1717.0,0.44414
1717.5,0.44412
1718.1,0.44408
1718.7,0.44409
1719.2,0.44411
1719.8,0.44407
1720.4,0.44406
1721.0,0.44406
1721.5,0.44407
1722.1,0.44407
1722.7,0.44405
1723.2,0.444
1723.8,0.44402
1724.4,0.44404
1725.0,0.44404
1725.5,0.44397
1726.1,0.44398
1726.7,0.444
1727.3,0.44393
1727.8,0.44391
1728.4,0.44392
1729.0,0.44395
1729.6,0.444
1730.1,0.44398
1730.7,0.44393
1731.3,0.44392
1731.9,0.44391
1732.5,0.44388
1733.0,0.44382
1733.6,0.44379
1734.2,0.44386
1734.8,0.44388
1735.4,0.44386
1735.9,0.44385
1736.5,0.44387
1737.1,0.44387
1737.7,0.44384
1738.3,0.44379
1738.8,0.44377
1739.4,0.44378
1740.0,0.44379
1740.6,0.4438
1741.2,0.44378
1741.8,0.44377
1742.3,0.44379
1742.9,0.44382
1743.5,0.44381
1744.1,0.44378
1744.7,0.44374
1745.3,0.44372
1745.9,0.44367
1746.5,0.44361
1747.1,0.44361
1747.6,0.4436
1748.2,0.44363
1748.8,0.44364
1749.4,0.44366
1750.0,0.44365
1750.6,0.44364
1751.2,0.44363
1751.8,0.44364
1752.4,0.44364
1753.0,0.44363
1753.6,0.44362
1754.1,0.44357
1754.7,0.44353
1755.3,0.44354
1755.9,0.44353
1756.5,0.44349
1757.1,0.44348
1757.7,0.44351
1758.3,0.44354
1758.9,0.44352
1759.5,0.4435
1760.1,0.44352
1760.7,0.4435
1761.3,0.44348
1761.9,0.44344
1762.5,0.44339
1763.1,0.44338
1763.7,0.44347
1764.3,0.44346
1764.9,0.44339
1765.5,0.44341
1766.1,0.44342
1766.7,0.4434
1767.3,0.44341
1767.9,0.4434
1768.5,0.44334
1769.1,0.44335
1769.7,0.44342
1770.3,0.44339
1770.9,0.44333
1771.5,0.44336
1772.1,0.4434
1772.7,0.44338
1773.3,0.44335
1773.9,0.44333
1774.6,0.44332
1775.2,0.44333
1775.8,0.44338
1776.4,0.44337
1777.0,0.44335
1777.6,0.44328
1778.2,0.44322
1778.8,0.44319
1779.4,0.44324
1780.0,0.44327
1780.7,0.44324
1781.3,0.44327
1781.9,0.44334
1782.5,0.44333
1783.1,0.44325
1783.7,0.44323
1784.3,0.44328
1784.9,0.44328
1785.6,0.44326
1786.2,0.44322
1786.8,0.44323
1787.4,0.44323
1788.0,0.44326
1788.6,0.44329
1789.3,0.44324
1789.9,0.44317
1790.5,0.44319
1791.1,0.44318
1791.7,0.44317
1792.3,0.44319
1793.0,0.44318
1793.6,0.44312
1794.2,0.44311
1794.8,0.44315
1795.4,0.44317
1796.1,0.44315
1796.7,0.44315
1797.3,0.44314
1797.9,0.44315
1798.6,0.44319
1799.2,0.4432
1799.8,0.44316
1800.4,0.44316
1801.1,0.44316
1801.7,0.44311
1802.3,0.44313
1802.9,0.44316
1803.6,0.44316
1804.2,0.44311
1804.8,0.44309
1805.4,0.44313
1806.1,0.44316
1806.7,0.44315
1807.3,0.44311
1808.0,0.44314
1808.6,0.44314
1809.2,0.44315
1809.9,0.4432
1810.5,0.44321
1811.1,0.44314
1811.8,0.44305
1812.4,0.443
1813.0,0.44301
1813.7,0.44304
1814.3,0.44312
1814.9,0.44316
1815.6,0.44312
1816.2,0.44311
1816.8,0.44308
1817.5,0.4431
1818.1,0.44312
1818.8,0.4431
1819.4,0.44309
1820.0,0.44307
1820.7,0.44306
1821.3,0.44307
1821.9,0.44311
1822.6,0.4431
1823.2,0.44306
1823.9,0.44304
1824.5,0.44308
1825.2,0.44313
1825.8,0.44311
1826.4,0.44308
1827.1,0.4431
1827.7,0.44312
1828.4,0.4431
1829.0,0.44307
1829.7,0.44309
1830.3,0.44309
1831.0,0.44309
1831.6,0.44307
1832.3,0.44309
1832.9,0.44312
1833.6,0.44316
1834.2,0.44314
1834.8,0.44316
1835.5,0.44314
1836.1,0.44312
1836.8,0.44314
1837.4,0.44313
1838.1,0.44312
1838.8,0.44314
1839.4,0.44312
1840.1,0.44312
1840.7,0.44314
1841.4,0.44315
1842.0,0.44313
1842.7,0.44311
1843.3,0.44313
1844.0,0.44313
1844.6,0.44317
1845.3,0.44323
1845.9,0.44323
1846.6,0.44324
1847.3,0.44323
1847.9,0.44323
1848.6,0.44322
1849.2,0.44325
1849.9,0.44329
1850.6,0.44329
1851.2,0.44328
1851.9,0.44324
1852.6,0.44324
1853.2,0.44326
1853.9,0.44328
1854.5,0.44325
1855.2,0.44325
1855.9,0.44329
1856.5,0.4433
1857.2,0.44328
1857.9,0.44331
1858.5,0.44332
1859.2,0.44334
1859.9,0.44333
1860.5,0.4433
1861.2,0.44332
1861.9,0.44334
1862.5,0.44333
1863.2,0.44328
1863.9,0.44328
1864.5,0.44326
1865.2,0.44328
1865.9,0.44333
1866.6,0.44334
1867.2,0.44333
1867.9,0.44334
1868.6,0.4433
1869.2,0.44331
1869.9,0.44331
1870.6,0.4433
1871.3,0.44328
1871.9,0.44326
1872.6,0.44331
1873.3,0.44327
1874.0,0.44325
1874.7,0.44328
1875.3,0.44324
1876.0,0.44319
1876.7,0.44321
1877.4,0.44325
1878.0,0.44326
1878.7,0.44321
1879.4,0.44315
1880.1,0.4432
1880.8,0.44318
1881.4,0.4431
1882.1,0.44307
1882.8,0.4431
1883.5,0.44305
1884.2,0.44302
1884.9,0.44302
1885.6,0.44296
1886.2,0.44287
1886.9,0.44288
1887.6,0.44284
1888.3,0.44278
1889.0,0.44276
1889.7,0.4427
1890.4,0.44258
1891.1,0.44257
1891.8,0.44255
1892.4,0.44248
1893.1,0.44241
1893.8,0.44234
1894.5,0.44222
1895.2,0.44216
1895.9,0.44206
1896.6,0.44193
1897.3,0.4418
1898.0,0.44171
1898.7,0.44156
1899.4,0.44145
1900.1,0.44132
1900.8,0.44123
1901.5,0.44113
1902.2,0.44101
1902.9,0.44091
1903.6,0.44078
1904.3,0.44064
1905.0,0.44057
1905.7,0.44048
1906.4,0.44037
1907.1,0.44028
1907.8,0.44015
1908.5,0.44006
1909.2,0.44002
1909.9,0.43993
1910.6,0.43981
1911.3,0.43972
1912.0,0.4397
1912.7,0.43967
1913.4,0.4396
1914.1,0.43951
1914.8,0.43953
1915.5,0.43959
1916.2,0.43959
1916.9,0.43958
1917.6,0.43957
1918.3,0.43957
1919.1,0.43961
1919.8,0.43959
1920.5,0.43961
1921.2,0.43967
1921.9,0.43969
1922.6,0.43973
1923.3,0.43974
1924.0,0.43975
1924.8,0.43983
1925.5,0.43987
1926.2,0.4399
1926.9,0.43996
1927.6,0.43998
1928.3,0.44002
1929.1,0.44006
1929.8,0.44009
1930.5,0.44017
1931.2,0.44027
1931.9,0.44032
1932.7,0.44029
1933.4,0.4403
1934.1,0.44031
1934.8,0.44036
1935.5,0.4404
1936.3,0.44048
1937.0,0.4406
1937.7,0.44064
1938.4,0.44064
1939.2,0.44068
1939.9,0.44069
1940.6,0.44072
1941.3,0.44078
1942.1,0.44088
1942.8,0.44097
1943.5,0.44102
1944.2,0.44103
1945.0,0.44104
1945.7,0.44111
1946.4,0.44123
1947.2,0.44135
1947.9,0.44141
1948.6,0.44146
1949.4,0.44152
1950.1,0.44159
1950.8,0.44169
1951.6,0.44171
1952.3,0.44177
1953.0,0.44186
1953.8,0.4419
1954.5,0.44199
1955.2,0.44209
1956.0,0.44216
1956.7,0.44222
1957.5,0.44226
1958.2,0.44229
1958.9,0.44238
1959.7,0.44245
1960.4,0.44246
1961.2,0.44255
1961.9,0.44262
1962.6,0.44265
1963.4,0.44268
1964.1,0.44278
1964.9,0.44284
1965.6,0.44291
1966.4,0.44294
1967.1,0.443
1967.9,0.44311
1968.6,0.44317
1969.3,0.44314
1970.1,0.44316
1970.8,0.44324
1971.6,0.44331
1972.3,0.44335
1973.1,0.44336
1973.8,0.44345
1974.6,0.44358
1975.3,0.44363
1976.1,0.44366
1976.9,0.44371
1977.6,0.4438
1978.4,0.44391
1979.1,0.44397
1979.9,0.444
1980.6,0.44407
1981.4,0.44411
1982.2,0.44416
1982.9,0.44426
1983.7,0.44435
1984.4,0.44442
1985.2,0.44449
1985.9,0.44452
1986.7,0.44457
1987.5,0.44465
1988.2,0.44469
1989.0,0.44473
1989.8,0.44486
1990.5,0.44499
1991.3,0.44504
1992.1,0.44507
1992.8,0.44517
1993.6,0.44522
1994.3,0.44521
1995.1,0.44528
1995.9,0.4454
1996.7,0.44549
1997.4,0.44558
1998.2,0.44567
1999.0,0.44571
1999.7,0.44578
2000.5,0.4459
2001.3,0.44597
2002.1,0.44601
2002.8,0.44608
2003.6,0.44619
2004.4,0.44629
2005.2,0.44635
2005.9,0.44644
2006.7,0.44651
2007.5,0.44658
2008.3,0.44668
2009.0,0.44678
2009.8,0.44685
2010.6,0.4469
2011.4,0.44696
2012.2,0.44703
2012.9,0.44715
2013.7,0.44726
2014.5,0.44734
2015.3,0.44743
2016.1,0.44751
2016.8,0.44757
2017.6,0.44761
2018.4,0.44771
2019.2,0.44784
2020.0,0.4479
2020.8,0.44801
2021.6,0.44809
2022.3,0.44818
2023.1,0.44827
2023.9,0.44831
2024.7,0.44839
2025.5,0.44848
2026.3,0.44855
2027.1,0.44865
2027.9,0.44874
2028.7,0.4488
2029.5,0.44886
2030.3,0.44898
2031.1,0.4491
2031.9,0.44917
2032.7,0.44921
2033.5,0.44928
2034.3,0.44935
2035.1,0.44947
2035.8,0.44953
2036.7,0.44956
2037.4,0.44964
2038.3,0.44974
2039.1,0.44983
2039.9,0.44991
2040.7,0.45
2041.5,0.45009
2042.3,0.45015
2043.1,0.45024
2043.9,0.45031
2044.7,0.45037
2045.5,0.45045
2046.3,0.45058
2047.1,0.45069
2047.9,0.45071
2048.7,0.45075
2049.5,0.45086
2050.4,0.45093
2051.2,0.45098
2052.0,0.45106
2052.8,0.45116
2053.6,0.45122
2054.4,0.45126
2055.2,0.45132
2056.0,0.4514
2056.9,0.45149
2057.7,0.4516
2058.5,0.45168
2059.3,0.45173
2060.1,0.45177
2060.9,0.45184
2061.8,0.4519
2062.6,0.45197
2063.4,0.45203
2064.2,0.45208
2065.1,0.45211
2065.9,0.45213
2066.7,0.45219
2067.5,0.45232
2068.3,0.4524
2069.2,0.45241
2070.0,0.45243
2070.8,0.4525
2071.6,0.4526
2072.5,0.45271
2073.3,0.45274
2074.1,0.45283
2075.0,0.45288
2075.8,0.4529
2076.6,0.45297
2077.5,0.45303
2078.3,0.45304
2079.1,0.45309
2080.0,0.45316
2080.8,0.45327
2081.6,0.45337
2082.5,0.45338
2083.3,0.45339
2084.1,0.45344
2085.0,0.45348
2085.8,0.45356
2086.6,0.45365
2087.5,0.45374
2088.3,0.4538
2089.2,0.45389
2090.0,0.45397
2090.9,0.45398
2091.7,0.454
2092.6,0.4541
2093.4,0.45418
2094.2,0.45424
2095.1,0.45424
2095.9,0.45429
2096.8,0.45438
2097.6,0.45444
2098.5,0.45449
2099.3,0.45458
2100.2,0.45459
2101.0,0.45464
2101.9,0.45471
2102.7,0.45479
2103.6,0.45486
2104.4,0.45495
2105.3,0.45497
2106.1,0.455
2107.0,0.45503
2107.9,0.4551
2108.7,0.45517
2109.6,0.45522
2110.4,0.45524
2111.3,0.45528
2112.1,0.45527
2113.0,0.45535
2113.9,0.45545
2114.7,0.45548
2115.6,0.45551
2116.5,0.45561
2117.3,0.45573
2118.2,0.45579
2119.1,0.45585
2119.9,0.4559
2120.8,0.45593
2121.7,0.45603
2122.5,0.45608
2123.4,0.45612
2124.3,0.45619
2125.1,0.45628
2126.0,0.45632
2126.9,0.4563
2127.8,0.45635
2128.6,0.45647
2129.5,0.45648
2130.4,0.45655
2131.3,0.4566
2132.1,0.45664
2133.0,0.4567
2133.9,0.45674
2134.8,0.45682
2135.6,0.45692
2136.5,0.45698
2137.4,0.45703
2138.3,0.45709
2139.2,0.45719
2140.1,0.45723
2140.9,0.45729
2141.8,0.45729
2142.7,0.45731
2143.6,0.45738
2144.5,0.45744
2145.4,0.45752
2146.3,0.45763
2147.1,0.45772
2148.0,0.45781
2148.9,0.45783
2149.8,0.45785
2150.7,0.45787
2151.6,0.45796
2152.5,0.45803
2153.4,0.45807
2154.3,0.45809
2155.2,0.45818
2156.1,0.45827
2157.0,0.45828
2157.9,0.45829
2158.8,0.45833
2159.7,0.45833
2160.6,0.45834
2161.5,0.45838
2162.4,0.45844
2163.3,0.45848
2164.2,0.45852
2165.1,0.45856
2166.0,0.4586
2166.9,0.45864
2167.8,0.45866
2168.7,0.45862
2169.6,0.45863
2170.5,0.45862
2171.4,0.45862
2172.3,0.45866
2173.2,0.4587
2174.1,0.45873
2175.1,0.45878
2176.0,0.45879
2176.9,0.45877
2177.8,0.45878
2178.7,0.4588
2179.6,0.45877
2180.6,0.4588
2181.5,0.45884
2182.4,0.45883
2183.3,0.45884
2184.2,0.4589
2185.1,0.45896
2186.1,0.45896
2187.0,0.45898
2187.9,0.45905
2188.8,0.45907
2189.8,0.45908
2190.7,0.45908
2191.6,0.45908
2192.5,0.45908
2193.5,0.45909
2194.4,0.45915
2195.3,0.45922
2196.3,0.45922
2197.2,0.45927
2198.1,0.45927
2199.1,0.45931
2200.0,0.45935
2200.9,0.4594
2201.9,0.45946
2202.8,0.45951
2203.7,0.45954
2204.7,0.45961
2205.6,0.45967
2206.5,0.4597
2207.5,0.45972
2208.4,0.45977
2209.4,0.45982
2210.3,0.45989
2211.2,0.45993
2212.2,0.45994
2213.1,0.46003
2214.1,0.46008
2215.0,0.46008
2216.0,0.46017
2216.9,0.46023
2217.9,0.46025
2218.8,0.46021
2219.8,0.46019
2220.7,0.4602
2221.7,0.46024
2222.6,0.46025
2223.6,0.46022
2224.5,0.46021
2225.5,0.46022
2226.4,0.46017
2227.4,0.46007
2228.4,0.46005
2229.3,0.46003
2230.3,0.45997
2231.2,0.4599
2232.2,0.45979
2233.1,0.45965
2234.1,0.45956
2235.1,0.45954
2236.0,0.45943
2237.0,0.4593
2238.0,0.45912
2238.9,0.45902
2239.9,0.45895
2240.9,0.45884
2241.8,0.45866
2242.8,0.45851
2243.8,0.45838
2244.8,0.45828
2245.7,0.45815
2246.7,0.45804
2247.7,0.45792
2248.6,0.45788
2249.6,0.45785
2250.6,0.45776
2251.6,0.45772
2252.6,0.45774
2253.5,0.45775
2254.5,0.45777
2255.5,0.45783
2256.5,0.45793
2257.5,0.45798
2258.4,0.45808
2259.4,0.45812
2260.4,0.45817
2261.4,0.45833
2262.4,0.45848
2263.4,0.45856
2264.4,0.45864
2265.4,0.45874
2266.3,0.45886
2267.3,0.45889
2268.3,0.45892
2269.3,0.45892
2270.3,0.459
2271.3,0.45911
2272.3,0.45917
2273.3,0.4592
2274.3,0.45923
2275.3,0.45923
2276.3,0.4593
2277.3,0.45934
2278.3,0.45931
2279.3,0.45926
2280.3,0.45924
2281.3,0.45919
2282.3,0.45913
2283.3,0.45908
2284.3,0.45897
2285.3,0.45885
2286.3,0.45872
2287.3,0.45851
2288.3,0.45828
2289.4,0.45806
2290.4,0.45794
2291.4,0.45781
2292.4,0.45769
2293.4,0.45757
2294.4,0.45753
2295.4,0.45751
2296.4,0.45743
2297.5,0.45727
2298.5,0.45718
2299.5,0.4571
2300.5,0.45701
2301.6,0.45693
2302.6,0.45689
2303.6,0.45682
2304.6,0.45668
2305.6,0.45647
2306.7,0.45628
2307.7,0.45602
2308.7,0.45575
2309.8,0.45548
2310.8,0.45523
2311.8,0.45496
2312.8,0.45475
2313.9,0.45458
2314.9,0.45445
2315.9,0.45437
2317.0,0.45434
2318.0,0.45433
2319.1,0.45434
2320.1,0.45426
2321.1,0.45413
2322.2,0.454
2323.2,0.45386
2324.3,0.45366
2325.3,0.45361
2326.3,0.45364
2327.4,0.45364
2328.4,0.45369
2329.5,0.4537
2330.5,0.45366
2331.6,0.45365
2332.6,0.45357
2333.7,0.45349
2334.7,0.45341
2335.8,0.45337
2336.8,0.45336
2337.9,0.45342
2338.9,0.45346
2340.0,0.45343
2341.0,0.45342
2342.1,0.45348
2343.1,0.45349
2344.2,0.45352
2345.3,0.45357
2346.3,0.4536
2347.4,0.45366
2348.5,0.45368
2349.5,0.45358
2350.6,0.45357
2351.7,0.45354
2352.7,0.45355
2353.8,0.45359
2354.9,0.45364
2355.9,0.45369
2357.0,0.45386
2358.1,0.45408
2359.1,0.45428
2360.2,0.45451
2361.3,0.45482
2362.4,0.45518
2363.4,0.45556
2364.5,0.45588
2365.6,0.45618
2366.7,0.45657
2367.8,0.45701
2368.9,0.45739
2369.9,0.45771
2371.0,0.45798
2372.1,0.45825
2373.2,0.45851
2374.3,0.45873
2375.4,0.45886
2376.4,0.45904
2377.5,0.45912
2378.6,0.45919
2379.7,0.45925
2380.8,0.4593
2381.9,0.45936
2383.0,0.4594
2384.1,0.45937
2385.2,0.45935
2386.3,0.45935
2387.4,0.45934
2388.5,0.45935
2389.6,0.45942
2390.7,0.45941
2391.8,0.45938
2392.9,0.45941
2394.0,0.45952
2395.1,0.45958
2396.2,0.4597
2397.3,0.45982
2398.4,0.45992
2399.5,0.46003
2400.6,0.46017
2401.8,0.46025
2402.9,0.46032
2404.0,0.46042
2405.1,0.46057
2406.2,0.46064
2407.3,0.46072
2408.5,0.46076
2409.6,0.46079
2410.7,0.46083
2411.8,0.46088
2412.9,0.46089
2414.1,0.46091
2415.2,0.46093
2416.3,0.46098
2417.4,0.46093
2418.6,0.46098
2419.7,0.46099
2420.8,0.46094
2422.0,0.46093
2423.1,0.46097
2424.2,0.46092
2425.4,0.46091
2426.5,0.46086
2427.6,0.46078
2428.8,0.46071
2429.9,0.46068
2431.1,0.46062
2432.2,0.46058
2433.3,0.46056
2434.5,0.46051
2435.6,0.46048
2436.8,0.46048
2437.9,0.46046
2439.1,0.4604
2440.2,0.46036
2441.4,0.46039
2442.5,0.46039
2443.6,0.46038
2444.8,0.46032
2445.9,0.46032
2447.1,0.4603
2448.3,0.46026
2449.4,0.46021
2450.6,0.46022
2451.7,0.46016
2452.9,0.46015
2454.1,0.46009
2455.2,0.45999
2456.4,0.45987
2457.6,0.45986
2458.7,0.45982
2459.9,0.45972
2461.1,0.45962
2462.2,0.45957
2463.4,0.45953
2464.6,0.45947
2465.7,0.45934
2466.9,0.45931
2468.1,0.4593
2469.3,0.45931
2470.4,0.45922
2471.6,0.45915
2472.8,0.45909
2474.0,0.45904
2475.1,0.45896
2476.3,0.45893
2477.5,0.45891
2478.7,0.45898
2479.9,0.45893
2481.1,0.45898
2482.3,0.45906
2483.4,0.45905
2484.6,0.45905
2485.8,0.45911
2487.0,0.45917
2488.2,0.45921
2489.4,0.45917
2490.6,0.45908
2491.8,0.45903
2493.0,0.45902
2494.2,0.459
2495.4,0.45903
2496.6,0.45907
2497.8,0.4591
2499.0,0.45902
2500.2,0.45893
2501.4,0.45883
2502.6,0.45884
2503.8,0.4589
2505.0,0.45896
2506.3,0.4589
2507.5,0.45881
2508.7,0.45884
2509.9,0.45888
2511.1,0.45885
2512.3,0.4589
2513.5,0.45893
2514.8,0.45895
2516.0,0.45889
2517.2,0.4589
2518.4,0.45904
2519.6,0.45914
2520.9,0.45924
2522.1,0.45931
2523.3,0.45921
2524.6,0.45912
2525.8,0.45908
2527.0,0.45918
2528.2,0.45922
2529.5,0.45925
2530.7,0.45925
2531.9,0.45926
2533.2,0.45925
2534.4,0.45928
2535.7,0.45924
2536.9,0.4593
2538.1,0.45939
2539.4,0.45936
2540.6,0.45926
2541.9,0.45934
2543.1,0.45933
2544.4,0.45938
2545.6,0.45936
2546.9,0.45942
2548.1,0.45944
2549.4,0.45936
2550.6,0.45923
2551.9,0.45927
2553.1,0.45932
2554.4,0.45935
2555.6,0.45936
2556.9,0.4593
2558.2,0.45923
2559.4,0.45924
2560.7,0.45916
2562.0,0.45916
2563.2,0.4592
2564.5,0.45928
2565.8,0.45926
2567.0,0.4594
2568.3,0.45937
2569.6,0.45933
2570.9,0.45928
2572.1,0.45946
2573.4,0.45957
2574.7,0.45949
2576.0,0.45937
2577.3,0.45929
2578.5,0.45937
2579.8,0.45962
2581.1,0.45971
2582.4,0.45974
2583.7,0.45971
2585.0,0.45964
2586.2,0.45966
2587.5,0.45973
2588.8,0.45972
2590.1,0.45978
2591.4,0.45985
2592.7,0.45999
2594.0,0.46008
2595.3,0.45998
2596.6,0.45977
2597.9,0.46002
2599.2,0.46013
2600.5,0.46012
2601.8,0.46
2603.1,0.46003
2604.4,0.46008
2605.7,0.46015
2607.1,0.46005
2608.4,0.46009
2609.7,0.46004
2611.0,0.46005
2612.3,0.46001
2613.6,0.45988
2614.9,0.45991
2616.3,0.46003
2617.6,0.45986
2618.9,0.45993
2620.2,0.46008
2621.6,0.46006
2622.9,0.45997
2624.2,0.45992
2625.5,0.45989
2626.9,0.45997
2628.2,0.4599
2629.5,0.4599
2630.9,0.45977
2632.2,0.45971
2633.5,0.45964
2634.9,0.45959
2636.2,0.45948
2637.6,0.45944
2638.9,0.45916
2640.2,0.45903
2641.6,0.45896
2642.9,0.45894
2644.3,0.45879
2645.6,0.45861
2647.0,0.45834
2648.3,0.45814
2649.7,0.45782
2651.0,0.45769
2652.4,0.45744
2653.8,0.45722
2655.1,0.45696
2656.5,0.45677
2657.8,0.45647
2659.2,0.45623
2660.6,0.4557
2661.9,0.45523
2663.3,0.45488
2664.7,0.45474
2666.0,0.45419
2667.4,0.4535
2668.8,0.45269
2670.1,0.45199
2671.5,0.45035
2672.9,0.44926
2674.3,0.44833
2675.6,0.44734
2677.0,0.44584
2678.4,0.44454
2679.8,0.44311
2681.2,0.44145
2682.6,0.43955
2684.0,0.43751
2685.4,0.43515
2686.8,0.43254
2688.1,0.42959
2689.5,0.42669
2690.9,0.4232
2692.3,0.41965
2693.7,0.41525
2695.1,0.40995
2696.5,0.40368
2697.9,0.39592
2699.3,0.38735
2700.7,0.381
2702.1,0.37557
2703.6,0.36948
2705.0,0.36228
2706.4,0.35452
2707.8,0.34693
2709.2,0.34015
2710.6,0.33408
2712.0,0.32871
2713.5,0.32408
2714.9,0.32012
2716.3,0.31492
2717.7,0.30553
2719.1,0.29284
2720.6,0.28669
2722.0,0.28935
2723.4,0.29251
2724.9,0.29392
2726.3,0.29346
2727.7,0.29155
2729.2,0.28745
2730.6,0.2811
2732.0,0.27739
2733.5,0.27795
2734.9,0.27889
2736.4,0.2784
2737.8,0.27713
2739.3,0.27554
2740.7,0.2736
2742.2,0.27099
2743.6,0.26831
2745.1,0.26652
2746.5,0.26599
2748.0,0.26526
2749.4,0.26406
2750.9,0.2629
2752.3,0.26184
2753.8,0.26086
2755.3,0.26006
2756.7,0.25916
2758.2,0.25823
2759.7,0.25728
2761.1,0.25656
2762.6,0.25604
2764.1,0.25553
2765.6,0.25497
2767.0,0.25444
2768.5,0.25393
2770.0,0.25334
2771.5,0.2525
2772.9,0.25168
2774.4,0.25083
2775.9,0.24988
2777.4,0.24877
2778.9,0.2476
2780.4,0.24636
2781.9,0.24525
2783.4,0.24402
2784.9,0.24278
2786.4,0.24163
2787.9,0.24045
2789.4,0.23931
2790.9,0.23826
2792.4,0.2373
2793.9,0.23639
2795.4,0.23537
2796.9,0.23455
2798.4,0.23389
2799.9,0.23329
2801.4,0.23262
2802.9,0.23208
2804.4,0.23158
2806.0,0.2312
2807.5,0.23084
2809.0,0.23054
2810.5,0.23031
2812.1,0.23002
2813.6,0.22984
2815.1,0.22979
2816.6,0.22965
2818.2,0.22956
2819.7,0.22962
2821.2,0.22971
2822.8,0.22976
2824.3,0.22986
2825.8,0.22996
2827.4,0.22996
2828.9,0.22995
2830.5,0.23008
2832.0,0.23022
2833.6,0.23023
2835.1,0.23028
2836.7,0.23036
2838.2,0.23026
2839.8,0.23013
2841.3,0.22999
2842.9,0.22986
2844.4,0.22963
2846.0,0.22935
2847.6,0.22913
2849.1,0.22895
2850.7,0.22865
2852.3,0.22835
2853.8,0.22815
2855.4,0.22787
2857.0,0.22744
2858.6,0.22689
2860.1,0.22623
2861.7,0.22559
2863.3,0.22506
2864.9,0.22488
2866.4,0.22484
2868.0,0.22468
2869.6,0.2244
2871.2,0.2242
2872.8,0.22429
2874.4,0.22477
2876.0,0.22532
2877.6,0.22594
2879.2,0.22641
2880.8,0.2267
2882.4,0.22689
2884.0,0.22701
2885.6,0.22712
2887.2,0.22722
2888.8,0.22729
2890.4,0.22732
2892.0,0.22722
2893.6,0.22713
2895.3,0.22704
2896.9,0.22696
2898.5,0.22689
2900.1,0.22674
2901.7,0.22657
2903.4,0.22649
2905.0,0.22638
2906.6,0.22615
2908.3,0.22599
2909.9,0.22585
2911.5,0.22569
2913.1,0.22551
2914.8,0.22536
2916.4,0.22525
2918.1,0.22521
2919.7,0.22513
2921.4,0.22502
2923.0,0.22496
2924.7,0.22491
2926.3,0.22497
2928.0,0.22499
2929.6,0.22508
2931.3,0.22528
2932.9,0.22539
2934.6,0.22542
2936.3,0.22555
2937.9,0.22576
2939.6,0.22593
2941.2,0.22612
2942.9,0.22634
2944.6,0.22668
2946.3,0.227
2947.9,0.22723
2949.6,0.22743
2951.3,0.22778
2953.0,0.22812
2954.6,0.2283
2956.3,0.22842
2958.0,0.22863
2959.7,0.22898
2961.4,0.22923
2963.1,0.22944
2964.8,0.2297
2966.5,0.22992
2968.2,0.23019
2969.9,0.23052
2971.6,0.23084
2973.3,0.23116
2975.0,0.23146
2976.7,0.23167
2978.4,0.23194
2980.1,0.23229
2981.8,0.23274
2983.6,0.23322
2985.3,0.2336
2987.0,0.23401
2988.7,0.23447
2990.4,0.2349
2992.2,0.23544
2993.9,0.23606
2995.6,0.23676
2997.4,0.2375
2999.1,0.2382
3000.8,0.23894
3002.6,0.23974
3004.3,0.24056
3006.0,0.24141
3007.8,0.24228
3009.5,0.24326
3011.3,0.24423
3013.0,0.24517
3014.8,0.24616
3016.5,0.24726
3018.3,0.24833
3020.0,0.24938
3021.8,0.25034
3023.6,0.2513
3025.3,0.25225
3027.1,0.25318
3028.9,0.25412
3030.6,0.25503
3032.4,0.25588
3034.2,0.25663
3036.0,0.25736
3037.7,0.25804
3039.5,0.25867
3041.3,0.2593
3043.1,0.2599
3044.9,0.26051
3046.7,0.26104
3048.4,0.26156
3050.2,0.26206
3052.0,0.26263
3053.8,0.26312
3055.6,0.26355
3057.4,0.264
3059.2,0.26445
3061.1,0.26487
3062.9,0.26532
3064.7,0.26572
3066.5,0.26613
3068.3,0.26655
3070.1,0.26702
3071.9,0.26754
3073.8,0.26802
3075.6,0.26846
3077.4,0.26901
3079.2,0.26952
3081.1,0.27005
3082.9,0.27061
3084.7,0.2711
3086.6,0.27164
3088.4,0.27227
3090.2,0.27288
3092.1,0.27356
3093.9,0.27429
3095.8,0.275
3097.6,0.27577
3099.5,0.27655
3101.3,0.27736
3103.2,0.27823
3105.0,0.27908
3106.9,0.28001
3108.8,0.28092
3110.6,0.28174
3112.5,0.2826
3114.4,0.28346
3116.2,0.28439
3118.1,0.28527
3120.0,0.28609
3121.9,0.28702
3123.7,0.28787
3125.6,0.28869
3127.5,0.28959
3129.4,0.29043
3131.3,0.29123
3133.2,0.29201
3135.1,0.29279
3137.0,0.29372
3138.9,0.29463
3140.8,0.29539
3142.7,0.29615
3144.6,0.29698
3146.5,0.29781
3148.4,0.29864
3150.3,0.29937
3152.2,0.30013
3154.1,0.30095
3156.1,0.30169
3158.0,0.3025
3159.9,0.30339
3161.8,0.30422
3163.8,0.30509
3165.7,0.30597
3167.6,0.30686
3169.6,0.30775
3171.5,0.30858
3173.4,0.30941
3175.4,0.31032
3177.3,0.31117
3179.3,0.31197
3181.2,0.31276
3183.2,0.3136
3185.1,0.3145
3187.1,0.31546
3189.1,0.31633
3191.0,0.31715
3193.0,0.31795
3194.9,0.31884
3196.9,0.31983
3198.9,0.3207
3200.9,0.3216
3202.9,0.32252
3204.8,0.32335
3206.8,0.32425
3208.8,0.32512
3210.8,0.32594
3212.8,0.32676
3214.8,0.32769
3216.8,0.32868
3218.8,0.32959
3220.8,0.33042
3222.8,0.33131
3224.8,0.33229
3226.8,0.33318
3228.8,0.33399
3230.8,0.33486
3232.8,0.33572
3234.8,0.33664
3236.8,0.33754
3238.9,0.33836
3240.9,0.33921
3242.9,0.33998
3244.9,0.3408
3247.0,0.34165
3249.0,0.34243
3251.0,0.34327
3253.1,0.34406
3255.1,0.34478
3257.2,0.34555
3259.2,0.34625
3261.3,0.34703
3263.3,0.34781
3265.4,0.34852
3267.4,0.34922
3269.5,0.34991
3271.6,0.35059
3273.6,0.35122
3275.7,0.35191
3277.8,0.35264
3279.8,0.35334
3281.9,0.35407
3284.0,0.35483
3286.1,0.35543
3288.1,0.35606
3290.2,0.35676
3292.3,0.35753
3294.4,0.3582
3296.5,0.35891
3298.6,0.35954
3300.7,0.36012
3302.8,0.36077
3304.9,0.36145
3307.0,0.36213
3309.1,0.36277
3311.2,0.36344
3313.4,0.36414
3315.5,0.36478
3317.6,0.36551
3319.7,0.36628
3321.9,0.36699
3324.0,0.36761
3326.1,0.36826
3328.3,0.36895
3330.4,0.36962
3332.5,0.37026
3334.7,0.37093
3336.8,0.37148
3339.0,0.37203
3341.1,0.37252
3343.3,0.37293
3345.4,0.37339
3347.6,0.37393
3349.8,0.37447
3351.9,0.37505
3354.1,0.37569
3356.3,0.37634
3358.4,0.37701
3360.6,0.37764
3362.8,0.3783
3365.0,0.37895
3367.1,0.37954
3369.3,0.38021
3371.5,0.38087
3373.7,0.3815
3375.9,0.38217
3378.1,0.38295
3380.3,0.3837
3382.5,0.38446
3384.7,0.38508
3386.9,0.38567
3389.1,0.38624
3391.4,0.38684
3393.6,0.38739
3395.8,0.38801
3398.0,0.38861
3400.3,0.3892
3402.5,0.38976
3404.7,0.39033
3407.0,0.39088
3409.2,0.39143
3411.4,0.39197
3413.7,0.39254
3415.9,0.39312
3418.2,0.3937
3420.4,0.39438
3422.7,0.39521
3425.0,0.39592
3427.2,0.39657
3429.5,0.39718
3431.8,0.39779
3434.0,0.39829
3436.3,0.3988
3438.6,0.39932
3440.9,0.39982
3443.2,0.40026
3445.4,0.40072
3447.7,0.40118
3450.0,0.40165
3452.3,0.40213
3454.6,0.40253
3456.9,0.40296
3459.2,0.40348
3461.6,0.40388
3463.9,0.4042
3466.2,0.4045
3468.5,0.40472
3470.8,0.4049
3473.1,0.40517
3475.5,0.40549
3477.8,0.40584
3480.1,0.40631
3482.5,0.40689
3484.8,0.40738
3487.2,0.4079
3489.5,0.4085
3491.9,0.40903
3494.2,0.40951
3496.6,0.41005
3498.9,0.41052
3501.3,0.41104
3503.6,0.41167
3506.0,0.41228
3508.4,0.41292
3510.8,0.41356
3513.1,0.414
3515.5,0.41442
3517.9,0.41476
3520.3,0.41525
3522.7,0.41586
3525.1,0.4164
3527.5,0.41684
3529.9,0.41734
3532.3,0.41789
3534.7,0.41843
3537.1,0.41891
3539.5,0.41938
3541.9,0.41986
3544.4,0.42026
3546.8,0.42062
3549.2,0.42105
3551.6,0.42145
3554.1,0.42185
3556.5,0.42221
3559.0,0.4226
3561.4,0.423
3563.9,0.42337
3566.3,0.4237
3568.8,0.4241
3571.2,0.42446
3573.7,0.42481
3576.1,0.42514
3578.6,0.42554
3581.1,0.42588
3583.6,0.4262
3586.0,0.42656
3588.5,0.42696
3591.0,0.42728
3593.5,0.42761
3596.0,0.42793
3598.5,0.42816
3601.0,0.42843
3603.5,0.42881
3606.0,0.42923
3608.5,0.42962
3611.0,0.4299
3613.5,0.43016
3616.0,0.43044
3618.6,0.43074
3621.1,0.43094
3623.6,0.4311
3626.1,0.43136
3628.7,0.43181
3631.2,0.43215
3633.8,0.43238
3636.3,0.43266
3638.9,0.433
3641.4,0.43329
3644.0,0.43354
3646.6,0.43378
3649.1,0.43395
3651.7,0.43417
3654.3,0.43448
3656.8,0.43481
3659.4,0.43508
3662.0,0.43527
3664.6,0.43551
3667.2,0.43567
3669.8,0.4359
3672.4,0.43624
3675.0,0.43655
3677.6,0.43671
3680.2,0.43696
3682.8,0.4372
3685.4,0.4374
3688.1,0.4376
3690.7,0.43785
3693.3,0.43809
3695.9,0.43836
3698.6,0.43864
3701.2,0.4388
3703.9,0.43892
3706.5,0.43908
3709.2,0.4393
3711.8,0.43951
3714.5,0.43964
3717.1,0.43986
3719.8,0.44003
3722.5,0.44029
3725.1,0.44063
3727.8,0.44085
3730.5,0.44084
3733.2,0.44101
3735.9,0.44126
3738.6,0.44137
3741.3,0.4415
3744.0,0.44163
3746.7,0.44182
3749.4,0.44206
3752.1,0.44221
3754.8,0.44231
3757.5,0.44254
3760.3,0.44278
3763.0,0.44296
3765.7,0.44311
3768.5,0.44318
3771.2,0.4433
3773.9,0.4435
3776.7,0.44363
3779.4,0.44371
3782.2,0.4438
3785.0,0.44392
3787.7,0.44399
3790.5,0.44393
3793.3,0.44398
3796.1,0.44401
3798.8,0.44414
3801.6,0.44425
3804.4,0.44428
3807.2,0.4443
3810.0,0.44429
3812.8,0.44425
3815.6,0.44424
3818.4,0.44421
3821.2,0.44426
3824.0,0.44422
3826.9,0.44406
3829.7,0.44401
3832.5,0.44403
3835.4,0.44396
3838.2,0.44385
3841.0,0.44389
3843.9,0.44396
3846.7,0.44393
3849.6,0.44402
3852.4,0.44402
3855.3,0.444
3858.2,0.44401
3861.1,0.44398
3863.9,0.44388
3866.8,0.44399
3869.7,0.44414
3872.6,0.44418
3875.5,0.44416
3878.4,0.44419
3881.3,0.4442
3884.2,0.44408
3887.1,0.44406
3890.0,0.44419
3892.9,0.44416
3895.9,0.44412
3898.8,0.44409
3901.7,0.44409
3904.7,0.44404
3907.6,0.44393
3910.6,0.44387
3913.5,0.44384
3916.5,0.44367
3919.4,0.44355
3922.4,0.44347
3925.4,0.44342
3928.3,0.4432
3931.3,0.44307
3934.3,0.44299
3937.3,0.44286
3940.3,0.44262
3943.3,0.44215
3946.3,0.44166
3949.3,0.44107
3952.3,0.44043
3955.3,0.43981
3958.3,0.43936
3961.3,0.43894
3964.4,0.43842
3967.4,0.43794
3970.4,0.43769
3973.5,0.43753
3976.5,0.43741
3979.6,0.43725
3982.6,0.43707
3985.7,0.43702
3988.8,0.43727
3991.8,0.43764
3994.9,0.43792
3998.0,0.43841
4001.1,0.439
4004.2,0.43933
4007.3,0.43972
4010.4,0.44019
4013.5,0.44055
4016.6,0.44076
4019.7,0.44081
4022.8,0.44096
4025.9,0.44116
4029.1,0.44135
4032.2,0.44139
4035.3,0.44139
4038.5,0.44154
4041.6,0.44174
4044.8,0.44176
4047.9,0.44181
4051.1,0.44184
4054.3,0.44166
4057.4,0.44154
4060.6,0.44162
4063.8,0.44153
4067.0,0.44135
4070.2,0.44117
4073.4,0.44113
4076.6,0.44096
4079.8,0.44077
4083.0,0.44057
4086.2,0.44046
4089.4,0.44031
4092.6,0.44004
4095.9,0.43977
4099.1,0.43966
4102.4,0.43956
4105.6,0.43939
4108.9,0.43927
4112.1,0.43905
4115.4,0.43891
4118.7,0.4387
4122.0,0.43851
4125.2,0.43826
4128.5,0.43815
4131.8,0.43794
4135.1,0.43777
4138.4,0.43755
4141.7,0.43738
4145.0,0.43711
4148.3,0.43688
4151.6,0.43659
4155.0,0.43637
4158.3,0.43609
4161.6,0.43586
4165.0,0.43553
4168.3,0.43527
4171.7,0.43497
4175.0,0.4347
4178.4,0.43439
4181.8,0.43417
4185.2,0.43386
4188.5,0.43359
4191.9,0.43323
4195.3,0.43293
4198.7,0.43255
4202.1,0.43224
4205.5,0.43186
4208.9,0.43153
4212.4,0.43109
4215.8,0.43068
4219.2,0.43015
4222.6,0.42971
4226.1,0.42919
4229.5,0.4287
4233.0,0.42816
4236.5,0.42769
4239.9,0.42721
4243.4,0.4268
4246.9,0.42632
4250.3,0.42588
4253.8,0.42533
4257.3,0.42487
4260.8,0.42429
4264.3,0.42374
4267.8,0.42307
4271.3,0.42249
4274.9,0.42191
4278.4,0.42139
4281.9,0.42076
4285.5,0.42025
4289.0,0.4196
4292.6,0.41898
4296.1,0.41828
4299.7,0.41765
4303.3,0.41692
4306.8,0.41625
4310.4,0.41553
4314.0,0.41485
4317.6,0.41407
4321.2,0.41338
4324.8,0.41263
4328.4,0.41196
4332.0,0.41122
4335.6,0.41054
4339.3,0.4098
4342.9,0.40918
4346.5,0.40851
4350.2,0.40792
4353.8,0.40729
4357.5,0.40672
4361.1,0.40606
4364.8,0.40548
4368.5,0.40485
4372.2,0.40433
4375.9,0.40373
4379.6,0.40321
4383.3,0.40267
4387.0,0.40219
4390.7,0.40165
4394.4,0.40116
4398.1,0.40062
4401.9,0.4002
4405.6,0.39977
4409.4,0.39936
4413.1,0.39887
4416.9,0.39849
4420.6,0.39808
4424.4,0.39772
4428.2,0.3973
4432.0,0.39693
4435.8,0.3965
4439.6,0.39614
4443.4,0.39568
4447.2,0.39529
4451.0,0.39481
4454.8,0.39435
4458.6,0.39381
4462.5,0.39337
4466.3,0.39283
4470.2,0.39236
4474.0,0.39176
4477.9,0.39119
4481.8,0.39055
4485.6,0.38996
4489.5,0.3893
4493.4,0.38868
4497.3,0.38796
4501.2,0.3873
4505.1,0.38655
4509.0,0.38586
4513.0,0.38509
4516.9,0.38432
4520.8,0.38345
4524.8,0.38262
4528.7,0.38165
4532.7,0.38073
4536.7,0.37974
4540.6,0.37879
4544.6,0.37775
4548.6,0.37674
4552.6,0.37562
4556.6,0.37452
4560.6,0.37333
4564.6,0.37219
4568.6,0.37094
4572.7,0.36976
4576.7,0.36846
4580.8,0.36716
4584.8,0.36578
4588.9,0.36447
4592.9,0.36305
4597.0,0.36171
4601.1,0.36033
4605.2,0.35907
4609.3,0.35779
4613.4,0.35662
4617.5,0.35543
4621.6,0.35435
4625.7,0.3532
4629.8,0.35221
4634.0,0.35114
4638.1,0.35014
4642.3,0.34913
4646.4,0.34821
4650.6,0.34725
4654.8,0.34635
4659.0,0.34534
4663.1,0.34441
4667.3,0.34345
4671.5,0.34257
4675.8,0.34162
4680.0,0.34074
4684.2,0.33978
4688.4,0.33888
4692.7,0.33791
4696.9,0.33702
4701.2,0.33601
4705.5,0.33506
4709.7,0.33399
4714.0,0.33294
4718.3,0.33181
4722.6,0.33073
4726.9,0.32953
4731.2,0.32836
4735.5,0.32711
4739.9,0.32595
4744.2,0.32472
4748.5,0.32353
4752.9,0.32231
4757.3,0.32118
4761.6,0.31995
4766.0,0.31883
4770.4,0.31767
4774.8,0.31662
4779.2,0.3155
4783.6,0.31444
4788.0,0.31333
4792.4,0.31229
4796.9,0.31117
4801.3,0.31009
4805.8,0.30888
4810.2,0.30769
4814.7,0.30645
4819.1,0.30525
4823.6,0.30395
4828.1,0.30272
4832.6,0.30151
4837.1,0.3005
4841.6,0.2995
4846.2,0.29858
4850.7,0.29768
4855.3,0.29687
4859.8,0.296
4864.4,0.29516
4868.9,0.29419
4873.5,0.29327
4878.1,0.29217
4882.7,0.29106
4887.3,0.28991
4891.9,0.28879
4896.5,0.28764
4901.1,0.28656
4905.8,0.28541
4910.4,0.28434
4915.1,0.28324
4919.7,0.28225
4924.4,0.28125
4929.1,0.28033
4933.8,0.27942
4938.5,0.27865
4943.2,0.27787
4947.9,0.27725
4952.6,0.2766
4957.4,0.27601
4962.1,0.27529
4966.9,0.2746
4971.6,0.27386
4976.4,0.27311
4981.2,0.27224
4986.0,0.27143
4990.8,0.27051
4995.6,0.26961
5000.4,0.26865
5005.2,0.26775
5010.0,0.26676
5014.9,0.26583
5019.8,0.26483
5024.6,0.2638
5029.5,0.26269
5034.4,0.26169
5039.3,0.26064
5044.2,0.25963
5049.1,0.2586
5054.0,0.25764
5058.9,0.25655
5063.9,0.25554
5068.8,0.25447
5073.8,0.25344
5078.8,0.25241
5083.7,0.25143
5088.7,0.25035
5093.7,0.24932
5098.7,0.24822
5103.7,0.24716
5108.8,0.24604
5113.8,0.245
5118.9,0.24381
5123.9,0.24264
5129.0,0.24142
5134.1,0.24024
5139.1,0.23898
5144.3,0.23783
5149.4,0.23661
5154.5,0.23547
5159.6,0.23436
5164.7,0.23332
5169.9,0.23234
5175.0,0.23144
5180.2,0.23049
5185.4,0.22962
5190.6,0.22872
5195.8,0.22797
5201.0,0.22715
5206.2,0.22631
5211.5,0.22552
5216.7,0.22474
5222.0,0.22388
5227.2,0.22314
5232.5,0.22232
5237.8,0.22157
5243.1,0.22077
5248.4,0.22002
5253.7,0.21923
5259.0,0.2185
5264.4,0.21774
5269.7,0.21705
5275.1,0.21631
5280.5,0.21565
5285.8,0.21494
5291.2,0.21429
5296.6,0.21351
5302.0,0.21283
5307.5,0.21215
5312.9,0.21151
5318.4,0.21073
5323.8,0.20999
5329.3,0.20921
5334.8,0.20847
5340.3,0.20767
5345.8,0.20689
5351.3,0.20599
5356.8,0.205
5362.4,0.20394
5367.9,0.20296
5373.5,0.20195
5379.0,0.20095
5384.6,0.19989
5390.2,0.19891
5395.8,0.19788
5401.5,0.19687
5407.1,0.1958
5412.7,0.19482
5418.4,0.19389
5424.1,0.19292
5429.7,0.19187
5435.4,0.191
5441.1,0.19018
5446.8,0.18944
5452.6,0.18867
5458.3,0.18815
5464.1,0.18773
5469.8,0.18731
5475.6,0.18697
5481.4,0.18674
5487.2,0.18645
5493.0,0.18633
5498.8,0.18617
5504.7,0.18613
5510.5,0.18602
5516.4,0.18597
5522.3,0.18589
5528.1,0.18578
5534.0,0.18554
5540.0,0.18524
5545.9,0.18472
5551.8,0.18412
5557.8,0.18327
5563.7,0.18248
5569.7,0.18179
5575.7,0.18123
5581.7,0.18055
5587.7,0.17989
5593.7,0.17923
5599.8,0.17876
5605.8,0.17823
5611.9,0.17777
5618.0,0.1773
5624.1,0.17692
5630.2,0.17658
5636.3,0.17633
5642.4,0.17605
5648.6,0.17574
5654.7,0.17538
5660.9,0.17512
5667.1,0.17485
5673.3,0.17477
5679.5,0.17453
5685.7,0.17431
5692.0,0.17406
5698.2,0.17383
5704.5,0.17355
5710.8,0.17342
5717.1,0.17307
5723.4,0.17266
5729.7,0.17216
5736.0,0.17176
5742.4,0.17122
5748.8,0.17069
5755.1,0.16987
5761.5,0.16933
5768.0,0.16853
5774.4,0.16752
5780.8,0.16656
5787.3,0.16565
5793.7,0.1646
5800.2,0.16366
5806.7,0.16262
5813.2,0.16175
5819.8,0.16084
5826.3,0.1597
5832.8,0.15839
5839.4,0.15719
5846.0,0.15593
5852.6,0.15481
5859.2,0.15363
5865.8,0.15244
5872.5,0.15123
5879.1,0.15033
5885.8,0.14883
5892.5,0.1476
5899.2,0.14618
5905.9,0.14463
5912.6,0.14315
5919.4,0.14167
5926.2,0.14014
5932.9,0.13888
5939.7,0.13715
5946.5,0.13541
5953.4,0.13384
5960.2,0.13248
5967.1,0.1312
5974.0,0.12982
5980.8,0.12853
5987.8,0.12745
5994.7,0.12624
6001.6,0.12529
6008.6,0.1246
6015.5,0.1242
6022.5,0.12378
6029.5,0.12355
6036.5,0.12345
6043.6,0.12358
6050.6,0.12357
6057.7,0.12317
6064.8,0.12294
6071.9,0.12297
6079.0,0.12285
6086.1,0.12277
6093.3,0.12275
6100.5,0.12288
6107.6,0.1231
6114.8,0.12335
6122.1,0.12333
6129.3,0.12338
6136.5,0.12351
6143.8,0.12371
6151.1,0.12383
6158.4,0.124
6165.7,0.12407
6173.1,0.12412
6180.4,0.12431
6187.8,0.12456
6195.2,0.1246
6202.6,0.12468
6210.0,0.12481
6217.5,0.12496
6225.0,0.12504
6232.4,0.12514
6239.9,0.12521
6247.5,0.1253
6255.0,0.12537
6262.5,0.12544
6270.1,0.12547
6277.7,0.1255
6285.3,0.12554
6292.9,0.12559
6300.6,0.12559
6308.3,0.12563
6315.9,0.12569
6323.6,0.12579
6331.4,0.12588
6339.1,0.12605
6346.9,0.12616
6354.6,0.12609
6362.4,0.12608
6370.3,0.12626
6378.1,0.12629
6385.9,0.12631
6393.8,0.12631
6401.7,0.12638
6409.6,0.12665
6417.6,0.12656
6425.5,0.12599
6433.5,0.12563
6441.5,0.1252
6449.5,0.12479
6457.5,0.12425
6465.6,0.12379
6473.6,0.12342
6481.7,0.12302
6489.8,0.12268
6498.0,0.12214
6506.1,0.12143
6514.3,0.12109
6522.5,0.12069
6530.7,0.1201
6539.0,0.11956
6547.2,0.11907
6555.5,0.11848
6563.8,0.11795
6572.1,0.11738
6580.4,0.11663
6588.8,0.11598
6597.2,0.11532
6605.6,0.11463
6614.0,0.11406
6622.5,0.11349
6630.9,0.11312
6639.4,0.1126
6647.9,0.11193
6656.5,0.11143
6665.0,0.11111
6673.6,0.11084
6682.2,0.11058
6690.8,0.11019
6699.5,0.10991
6708.1,0.10968
6716.8,0.10944
6725.5,0.10911
6734.3,0.10882
6743.0,0.10851
6751.8,0.10824
6760.6,0.10793
6769.4,0.10766
6778.3,0.10734
6787.1,0.10712
6796.0,0.10676
6805.0,0.10642
6813.9,0.10624
6822.9,0.10618
6831.9,0.10594
6840.9,0.10563
6849.9,0.1054
6859.0,0.10531
6868.0,0.10498
6877.2,0.10458
6886.3,0.1043
6895.5,0.10415
6904.6,0.10403
6913.8,0.10398
6923.1,0.1039
6932.3,0.10375
6941.6,0.10347
6950.9,0.10326
6960.2,0.10294
6969.6,0.10248
6979.0,0.10199
6988.4,0.10158
6997.8,0.10111
7007.3,0.10066
7016.8,0.10023
7026.3,0.09982
7035.8,0.09945
7045.4,0.09916
7054.9,0.09871
7064.5,0.09832
7074.2,0.09797
7083.9,0.09761
7093.5,0.0972
7103.3,0.09684
7113.0,0.09647
7122.8,0.09603
7132.6,0.09542
7142.4,0.09495
7152.2,0.09442
7162.1,0.09397
7172.0,0.09347
7182.0,0.09294
7191.9,0.0924
7201.9,0.09195
7211.9,0.09138
7222.0,0.09074
7232.0,0.0901
7242.1,0.0895
7252.3,0.08879
7262.4,0.08809
7272.6,0.08741
7282.8,0.08671
7293.1,0.08593
7303.3,0.08519
7313.6,0.08435
7324.0,0.08357
7334.3,0.08277
7344.7,0.08196
7355.1,0.08103
7365.6,0.08016
7376.1,0.07922
7386.6,0.07828
7397.1,0.07727
7407.7,0.07631
7418.3,0.07531
7428.9,0.07438
7439.6,0.07337
7450.2,0.0724
7461.0,0.0714
7471.7,0.07041
7482.5,0.06933
7493.3,0.06833
7504.1,0.06726
7515.0,0.06627
7525.9,0.06526
7536.9,0.06425
7547.9,0.06317
7558.9,0.06218
7569.9,0.06112
7581.0,0.06011
7592.0,0.05901
7603.2,0.05799
7614.4,0.05693
7625.5,0.05591
7636.8,0.0548
7648.0,0.05372
7659.3,0.0526
7670.7,0.05151
7682.0,0.05032
7693.4,0.04919
7704.9,0.048
7716.3,0.04684
7727.8,0.0456
7739.4,0.04445
7750.9,0.04328
7762.5,0.04212
7774.2,0.04085
7785.8,0.03971
7797.5,0.03853
7809.3,0.03744
7821.1,0.03628
7832.9,0.03518
7844.7,0.03404
7856.6,0.033
7868.5,0.03191
7880.5,0.03094
7892.5,0.02984
7904.5,0.02887
7916.6,0.02786
7928.7,0.02695
7940.8,0.02602
7953.0,0.02514
7965.2,0.02427
7977.5,0.02356
7989.8,0.02278
8002.1,0.02209
8014.5,0.02137
8026.9,0.02086
8039.3,0.02031
8051.8,0.01987
8064.3,0.01943
8076.9,0.01919
8089.5,0.01896
8102.1,0.01889
8114.8,0.01884
8127.5,0.01897
8140.3,0.01914
8153.1,0.01951
8165.9,0.01991
8178.8,0.02051
8191.7,0.02116
8204.7,0.02202
8217.7,0.02292
8230.7,0.02396
8243.8,0.02506
8257.0,0.02628
8270.1,0.02739
8283.3,0.02852
8296.6,0.02944
8309.9,0.03024
8323.2,0.03081
8336.6,0.03122
8350.0,0.03136
8363.5,0.03142
8377.0,0.03133
8390.5,0.03132
8404.2,0.03131
8417.8,0.03138
8431.5,0.03142
8445.2,0.03164
8459.0,0.03181
8472.8,0.03199
8486.7,0.03208
8500.6,0.03221
8514.5,0.03232
8528.5,0.03249
8542.6,0.03264
8556.7,0.03285
8570.8,0.03299
8585.0,0.0332
8599.3,0.03329
8613.5,0.03345
8627.9,0.03358
8642.3,0.03377
8656.7,0.0339
8671.2,0.03416
8685.7,0.03432
8700.3,0.03451
8714.9,0.03466
8729.5,0.03482
8744.3,0.03491
8759.0,0.03513
8773.9,0.03536
8788.7,0.03559
8803.7,0.03573
8818.6,0.03601
8833.7,0.03622
8848.7,0.03642
8863.8,0.03656
8879.0,0.03674
8894.3,0.03679
8909.5,0.03681
8924.9,0.03675
8940.3,0.03672
8955.7,0.0366
8971.2,0.03646
8986.8,0.0362
9002.3,0.03599
9018.0,0.03567
9033.7,0.03535
9049.5,0.03499
9065.3,0.0347
9081.2,0.03431
9097.1,0.03392
9113.1,0.03357
9129.1,0.03328
9145.2,0.03302
9161.4,0.03289
9177.6,0.03272
9193.9,0.03276
9210.2,0.0328
9226.6,0.03293
9243.0,0.03315
9259.5,0.03353
9276.1,0.03389
9292.7,0.03435
9309.4,0.03474
9326.2,0.03514
9343.0,0.03547
9359.8,0.03579
9376.8,0.03599
9393.8,0.03619
9410.8,0.0363
9427.9,0.03654
9445.1,0.03669
9462.3,0.03697
9479.6,0.03733
9497.0,0.03771
9514.4,0.03806
9531.9,0.03845
9549.4,0.03883
9567.0,0.03928
9584.7,0.03963
9602.5,0.03997
9620.3,0.04021
9638.2,0.0405
9656.1,0.04075
9674.2,0.04092
9692.2,0.0409
9710.4,0.0409
9728.6,0.04084
9746.9,0.04071
9765.2,0.04045
9783.7,0.04026
9802.2,0.04006
9820.7,0.03991
9839.4,0.03975
9858.1,0.03977
9876.8,0.03976
9895.7,0.03979
9914.6,0.0398
9933.6,0.03995
9952.7,0.04006
9971.8,0.04022
9991.0,0.04042
10010.3,0.04064
10029.7,0.04081
10049.1,0.04106
10068.6,0.04125
10088.2,0.0415
10107.9,0.04179
10127.6,0.0421
10147.5,0.04223
10167.3,0.04226
10187.3,0.04214
10207.4,0.04206
10227.5,0.04209
10247.7,0.04233
10268.0,0.04267
10288.4,0.04325
10308.8,0.04386
10329.4,0.04462
10350.0,0.04543
10370.7,0.04633
10391.5,0.04717
10412.3,0.04808
10433.3,0.04898
10454.3,0.04983
10475.4,0.0504
10496.7,0.05081
10517.9,0.05108
10539.3,0.05137
10560.8,0.05159
10582.3,0.05186
10604.0,0.05209
10625.7,0.05226
10647.5,0.05234
10669.4,0.05254
10691.4,0.05267
10713.5,0.05287
10735.7,0.05308
10758.0,0.05325
10780.3,0.05339
10802.8,0.05356
10825.4,0.05357
10848.0,0.0535
10870.8,0.05331
10893.6,0.05317
10916.5,0.05296
10939.5,0.05272
10962.7,0.05237
10985.9,0.05213
11009.2,0.05196
11032.7,0.05192
11056.2,0.05186
11079.8,0.05188
11103.5,0.05186
11127.4,0.05189
11151.3,0.05188
11175.3,0.05193
11199.5,0.05198
11223.7,0.05214
11248.0,0.05233
11272.5,0.05262
11297.1,0.0529
11321.7,0.05322
11346.5,0.05342
11371.4,0.05367
11396.4,0.05383
11421.5,0.05397
11446.7,0.05394
11472.0,0.05377
11497.5,0.05355
11523.0,0.05338
11548.7,0.05307
11574.4,0.05289
11600.3,0.05279
11626.3,0.05277
11652.5,0.05277
11678.7,0.05274
11705.1,0.05271
11731.6,0.05287
11758.2,0.05296
11784.9,0.05299
11811.7,0.05301
11838.7,0.05313
11865.8,0.0533
11893.0,0.05359
11920.3,0.05389
11947.8,0.05409
11975.4,0.05426
12003.1,0.05455
12031.0,0.05472
12059.0,0.05478
12087.1,0.05474
12115.3,0.0548
12143.7,0.0548
12172.2,0.05475
12200.8,0.05449
12229.6,0.05411
12258.5,0.05359
12287.6,0.05297
12316.8,0.05221
12346.1,0.05135
12375.5,0.05031
12405.2,0.04917
12434.9,0.04793
12464.8,0.04668
12494.8,0.04528
12525.0,0.04389
12555.3,0.04249
12585.8,0.04119
12616.4,0.03987
12647.2,0.03851
12678.1,0.03716
12709.2,0.0359
12740.4,0.03475
12771.8,0.0338
12803.3,0.03301
12835.0,0.03248
12866.9,0.03182
12898.9,0.03132
12931.1,0.031
12963.4,0.03064
12995.9,0.03016
13028.5,0.02988
13061.3,0.02953
13094.3,0.02914
13127.5,0.02884
13160.8,0.02886
13194.3,0.02896
13228.0,0.02909
13261.8,0.02904
13295.8,0.02908
13330.0,0.02905
13364.3,0.02905
13398.8,0.02899
13433.6,0.0289
13468.5,0.0287
13503.5,0.02848
13538.8,0.02818
13574.2,0.02796
13609.9,0.02778
13645.7,0.02773
13681.7,0.02766
13717.9,0.02769
13754.3,0.02782
13790.8,0.02817
13827.6,0.02836
13864.6,0.0285
13901.8,0.02861
13939.2,0.02861
13976.7,0.02843
14014.5,0.02826
14052.5,0.02783
14090.7,0.02731
14129.0,0.02678
14167.6,0.0264
14206.5,0.02601
14245.5,0.02563
14284.7,0.02522
14324.2,0.02488
14363.9,0.02446
14403.8,0.02413
14443.9,0.02392
14484.3,0.02385
14524.8,0.02375
14565.6,0.02371
14606.7,0.02356
14647.9,0.02356
14689.4,0.02351
14731.2,0.02342
14773.1,0.0233
14815.3,0.02332
14857.8,0.02326
14900.5,0.02326
14943.4,0.02321
14986.6,0.02332
15030.0,0.02352
15073.7,0.02377
15117.7,0.02406
15161.9,0.02454
15206.3,0.02505
15251.1,0.02576
15296.1,0.02661
15341.3,0.02768
15386.8,0.02886
15432.6,0.03027
15478.7,0.03153
15525.0,0.03269
15571.7,0.03364
15618.6,0.03443
15665.8,0.03496
15713.2,0.03539
15761.0,0.03562
15809.0,0.03585
15857.4,0.03589
15906.0,0.0359
15955.0,0.03574
16004.2,0.03547
16053.8,0.03495
16103.6,0.03443
16153.8,0.03386
16204.3,0.0333
16255.1,0.0328
16306.2,0.03256
16357.6,0.03261
16409.4,0.0331
16461.5,0.03379
16513.9,0.03465
16566.7,0.03543
16619.8,0.03631
16673.2,0.03716
16727.0,0.03802
16781.1,0.03878
16835.6,0.03953
16890.5,0.04014
16945.7,0.04059
17001.2,0.04079
17057.2,0.04089
17113.4,0.04073
17170.1,0.04057
17227.2,0.04039
17284.6,0.0403
17342.4,0.04032
17400.6,0.04055
17459.2,0.04096
17518.2,0.04153
17577.5,0.04193
17637.3,0.04247
17697.5,0.0425
17758.1,0.04224
17819.2,0.042
17880.6,0.04187
17942.5,0.04184
18004.8,0.04197
18067.5,0.04233
18130.7,0.04291
18194.3,0.04374
18258.4,0.04507
18322.9,0.04616
18387.9,0.04703
18453.3,0.04781
18519.2,0.04832
18585.6,0.04864
18652.4,0.04902
18719.8,0.04905
18787.6,0.04922
18855.9,0.04931
18924.7,0.04927
18994.1,0.04919
19063.9,0.04916
19134.2,0.04902
19205.1,0.04877
19276.5,0.04879
19348.4,0.04905
19420.9,0.04907
19493.9,0.0491
19567.5,0.04918
19641.6,0.04938
19716.3,0.04948
19791.5,0.04926
19867.3,0.0487
19943.8,0.04822
20020.8,0.04702
20098.4,0.04578
20176.6,0.04464
20255.4,0.04339
20334.8,0.04191
20414.9,0.04147
20495.6,0.04111
20576.9,0.04093
20658.9,0.04104
20741.5,0.04126
20824.8,0.04164
20908.8,0.04217
20993.4,0.04232
21078.8,0.04223
21164.8,0.04207
21251.6,0.04241
21339.0,0.04279
21427.2,0.04295
21516.1,0.04259
21605.8,0.04249
21696.2,0.04254
21787.3,0.04281
21879.3,0.04295
21972.0,0.04286
22065.5,0.04239
22159.7,0.04248
22254.8,0.04283
22350.8,0.04358
22447.5,0.04389
22545.1,0.04357
22643.6,0.04347
22742.9,0.04415
22843.1,0.0451
22944.2,0.04653
23046.2,0.04737
23149.0,0.04876
23252.8,0.05046
23357.6,0.0519
23463.3,0.05281
23569.9,0.05401
23677.5,0.05429
23786.1,0.05442
23895.8,0.05422
24006.4,0.05272
24118.0,0.05185
24230.7,0.05184
24344.5,0.05092
24459.4,0.05065
24575.3,0.05107
24692.3,0.05134
24810.4,0.05042
24929.7,0.05009
25050.2,0.04988
