Composition,
Date Added,2004-05-14
Formula,
Grain Size Description,<1000.0um
Grain Size,710.0 - 1000.0
Locality,
Minimum Wavelength,300
Sample Name,WAR-4524
Maximum Wavelength,49859
Database of Origin,ReLab
Other Information,
References,
Resolution,4.0
Material Class,Mineral
Sample Description,From ASU TES spectral library to contribute to the CRISM spectral library for Mars
Sample ID,BKR1SR048
Original Sample ID,SR-JFM-048
Viewing Geometry,
Wavelength,Response
300.0,53.72
305.0,62.55
310.0,65.16
315.0,69.41
320.0,72.31
325.0,73.2
330.0,74.86
335.0,76.23
340.0,76.36
345.0,77.22
350.0,78.37
355.0,79.13
360.0,79.36
365.0,79.29
370.0,79.71
375.0,80.17
380.0,80.45
385.0,80.97
390.0,81.16
395.0,81.62
400.0,81.8
405.0,81.62
410.0,81.67
415.0,81.6
420.0,81.6
425.0,81.73
430.0,81.7
435.0,81.78
440.0,81.81
445.0,81.62
450.0,81.55
455.0,81.28
460.0,81.34
465.0,81.16
470.0,80.93
475.0,81.02
480.0,81.05
485.0,81.02
490.0,81.06
495.0,80.97
500.0,81.06
505.0,80.91
510.0,80.98
515.0,80.95
520.0,80.97
525.0,81.04
530.0,81.09
535.0,81.06
540.0,81.08
545.0,81.1
550.0,81.09
555.0,80.95
560.0,80.92
565.0,80.94
570.0,80.96
575.0,80.9
580.0,80.84
585.0,80.81
590.0,80.8
595.0,80.7
600.0,80.7
605.0,80.59
610.0,80.68
615.0,80.72
620.0,80.66
625.0,80.74
630.0,80.71
635.0,80.65
640.0,80.6
645.0,80.65
650.0,80.61
655.0,80.49
660.0,80.53
665.0,80.5
670.0,80.5
675.0,80.57
680.0,80.56
685.0,80.54
690.0,80.63
695.0,80.62
700.0,80.71
705.0,80.86
710.0,80.89
715.0,81.02
720.0,81.15
725.0,81.25
730.0,81.38
735.0,81.66
740.0,81.8
745.0,81.9
750.0,82.02
755.0,82.18
760.0,82.27
765.0,82.4
770.0,82.49
775.0,82.58
780.0,82.66
785.0,82.68
790.0,82.85
795.0,82.91
800.0,83.22
805.0,83.16
810.0,83.19
815.0,83.23
820.0,83.25
825.0,83.3
830.0,83.36
835.0,83.37
840.0,83.31
845.0,83.28
850.0,83.3
855.0,83.24
860.0,83.15
865.0,83.06
870.0,82.96
875.0,82.91
880.0,82.83
885.0,82.77
890.0,82.71
895.0,82.67
900.0,82.55
905.0,82.44
910.0,82.33
915.0,82.16
920.0,82.03
925.0,81.92
930.0,81.73
935.0,81.57
940.0,81.38
945.0,81.16
950.0,80.96
955.0,80.83
960.0,80.69
965.0,80.48
970.0,80.27
975.0,80.09
980.0,79.87
985.0,79.59
990.0,79.44
995.0,79.23
1000.0,78.96
1005.0,78.73
1010.0,78.56
1015.0,78.35
1020.0,78.1
1025.0,77.88
1030.0,77.71
1035.0,77.51
1040.0,77.28
1045.0,77.07
1050.0,76.88
1055.0,76.65
1060.0,76.41
1065.0,76.17
1070.0,75.99
1075.0,75.81
1080.0,75.61
1085.0,75.42
1090.0,75.19
1095.0,75.04
1100.0,74.87
1105.0,74.66
1110.0,74.42
1115.0,74.29
1120.0,74.06
1125.0,73.86
1130.0,73.76
1135.0,73.71
1140.0,73.57
1145.0,73.47
1150.0,73.37
1155.0,73.21
1160.0,73.02
1165.0,72.96
1170.0,72.84
1175.0,72.71
1180.0,72.62
1185.0,72.52
1190.0,72.34
1195.0,72.24
1200.0,72.17
1205.0,72.0
1210.0,71.95
1215.0,71.82
1220.0,71.7
1225.0,71.49
1230.0,71.38
1235.0,71.2
1240.0,71.09
1245.0,70.97
1250.0,70.88
1255.0,70.8
1260.0,70.66
1265.0,70.51
1270.0,70.33
1275.0,70.1
1280.0,69.93
1285.0,69.76
1290.0,69.67
1295.0,69.63
1300.0,69.61
1305.0,69.52
1310.0,69.49
1315.0,69.47
1320.0,69.36
1325.0,69.26
1330.0,69.18
1335.0,69.12
1340.0,68.99
1345.0,68.85
1350.0,68.67
1355.0,68.53
1360.0,68.39
1365.0,68.28
1370.0,68.25
1375.0,68.11
1380.0,68.04
1385.0,67.98
1390.0,67.87
1395.0,67.66
1400.0,67.57
1405.0,67.46
1410.0,67.4
1415.0,67.37
1420.0,67.34
1425.0,67.33
1430.0,67.36
1435.0,67.41
1440.0,67.37
1445.0,67.31
1450.0,67.26
1455.0,67.2
1460.0,67.09
1465.0,67.13
1470.0,67.09
1475.0,67.04
1480.0,66.99
1485.0,66.96
1490.0,66.86
1495.0,66.82
1500.0,66.75
1505.0,66.71
1510.0,66.64
1515.0,66.58
1520.0,66.53
1525.0,66.55
1530.0,66.47
1535.0,66.45
1540.0,66.46
1545.0,66.53
1550.0,66.46
1555.0,66.54
1560.0,66.57
1565.0,66.53
1570.0,66.41
1575.0,66.43
1580.0,66.27
1585.0,66.24
1590.0,66.17
1595.0,66.15
1600.0,66.12
1605.0,66.11
1610.0,66.07
1615.0,66.03
1620.0,65.96
1625.0,65.9
1630.0,65.84
1635.0,65.8
1640.0,65.79
1645.0,65.79
1650.0,65.72
1655.0,65.72
1660.0,65.72
1665.0,65.71
1670.0,65.73
1675.0,65.82
1680.0,65.81
1685.0,65.76
1690.0,65.71
1695.0,65.72
1700.0,65.75
1705.0,65.63
1710.0,65.6
1715.0,65.63
1720.0,65.58
1725.0,65.68
1730.0,65.63
1735.0,65.6
1740.0,65.53
1745.0,65.43
1750.0,65.46
1755.0,65.56
1760.0,65.56
1765.0,65.5
1770.0,65.6
1775.0,65.6
1780.0,65.52
1785.0,65.58
1790.0,65.54
1795.0,65.5
1800.0,65.5
1805.0,65.53
1810.0,65.53
1815.0,65.58
1820.0,65.52
1825.0,65.51
1830.0,65.54
1835.0,65.57
1840.0,65.5
1845.0,65.48
1850.0,65.51
1855.0,65.43
1860.0,65.43
1865.0,65.51
1870.0,65.51
1875.0,65.4
1880.0,65.35
1885.0,65.2
1890.0,65.03
1895.0,65.05
1900.0,64.98
1905.0,64.84
1910.0,64.72
1915.0,64.57
1920.0,64.37
1925.0,64.25
1930.0,64.08
1935.0,64.03
1940.0,63.93
1945.0,63.88
1950.0,63.82
1955.0,63.66
1960.0,63.59
1965.0,63.71
1970.0,63.71
1975.0,63.62
1980.0,63.73
1985.0,63.8
1990.0,63.84
1995.0,63.82
2000.0,63.86
2005.0,63.96
2010.0,64.01
2015.0,64.09
2020.0,64.15
2025.0,64.22
2030.0,64.14
2035.0,64.14
2040.0,64.16
2045.0,64.18
2050.0,64.2
2055.0,64.33
2060.0,64.34
2065.0,64.39
2070.0,64.36
2075.0,64.42
2080.0,64.39
2085.0,64.39
2090.0,64.36
2095.0,64.41
2100.0,64.44
2105.0,64.44
2110.0,64.43
2115.0,64.47
2120.0,64.47
2125.0,64.45
2130.0,64.42
2135.0,64.48
2140.0,64.41
2145.0,64.49
2150.0,64.43
2155.0,64.43
2160.0,64.44
2165.0,64.34
2170.0,64.37
2175.0,64.35
2180.0,64.28
2185.0,64.24
2190.0,64.29
2195.0,64.25
2200.0,64.12
2201.9,64.28
2202.8,64.41
2203.7,64.38
2204.7,64.44
2205.6,64.4
2206.5,64.25
2207.5,64.11
2208.4,64.15
2209.4,64.15
2210.3,64.23
2211.3,64.47
2212.2,64.25
2213.1,64.02
2214.1,64.07
2215.0,64.2
2216.0,64.29
2216.9,64.23
2217.9,64.24
2218.8,64.25
2219.8,64.3
2220.7,64.33
2221.7,64.23
2222.6,64.3
2223.6,64.44
2224.5,64.4
2225.5,64.31
2226.4,64.14
2227.4,64.12
2228.4,64.19
2229.3,64.1
2230.3,64.11
2231.2,64.2
2232.2,64.27
2233.1,64.19
2234.1,64.0
2235.1,63.88
2236.0,63.89
2237.0,63.96
2238.0,63.92
2238.9,63.94
2239.9,63.94
2240.9,63.93
2241.8,63.87
2242.8,63.8
2243.8,63.87
2244.8,63.82
2245.7,63.83
2246.7,63.86
2247.7,63.8
2248.6,63.84
2249.6,63.85
2250.6,63.77
2251.6,63.63
2252.6,63.54
2253.5,63.66
2254.5,63.86
2255.5,63.94
2256.5,63.8
2257.5,63.68
2258.4,63.66
2259.4,63.81
2260.4,63.82
2261.4,63.74
2262.4,63.7
2263.4,63.76
2264.4,63.82
2265.4,63.75
2266.3,63.61
2267.3,63.74
2268.3,63.89
2269.3,63.87
2270.3,64.04
2271.3,64.07
2272.3,63.92
2273.3,63.91
2274.3,63.87
2275.3,63.92
2276.3,63.98
2277.3,63.86
2278.3,63.96
2279.3,63.94
2280.3,63.82
2281.3,64.05
2282.3,64.13
2283.3,63.97
2284.3,63.92
2285.3,64.04
2286.3,64.07
2287.3,64.11
2288.4,64.09
2289.4,64.0
2290.4,64.02
2291.4,64.07
2292.4,64.05
2293.4,63.98
2294.4,63.98
2295.4,63.99
2296.5,63.92
2297.5,63.84
2298.5,63.91
2299.5,63.92
2300.5,64.03
2301.6,64.02
2302.6,63.88
2303.6,63.95
2304.6,63.92
2305.6,63.93
2306.7,64.01
2307.7,64.07
2308.7,63.98
2309.8,63.9
2310.8,63.94
2311.8,63.99
2312.9,63.94
2313.9,63.95
2314.9,63.83
2315.9,63.84
2317.0,63.94
2318.0,63.95
2319.1,63.91
2320.1,63.73
2321.1,63.67
2322.2,63.76
2323.2,63.81
2324.3,63.78
2325.3,63.64
2326.3,63.63
2327.4,63.62
2328.4,63.57
2329.5,63.46
2330.5,63.43
2331.6,63.38
2332.6,63.57
2333.7,63.76
2334.7,63.57
2335.8,63.43
2336.8,63.35
2337.9,63.32
2338.9,63.4
2340.0,63.42
2341.0,63.42
2342.1,63.46
2343.2,63.43
2344.2,63.34
2345.3,63.41
2346.3,63.42
2347.4,63.17
2348.5,63.12
2349.5,63.22
2350.6,63.3
2351.7,63.3
2352.7,63.32
2353.8,63.49
2354.9,63.56
2355.9,63.56
2357.0,63.47
2358.1,63.27
2359.1,63.23
2360.2,63.37
2361.3,63.48
2362.4,63.44
2363.4,63.37
2364.5,63.4
2365.6,63.42
2366.7,63.5
2367.8,63.55
2368.9,63.58
2369.9,63.69
2371.0,63.75
2372.1,63.78
2373.2,63.76
2374.3,63.8
2375.4,63.79
2376.4,63.58
2377.5,63.58
2378.6,63.71
2379.7,63.78
2380.8,63.91
2381.9,63.83
2383.0,63.68
2384.1,63.83
2385.2,63.97
2386.3,63.92
2387.4,63.9
2388.5,63.96
2389.6,64.03
2390.7,63.95
2391.8,63.98
2392.9,64.07
2394.0,64.05
2395.1,63.99
2396.2,64.03
2397.3,64.13
2398.4,64.09
2399.6,64.11
2400.7,64.29
2401.8,64.32
2402.9,64.27
2404.0,64.23
2405.1,64.26
2406.2,64.31
2407.4,64.27
2408.5,64.27
2409.6,64.37
2410.7,64.45
2411.8,64.41
2412.9,64.42
2414.1,64.45
2415.2,64.44
2416.3,64.43
2417.4,64.43
2418.6,64.42
2419.7,64.59
2420.8,64.67
2422.0,64.55
2423.1,64.63
2424.2,64.72
2425.4,64.58
2426.5,64.55
2427.6,64.63
2428.8,64.66
2429.9,64.68
2431.1,64.7
2432.2,64.73
2433.3,64.65
2434.5,64.59
2435.6,64.53
2436.8,64.6
2437.9,64.7
2439.1,64.69
2440.2,64.62
2441.4,64.6
2442.5,64.71
2443.6,64.73
2444.8,64.72
2446.0,64.76
2447.1,64.79
2448.3,64.77
2449.4,64.76
2450.6,64.73
2451.7,64.73
2452.9,64.8
2454.1,64.86
2455.2,64.89
2456.4,64.87
2457.6,64.8
2458.7,64.82
2459.9,64.81
2461.1,64.8
2462.2,64.84
2463.4,64.78
2464.6,64.7
2465.7,64.75
2466.9,64.78
2468.1,64.8
2469.3,64.9
2470.4,64.76
2471.6,64.71
2472.8,64.79
2474.0,64.74
2475.1,64.79
2476.3,64.72
2477.5,64.74
2478.7,64.8
2479.9,64.84
2481.1,64.94
2482.3,64.95
2483.4,64.89
2484.6,64.87
2485.8,64.86
2487.0,64.89
2488.2,64.87
2489.4,64.88
2490.6,65.01
2491.8,64.93
2493.0,64.84
2494.2,64.82
2495.4,64.76
2496.6,64.78
2497.8,64.85
2499.0,64.9
2500.2,64.98
2501.4,65.02
2502.6,65.02
2503.8,64.95
2505.0,64.95
2506.3,64.92
2507.5,64.84
2508.7,64.93
2509.9,65.08
2511.1,64.99
2512.3,64.88
2513.5,64.88
2514.8,64.97
2516.0,65.01
2517.2,65.05
2518.4,65.05
2519.6,65.01
2520.9,64.99
2522.1,64.96
2523.3,65.03
2524.6,65.04
2525.8,64.96
2527.0,64.98
2528.3,65.04
2529.5,65.02
2530.7,64.92
2531.9,64.91
2533.2,64.9
2534.4,64.94
2535.7,65.03
2536.9,65.09
2538.1,65.09
2539.4,65.08
2540.6,65.06
2541.9,65.08
2543.1,65.13
2544.4,65.1
2545.6,65.02
2546.9,65.04
2548.1,65.08
2549.4,65.05
2550.6,64.98
2551.9,65.06
2553.1,65.19
2554.4,65.2
2555.7,65.01
2556.9,64.92
2558.2,64.96
2559.4,64.98
2560.7,65.03
2562.0,65.09
2563.2,65.07
2564.5,65.06
2565.8,65.1
2567.1,65.16
2568.3,65.08
2569.6,65.03
2570.9,65.13
2572.1,64.99
2573.4,65.02
2574.7,65.18
2576.0,65.04
2577.3,65.1
2578.5,65.16
2579.8,65.05
2581.1,65.03
2582.4,65.08
2583.7,65.15
2585.0,65.25
2586.3,65.07
2587.5,65.19
2588.8,65.36
2590.1,65.35
2591.4,65.26
2592.7,65.12
2594.0,65.01
2595.3,65.41
2596.6,65.56
2597.9,65.38
2599.2,65.22
2600.5,65.17
2601.8,65.19
2603.1,65.23
2604.4,65.16
2605.8,65.29
2607.1,65.48
2608.4,65.52
2609.7,65.48
2611.0,65.39
2612.3,65.28
2613.6,65.26
2614.9,65.24
2616.3,65.26
2617.6,65.59
2618.9,65.49
2620.2,65.43
2621.6,65.63
2622.9,65.4
2624.2,65.37
2625.5,65.43
2626.9,65.56
2628.2,65.55
2629.5,65.24
2630.9,65.41
2632.2,65.56
2633.5,65.5
2634.9,65.59
2636.2,65.58
2637.6,65.55
2638.9,65.48
2640.2,65.54
2641.6,65.55
2642.9,65.49
2644.3,65.44
2645.6,65.53
2647.0,65.56
2648.3,65.43
2649.7,65.31
2651.0,65.3
2652.4,65.39
2653.8,65.46
2655.1,65.41
2656.5,65.44
2657.8,65.31
2659.2,65.21
2660.6,65.25
2661.9,65.18
2663.3,65.11
2664.7,65.14
2666.0,65.22
2667.4,65.22
2668.8,65.1
2670.1,64.86
2671.5,65.04
2672.9,64.89
2674.3,64.79
2675.7,64.7
2677.0,64.67
2678.4,64.62
2679.8,64.61
2681.2,64.49
2682.6,64.22
2684.0,64.21
2685.4,64.19
2686.8,64.07
2688.1,63.99
2689.5,63.86
2690.9,63.64
2692.3,63.37
2693.7,63.28
2695.1,63.17
2696.5,62.82
2697.9,62.54
2699.3,62.31
2700.8,62.11
2702.1,61.79
2703.6,61.38
2705.0,61.14
2706.4,60.96
2707.8,60.62
2709.2,60.32
2710.6,60.07
2712.1,59.97
2713.5,59.71
2714.9,59.39
2716.3,59.0
2717.7,58.61
2719.2,58.14
2720.6,57.6
2722.0,57.12
2723.4,56.61
2724.9,56.41
2726.3,56.19
2727.7,55.85
2729.2,55.36
2730.6,54.76
2732.1,54.16
2733.5,53.6
2734.9,53.27
2736.4,53.02
2737.8,52.41
2739.3,51.7
2740.7,51.18
2742.2,50.67
2743.6,50.01
2745.1,49.32
2746.5,48.72
2748.0,48.26
2749.4,47.86
2750.9,47.41
2752.4,46.98
2753.8,46.55
2755.3,46.24
2756.7,46.23
2758.2,46.2
2759.7,46.13
2761.1,45.99
2762.6,45.85
2764.1,45.8
2765.6,45.88
2767.0,45.87
2768.5,45.82
2770.0,45.76
2771.5,45.68
2773.0,45.61
2774.4,45.45
2775.9,45.29
2777.4,45.11
2778.9,44.99
2780.4,44.86
2781.9,44.79
2783.4,44.73
2784.9,44.57
2786.4,44.43
2787.9,44.4
2789.4,44.26
2790.9,44.11
2792.4,43.88
2793.9,43.7
2795.4,43.62
2796.9,43.51
2798.4,43.38
2799.9,43.26
2801.4,43.09
2802.9,42.94
2804.4,42.82
2806.0,42.69
2807.5,42.58
2809.0,42.49
2810.5,42.43
2812.1,42.31
2813.6,42.17
2815.1,42.08
2816.6,42.03
2818.2,41.93
2819.7,41.79
2821.2,41.73
2822.8,41.72
2824.3,41.63
2825.9,41.64
2827.4,41.58
2828.9,41.55
2830.5,41.59
2832.0,41.53
2833.6,41.44
2835.1,41.41
2836.7,41.33
2838.2,41.27
2839.8,41.24
2841.3,41.18
2842.9,41.13
2844.4,41.07
2846.0,41.0
2847.6,40.93
2849.1,40.87
2850.7,40.85
2852.3,40.77
2853.8,40.72
2855.4,40.71
2857.0,40.65
2858.6,40.61
2860.1,40.56
2861.7,40.44
2863.3,40.41
2864.9,40.34
2866.5,40.26
2868.1,40.2
2869.6,40.14
2871.2,40.11
2872.8,40.18
2874.4,40.21
2876.0,40.12
2877.6,40.14
2879.2,40.22
2880.8,40.21
2882.4,40.14
2884.0,40.12
2885.6,40.21
2887.2,40.29
2888.8,40.32
2890.4,40.27
2892.0,40.22
2893.6,40.25
2895.3,40.27
2896.9,40.18
2898.5,40.16
2900.1,40.26
2901.8,40.35
2903.4,40.36
2905.0,40.38
2906.6,40.38
2908.3,40.32
2909.9,40.24
2911.5,40.24
2913.2,40.32
2914.8,40.29
2916.4,40.18
2918.1,40.11
2919.7,40.08
2921.4,40.07
2923.0,40.08
2924.7,40.08
2926.3,40.04
2928.0,39.97
2929.6,39.94
2931.3,39.94
2932.9,39.91
2934.6,39.87
2936.3,39.86
2937.9,39.88
2939.6,39.84
2941.3,39.86
2942.9,39.85
2944.6,39.8
2946.3,39.81
2947.9,39.8
2949.6,39.85
2951.3,39.92
2953.0,39.97
2954.7,39.99
2956.3,40.0
2958.0,39.99
2959.7,39.99
2961.4,40.05
2963.1,40.1
2964.8,40.16
2966.5,40.14
2968.2,40.21
2969.9,40.29
2971.6,40.36
2973.3,40.43
2975.0,40.47
2976.7,40.58
2978.4,40.71
2980.1,40.82
2981.8,40.9
2983.6,40.99
2985.3,41.07
2987.0,41.16
2988.7,41.25
2990.4,41.29
2992.2,41.32
2993.9,41.4
2995.6,41.52
2997.4,41.65
2999.1,41.8
3000.8,41.89
3002.6,41.97
3004.3,42.08
3006.1,42.16
3007.8,42.25
3009.5,42.34
3011.3,42.38
3013.0,42.39
3014.8,42.48
3016.5,42.53
3018.3,42.62
3020.1,42.72
3021.8,42.76
3023.6,42.76
3025.3,42.77
3027.1,42.85
3028.9,42.88
3030.6,42.92
3032.4,43.0
3034.2,43.11
3036.0,43.15
3037.7,43.15
3039.5,43.24
3041.3,43.36
3043.1,43.42
3044.9,43.52
3046.7,43.59
3048.5,43.6
3050.3,43.61
3052.1,43.6
3053.8,43.59
3055.6,43.73
3057.4,43.81
3059.3,43.85
3061.1,43.91
3062.9,44.02
3064.7,44.07
3066.5,44.09
3068.3,44.11
3070.1,44.08
3071.9,44.09
3073.8,44.18
3075.6,44.3
3077.4,44.35
3079.2,44.35
3081.1,44.43
3082.9,44.54
3084.7,44.6
3086.6,44.62
3088.4,44.65
3090.2,44.67
3092.1,44.73
3093.9,44.78
3095.8,44.84
3097.6,44.85
3099.5,44.82
3101.3,44.86
3103.2,44.99
3105.1,45.08
3106.9,45.11
3108.8,45.13
3110.6,45.14
3112.5,45.15
3114.4,45.22
3116.2,45.26
3118.1,45.33
3120.0,45.46
3121.9,45.51
3123.8,45.54
3125.6,45.59
3127.5,45.61
3129.4,45.58
3131.3,45.62
3133.2,45.77
3135.1,45.88
3137.0,45.92
3138.9,45.94
3140.8,46.04
3142.7,46.08
3144.6,46.11
3146.5,46.22
3148.4,46.28
3150.3,46.32
3152.2,46.36
3154.1,46.39
3156.1,46.45
3158.0,46.57
3159.9,46.64
3161.8,46.66
3163.8,46.78
3165.7,46.86
3167.6,46.93
3169.6,46.95
3171.5,46.94
3173.5,47.0
3175.4,47.17
3177.3,47.3
3179.3,47.4
3181.2,47.42
3183.2,47.46
3185.1,47.54
3187.1,47.67
3189.1,47.8
3191.0,47.86
3193.0,47.93
3195.0,48.02
3196.9,48.12
3198.9,48.21
3200.9,48.32
3202.9,48.42
3204.8,48.47
3206.8,48.61
3208.8,48.75
3210.8,48.83
3212.8,48.95
3214.8,49.04
3216.8,49.07
3218.8,49.16
3220.8,49.3
3222.8,49.42
3224.8,49.5
3226.8,49.62
3228.8,49.74
3230.8,49.85
3232.8,49.96
3234.8,50.04
3236.8,50.14
3238.9,50.28
3240.9,50.3
3242.9,50.27
3244.9,50.36
3247.0,50.41
3249.0,50.5
3251.1,50.62
3253.1,50.71
3255.1,50.79
3257.2,50.88
3259.2,50.99
3261.3,51.04
3263.3,51.08
3265.4,51.1
3267.4,51.17
3269.5,51.23
3271.6,51.28
3273.6,51.35
3275.7,51.39
3277.8,51.45
3279.8,51.53
3281.9,51.6
3284.0,51.65
3286.1,51.68
3288.2,51.74
3290.2,51.86
3292.3,51.93
3294.4,51.95
3296.5,52.04
3298.6,52.13
3300.7,52.15
3302.8,52.15
3304.9,52.23
3307.0,52.27
3309.1,52.29
3311.3,52.38
3313.4,52.43
3315.5,52.45
3317.6,52.43
3319.7,52.52
3321.9,52.63
3324.0,52.72
3326.1,52.83
3328.3,52.86
3330.4,52.85
3332.5,52.96
3334.7,53.01
3336.8,53.09
3339.0,53.18
3341.1,53.2
3343.3,53.27
3345.4,53.38
3347.6,53.41
3349.8,53.43
3351.9,53.5
3354.1,53.49
3356.3,53.5
3358.4,53.6
3360.6,53.77
3362.8,53.79
3365.0,53.8
3367.2,53.87
3369.4,53.92
3371.5,53.95
3373.7,53.99
3375.9,54.08
3378.1,54.15
3380.3,54.19
3382.5,54.22
3384.7,54.3
3386.9,54.41
3389.2,54.46
3391.4,54.49
3393.6,54.53
3395.8,54.59
3398.1,54.67
3400.3,54.73
3402.5,54.78
3404.7,54.81
3407.0,54.84
3409.2,54.87
3411.5,54.88
3413.7,54.89
3416.0,54.98
3418.2,55.09
3420.5,55.16
3422.7,55.2
3425.0,55.25
3427.3,55.34
3429.5,55.4
3431.8,55.48
3434.1,55.55
3436.3,55.65
3438.6,55.76
3440.9,55.78
3443.2,55.8
3445.5,55.88
3447.8,55.98
3450.1,56.04
3452.4,56.11
3454.6,56.17
3456.9,56.26
3459.3,56.32
3461.6,56.43
3463.9,56.47
3466.2,56.46
3468.5,56.49
3470.8,56.5
3473.2,56.54
3475.5,56.57
3477.8,56.62
3480.1,56.68
3482.5,56.7
3484.8,56.73
3487.2,56.82
3489.5,56.89
3491.9,56.87
3494.2,56.88
3496.6,56.92
3498.9,56.95
3501.3,57.02
3503.7,57.11
3506.0,57.14
3508.4,57.2
3510.8,57.28
3513.2,57.34
3515.5,57.37
3517.9,57.4
3520.3,57.47
3522.7,57.53
3525.1,57.58
3527.5,57.61
3529.9,57.67
3532.3,57.75
3534.7,57.8
3537.1,57.84
3539.5,57.89
3541.9,57.92
3544.4,57.94
3546.8,57.97
3549.2,58.0
3551.7,58.03
3554.1,58.07
3556.5,58.1
3559.0,58.12
3561.4,58.15
3563.9,58.21
3566.3,58.31
3568.8,58.37
3571.2,58.38
3573.7,58.37
3576.1,58.43
3578.6,58.45
3581.1,58.41
3583.6,58.47
3586.0,58.54
3588.5,58.59
3591.0,58.62
3593.5,58.64
3596.0,58.66
3598.5,58.7
3601.0,58.73
3603.5,58.74
3606.0,58.76
3608.5,58.83
3611.0,58.85
3613.5,58.88
3616.1,58.95
3618.6,58.96
3621.1,58.99
3623.6,59.0
3626.2,59.03
3628.7,59.09
3631.3,59.11
3633.8,59.13
3636.3,59.13
3638.9,59.14
3641.4,59.2
3644.0,59.26
3646.6,59.28
3649.1,59.29
3651.7,59.33
3654.3,59.37
3656.9,59.39
3659.4,59.4
3662.0,59.42
3664.6,59.49
3667.2,59.53
3669.8,59.53
3672.4,59.51
3675.0,59.5
3677.6,59.54
3680.2,59.58
3682.8,59.61
3685.4,59.6
3688.1,59.63
3690.7,59.66
3693.3,59.69
3695.9,59.7
3698.6,59.72
3701.2,59.73
3703.9,59.72
3706.5,59.77
3709.2,59.8
3711.8,59.84
3714.5,59.82
3717.1,59.81
3719.8,59.85
3722.5,59.88
3725.2,59.88
3727.8,59.84
3730.5,59.87
3733.2,59.91
3735.9,59.97
3738.6,60.0
3741.3,60.0
3744.0,60.04
3746.7,60.07
3749.4,60.07
3752.1,60.1
3754.8,60.07
3757.6,60.03
3760.3,60.05
3763.0,60.07
3765.7,60.05
3768.5,60.08
3771.2,60.13
3774.0,60.17
3776.7,60.18
3779.5,60.14
3782.2,60.1
3785.0,60.11
3787.7,60.13
3790.5,60.15
3793.3,60.16
3796.1,60.15
3798.8,60.14
3801.6,60.15
3804.4,60.17
3807.2,60.19
3810.0,60.17
3812.8,60.16
3815.6,60.17
3818.4,60.18
3821.2,60.15
3824.1,60.14
3826.9,60.15
3829.7,60.18
3832.5,60.18
3835.4,60.18
3838.2,60.17
3841.1,60.19
3843.9,60.16
3846.8,60.15
3849.6,60.17
3852.5,60.19
3855.3,60.17
3858.2,60.17
3861.1,60.18
3863.9,60.13
3866.8,60.09
3869.7,60.11
3872.6,60.12
3875.5,60.16
3878.4,60.16
3881.3,60.14
3884.2,60.13
3887.1,60.11
3890.0,60.13
3893.0,60.15
3895.9,60.16
3898.8,60.17
3901.7,60.17
3904.7,60.17
3907.6,60.15
3910.6,60.14
3913.5,60.13
3916.5,60.12
3919.4,60.07
3922.4,60.08
3925.4,60.1
3928.4,60.06
3931.3,60.05
3934.3,60.08
3937.3,60.09
3940.3,60.04
3943.3,60.03
3946.3,60.06
3949.3,60.07
3952.3,60.04
3955.3,59.97
3958.3,59.95
3961.4,59.96
3964.4,59.95
3967.4,59.96
3970.5,59.96
3973.5,59.91
3976.6,59.9
3979.6,59.88
3982.6,59.88
3985.7,59.88
3988.8,59.87
3991.9,59.88
3994.9,59.86
3998.0,59.85
4001.1,59.84
4004.2,59.83
4007.3,59.84
4010.4,59.84
4013.5,59.79
4016.6,59.75
4019.7,59.79
4022.8,59.8
4025.9,59.82
4029.1,59.84
4032.2,59.83
4035.3,59.8
4038.5,59.77
4041.6,59.78
4044.8,59.75
4047.9,59.74
4051.1,59.72
4054.3,59.7
4057.4,59.69
4060.6,59.65
4063.8,59.66
4067.0,59.66
4070.2,59.64
4073.4,59.62
4076.6,59.6
4079.8,59.6
4083.0,59.58
4086.2,59.56
4089.4,59.56
4092.7,59.54
4095.9,59.54
4099.1,59.51
4102.4,59.47
4105.6,59.44
4108.9,59.41
4112.1,59.4
4115.4,59.39
4118.7,59.32
4122.0,59.26
4125.2,59.23
4128.5,59.22
4131.8,59.2
4135.1,59.18
4138.4,59.14
4141.7,59.09
4145.0,59.09
4148.3,59.07
4151.6,59.02
4155.0,58.99
4158.3,58.92
4161.6,58.9
4165.0,58.84
4168.3,58.8
4171.7,58.75
4175.0,58.72
4178.4,58.63
4181.8,58.54
4185.2,58.5
4188.5,58.42
4191.9,58.4
4195.3,58.35
4198.7,58.22
4202.1,58.16
4205.5,58.07
4208.9,57.93
4212.4,57.83
4215.8,57.79
4219.2,57.68
4222.6,57.59
4226.1,57.49
4229.5,57.39
4233.0,57.29
4236.5,57.21
4239.9,57.15
4243.4,57.06
4246.9,56.96
4250.3,56.91
4253.8,56.85
4257.3,56.73
4260.8,56.58
4264.3,56.47
4267.8,56.33
4271.3,56.18
4274.9,56.03
4278.4,55.92
4281.9,55.82
4285.5,55.68
4289.0,55.56
4292.6,55.43
4296.1,55.32
4299.7,55.2
4303.3,55.04
4306.8,54.92
4310.4,54.78
4314.0,54.62
4317.6,54.49
4321.2,54.41
4324.8,54.26
4328.4,54.09
4332.0,53.94
4335.6,53.78
4339.3,53.61
4342.9,53.45
4346.5,53.26
4350.2,53.11
4353.8,52.97
4357.5,52.81
4361.1,52.66
4364.8,52.5
4368.5,52.32
4372.2,52.19
4375.9,52.02
4379.6,51.81
4383.3,51.62
4387.0,51.47
4390.7,51.29
4394.4,51.15
4398.1,50.99
4401.9,50.81
4405.6,50.64
4409.4,50.49
4413.1,50.32
4416.9,50.14
4420.6,49.96
4424.4,49.82
4428.2,49.66
4432.0,49.45
4435.8,49.27
4439.6,49.11
4443.4,48.96
4447.2,48.81
4451.0,48.62
4454.8,48.42
4458.6,48.24
4462.5,48.07
4466.3,47.85
4470.2,47.68
4474.0,47.56
4477.9,47.4
4481.8,47.23
4485.6,47.05
4489.5,46.85
4493.4,46.72
4497.3,46.61
4501.2,46.48
4505.1,46.28
4509.0,46.16
4513.0,46.01
4516.9,45.86
4520.8,45.68
4524.8,45.48
4528.7,45.29
4532.7,45.1
4536.7,44.88
4540.6,44.66
4544.6,44.47
4548.6,44.25
4552.6,44.0
4556.6,43.74
4560.6,43.52
4564.6,43.33
4568.6,43.1
4572.7,42.87
4576.7,42.64
4580.8,42.43
4584.8,42.22
4588.9,42.01
4592.9,41.78
4597.0,41.52
4601.1,41.28
4605.2,41.06
4609.3,40.83
4613.4,40.62
4617.5,40.4
4621.6,40.17
4625.7,39.96
4629.8,39.76
4634.0,39.55
4638.1,39.36
4642.3,39.18
4646.4,38.95
4650.6,38.74
4654.8,38.57
4659.0,38.4
4663.1,38.2
4667.3,38.03
4671.5,37.91
4675.8,37.76
4680.0,37.57
4684.2,37.39
4688.4,37.19
4692.7,37.04
4696.9,36.91
4701.2,36.75
4705.5,36.58
4709.7,36.41
4714.0,36.26
4718.3,36.09
4722.6,35.94
4726.9,35.78
4731.2,35.62
4735.5,35.46
4739.9,35.29
4744.2,35.09
4748.5,34.94
4752.9,34.8
4757.3,34.68
4761.6,34.55
4766.0,34.43
4770.4,34.33
4774.8,34.22
4779.2,34.12
4783.6,34.03
4788.0,33.93
4792.4,33.82
4796.9,33.68
4801.3,33.59
4805.8,33.51
4810.2,33.37
4814.7,33.22
4819.1,33.12
4823.6,33.0
4828.1,32.88
4832.6,32.79
4837.1,32.66
4841.6,32.53
4846.2,32.43
4850.7,32.33
4855.3,32.27
4859.8,32.16
4864.4,32.02
4868.9,31.89
4873.5,31.79
4878.1,31.69
4882.7,31.59
4887.3,31.51
4891.9,31.43
4896.5,31.33
4901.1,31.26
4905.8,31.16
4910.4,31.04
4915.1,30.93
4919.7,30.84
4924.4,30.79
4929.1,30.71
4933.8,30.59
4938.5,30.5
4943.2,30.41
4947.9,30.31
4952.6,30.21
4957.4,30.13
4962.1,30.04
4966.9,29.93
4971.6,29.84
4976.4,29.76
4981.2,29.63
4986.0,29.52
4990.8,29.41
4995.6,29.29
5000.4,29.15
5005.2,29.01
5010.0,28.89
5014.9,28.81
5019.8,28.68
5024.6,28.52
5029.5,28.35
5034.4,28.21
5039.3,28.01
5044.2,27.8
5049.1,27.61
5054.0,27.45
5058.9,27.31
5063.9,27.16
5068.8,26.99
5073.8,26.85
5078.8,26.72
5083.7,26.58
5088.7,26.47
5093.7,26.37
5098.7,26.27
5103.7,26.18
5108.8,26.08
5113.8,25.98
5118.9,25.89
5123.9,25.83
5129.0,25.76
5134.1,25.68
5139.1,25.61
5144.3,25.52
5149.4,25.44
5154.5,25.38
5159.6,25.32
5164.7,25.25
5169.9,25.18
5175.0,25.11
5180.2,25.03
5185.4,24.99
5190.6,24.94
5195.8,24.89
5201.0,24.85
5206.2,24.83
5211.5,24.77
5216.7,24.73
5222.0,24.66
5227.2,24.58
5232.5,24.5
5237.8,24.43
5243.1,24.38
5248.4,24.34
5253.7,24.26
5259.0,24.15
5264.4,24.12
5269.7,24.11
5275.1,24.08
5280.5,24.02
5285.8,23.91
5291.2,23.86
5296.6,23.86
5302.0,23.83
5307.5,23.72
5312.9,23.65
5318.4,23.65
5323.8,23.66
5329.3,23.63
5334.8,23.57
5340.3,23.5
5345.8,23.46
5351.3,23.43
5356.8,23.4
5362.4,23.36
5367.9,23.34
5373.5,23.28
5379.0,23.23
5384.6,23.16
5390.2,23.1
5395.8,23.08
5401.5,23.02
5407.1,22.98
5412.7,22.97
5418.4,22.9
5424.1,22.84
5429.7,22.81
5435.4,22.77
5441.1,22.71
5446.8,22.73
5452.6,22.76
5458.3,22.69
5464.1,22.66
5469.8,22.65
5475.6,22.62
5481.4,22.62
5487.2,22.62
5493.0,22.62
5498.8,22.59
5504.7,22.56
5510.5,22.54
5516.4,22.49
5522.3,22.45
5528.1,22.45
5534.0,22.42
5540.0,22.37
5545.9,22.31
5551.8,22.29
5557.8,22.28
5563.7,22.23
5569.7,22.16
5575.7,22.13
5581.7,22.11
5587.7,22.08
5593.7,21.99
5599.8,21.95
5605.8,21.92
5611.9,21.86
5618.0,21.8
5624.1,21.76
5630.2,21.73
5636.3,21.69
5642.4,21.68
5648.6,21.65
5654.7,21.62
5660.9,21.58
5667.1,21.52
5673.3,21.46
5679.5,21.41
5685.7,21.35
5692.0,21.32
5698.2,21.31
5704.5,21.23
5710.8,21.17
5717.1,21.13
5723.4,21.09
5729.7,21.03
5736.1,20.97
5742.4,20.9
5748.8,20.85
5755.1,20.79
5761.5,20.7
5768.0,20.68
5774.4,20.65
5780.8,20.57
5787.3,20.5
5793.7,20.44
5800.2,20.4
5806.7,20.33
5813.2,20.23
5819.7,20.16
5826.3,20.13
5832.8,20.06
5839.4,20.01
5846.0,19.96
5852.6,19.94
5859.2,19.89
5865.8,19.83
5872.5,19.72
5879.1,19.65
5885.8,19.7
5892.5,19.6
5899.2,19.57
5905.9,19.54
5912.6,19.46
5919.4,19.41
5926.2,19.34
5932.9,19.27
5939.7,19.23
5946.5,19.16
5953.4,19.07
5960.2,18.98
5967.1,18.88
5974.0,18.85
5980.8,18.78
5987.8,18.72
5994.7,18.65
6001.6,18.57
6008.6,18.52
6015.5,18.47
6022.5,18.38
6029.5,18.32
6036.5,18.26
6043.6,18.19
6050.6,18.17
6057.7,18.16
6064.8,18.04
6071.9,17.98
6079.0,17.93
6086.1,17.86
6093.3,17.83
6100.5,17.82
6107.6,17.74
6114.8,17.71
6122.1,17.73
6129.3,17.73
6136.5,17.67
6143.8,17.65
6151.1,17.62
6158.4,17.58
6165.7,17.57
6173.1,17.58
6180.4,17.53
6187.8,17.51
6195.2,17.48
6202.6,17.45
6210.0,17.44
6217.5,17.37
6225.0,17.32
6232.4,17.29
6239.9,17.24
6247.5,17.19
6255.0,17.16
6262.5,17.11
6270.1,17.06
6277.7,17.05
6285.3,17.01
6292.9,16.99
6300.6,16.97
6308.3,16.94
6315.9,16.93
6323.6,16.88
6331.4,16.86
6339.1,16.8
6346.9,16.81
6354.6,16.85
6362.4,16.81
6370.3,16.76
6378.1,16.72
6385.9,16.65
6393.8,16.61
6401.7,16.6
6409.6,16.56
6417.6,16.56
6425.5,16.5
6433.5,16.45
6441.5,16.38
6449.5,16.35
6457.5,16.34
6465.6,16.29
6473.6,16.26
6481.7,16.21
6489.8,16.11
6498.0,16.15
6506.1,16.18
6514.3,16.09
6522.5,16.01
6530.7,16.02
6538.9,16.02
6547.2,15.97
6555.5,15.95
6563.8,15.93
6572.1,15.88
6580.4,15.86
6588.8,15.84
6597.2,15.87
6605.6,15.85
6614.0,15.78
6622.5,15.72
6630.9,15.67
6639.4,15.65
6647.9,15.65
6656.5,15.6
6665.0,15.57
6673.6,15.5
6682.2,15.43
6690.8,15.37
6699.5,15.33
6708.1,15.3
6716.8,15.27
6725.5,15.24
6734.3,15.2
6743.0,15.14
6751.8,15.12
6760.6,15.07
6769.4,15.0
6778.3,14.95
6787.1,14.93
6796.0,14.92
6805.0,14.84
6813.9,14.81
6822.9,14.79
6831.9,14.72
6840.9,14.65
6849.9,14.56
6859.0,14.54
6868.0,14.54
6877.2,14.51
6886.3,14.45
6895.5,14.36
6904.6,14.29
6913.8,14.25
6923.1,14.18
6932.3,14.14
6941.6,14.08
6950.9,13.99
6960.2,13.91
6969.6,13.89
6979.0,13.76
6988.4,13.63
6997.8,13.54
7007.3,13.51
7016.8,13.43
7026.3,13.32
7035.8,13.26
7045.4,13.23
7054.9,13.13
7064.5,13.06
7074.2,12.97
7083.9,12.89
7093.5,12.79
7103.3,12.66
7113.0,12.56
7122.8,12.49
7132.6,12.37
7142.4,12.27
7152.2,12.2
7162.1,12.12
7172.0,11.98
7182.0,11.83
7191.9,11.72
7201.9,11.66
7211.9,11.59
7222.0,11.51
7232.0,11.4
7242.1,11.3
7252.3,11.18
7262.4,11.09
7272.6,10.98
7282.8,10.85
7293.1,10.73
7303.4,10.66
7313.6,10.62
7324.0,10.55
7334.3,10.42
7344.7,10.29
7355.1,10.17
7365.6,10.09
7376.1,10.01
7386.6,9.93
7397.1,9.78
7407.7,9.68
7418.3,9.62
7428.9,9.48
7439.6,9.37
7450.3,9.28
7461.0,9.14
7471.7,9.02
7482.5,8.87
7493.3,8.72
7504.1,8.59
7515.0,8.45
7525.9,8.29
7536.9,8.23
7547.9,8.12
7558.9,7.98
7569.9,7.85
7581.0,7.72
7592.0,7.58
7603.2,7.47
7614.4,7.32
7625.5,7.21
7636.8,7.14
7648.0,7.0
7659.3,6.85
7670.7,6.7
7682.0,6.53
7693.4,6.41
7704.9,6.29
7716.3,6.16
7727.8,6.0
7739.4,5.88
7750.9,5.74
7762.5,5.59
7774.2,5.49
7785.8,5.38
7797.5,5.22
7809.3,5.09
7821.1,4.98
7832.9,4.94
7844.7,4.86
7856.6,4.78
7868.5,4.68
7880.5,4.6
7892.5,4.57
7904.5,4.58
7916.6,4.62
7928.7,4.72
7940.8,4.87
7953.0,5.1
7965.2,5.42
7977.5,5.79
7989.8,6.28
8002.1,6.97
8014.5,7.79
8026.9,8.76
8039.3,9.97
8051.8,11.41
8064.3,13.07
8076.9,15.0
8089.5,17.21
8102.1,19.74
8114.8,22.61
8127.5,25.8
8140.3,29.38
8153.1,33.26
8165.9,37.53
8178.8,42.21
8191.7,47.19
8204.7,52.44
8217.7,57.98
8230.7,63.62
8243.8,69.31
8257.0,74.81
8270.1,80.04
8283.3,84.7
8296.6,88.7
8309.9,92.02
8323.2,94.71
8336.6,96.59
8350.0,98.0
8363.5,98.86
8377.0,99.35
8390.5,99.46
8404.2,99.39
8417.8,99.12
8431.5,98.82
8445.2,98.44
8459.0,98.11
8472.8,97.65
8486.7,97.23
8500.6,96.79
8514.5,96.35
8528.5,95.84
8542.6,95.43
8556.7,95.06
8570.8,94.86
8585.0,94.65
8599.3,94.51
8613.5,94.5
8627.9,94.66
8642.3,94.86
8656.7,95.08
8671.2,95.19
8685.7,95.37
8700.3,95.35
8714.9,95.2
8729.6,94.92
8744.3,94.61
8759.0,94.08
8773.9,93.49
8788.7,92.78
8803.7,92.06
8818.6,91.31
8833.7,90.55
8848.7,89.7
8863.8,88.82
8879.0,87.9
8894.3,86.97
8909.5,85.92
8924.9,84.91
8940.3,83.92
8955.7,83.06
8971.2,82.27
8986.8,81.46
9002.3,80.69
9018.0,80.01
9033.7,79.29
9049.5,78.69
9065.3,78.08
9081.2,77.49
9097.1,76.86
9113.1,76.26
9129.1,75.63
9145.2,75.07
9161.4,74.47
9177.6,73.9
9193.9,73.43
9210.2,73.19
9226.6,73.08
9243.0,73.23
9259.5,73.51
9276.1,74.02
9292.7,74.8
9309.4,75.79
9326.2,76.91
9343.0,78.21
9359.8,79.65
9376.8,81.19
9393.7,82.72
9410.8,84.29
9427.9,85.73
9445.1,87.16
9462.3,88.52
9479.6,89.95
9497.0,91.38
9514.4,92.83
9531.9,94.41
9549.4,96.11
9567.1,97.71
9584.7,99.24
9602.5,100.48
9620.3,101.63
9638.2,102.59
9656.1,103.37
9674.2,103.96
9692.2,104.43
9710.4,104.84
9728.6,105.33
9746.9,105.71
9765.2,106.25
9783.7,106.86
9802.2,107.6
9820.7,108.42
9839.4,109.43
9858.1,110.44
9876.8,111.41
9895.7,112.18
9914.6,112.9
9933.6,113.4
9952.7,113.69
9971.8,113.67
9991.0,113.44
10010.3,113.02
10029.7,112.46
10049.1,111.66
10068.6,110.89
10088.2,110.09
10107.9,109.3
10127.6,108.51
10147.4,107.86
10167.3,107.26
10187.3,106.81
10207.4,106.43
10227.5,106.23
10247.7,106.25
10268.0,106.49
10288.4,106.95
10308.8,107.57
10329.4,108.22
10350.0,108.91
10370.7,109.47
10391.5,110.01
10412.3,110.37
10433.3,110.6
10454.3,110.57
10475.5,110.43
10496.7,110.02
10517.9,109.39
10539.3,108.64
10560.8,107.88
10582.3,106.96
10604.0,105.99
10625.7,104.96
10647.5,103.88
10669.4,102.77
10691.4,101.93
10713.5,101.11
10735.7,100.38
10758.0,99.87
10780.3,99.49
10802.8,98.93
10825.4,98.24
10848.0,97.33
10870.8,96.21
10893.6,94.93
10916.5,93.58
10939.5,92.11
10962.7,90.64
10985.9,89.12
11009.2,87.65
11032.7,86.15
11056.2,84.68
11079.8,83.08
11103.5,81.57
11127.3,80.01
11151.3,78.39
11175.3,76.64
11199.5,74.87
11223.7,73.06
11248.0,71.33
11272.5,69.55
11297.1,67.92
11321.7,66.42
11346.5,64.93
11371.4,63.49
11396.4,62.17
11421.5,60.93
11446.7,59.79
11472.0,58.7
11497.5,57.7
11523.0,56.63
11548.7,55.59
11574.4,54.66
11600.3,53.82
11626.3,53.05
11652.5,52.29
11678.7,51.42
11705.1,50.54
11731.6,49.73
11758.2,48.99
11784.9,48.19
11811.7,47.49
11838.7,46.79
11865.8,46.06
11893.0,45.36
11920.3,44.72
11947.8,44.09
11975.4,43.41
12003.1,42.76
12031.0,42.06
12059.0,41.43
12087.1,40.84
12115.3,40.18
12143.7,39.53
12172.2,38.88
12200.8,38.12
12229.6,37.35
12258.5,36.73
12287.6,36.11
12316.8,35.44
12346.1,34.65
12375.5,33.97
12405.2,33.46
12434.9,32.9
12464.8,32.26
12494.8,31.62
12525.0,31.12
12555.3,30.71
12585.8,30.37
12616.4,30.22
12647.2,30.33
12678.1,30.7
12709.2,31.33
12740.4,32.09
12771.8,32.54
12803.3,32.84
12835.0,33.09
12866.9,33.35
12898.9,33.37
12931.1,33.19
12963.4,33.11
12995.9,33.05
13028.5,32.75
13061.3,32.46
13094.3,32.56
13127.5,32.71
13160.8,32.93
13194.3,33.33
13228.0,33.64
13261.8,33.97
13295.8,34.42
13330.0,34.72
13364.3,34.8
13398.9,34.82
13433.6,34.69
13468.5,34.43
13503.5,34.15
13538.8,33.89
13574.2,33.7
13609.9,33.45
13645.7,33.14
13681.7,32.86
13717.9,32.73
13754.3,32.69
13790.8,32.51
13827.6,32.19
13864.6,31.96
13901.8,31.59
13939.1,31.29
13976.7,30.95
14014.5,30.59
14052.5,30.27
14090.7,29.8
14129.0,29.21
14167.7,28.8
14206.5,28.47
14245.5,27.89
14284.7,27.34
14324.2,26.87
14363.9,26.39
14403.8,25.87
14443.9,25.36
14484.2,24.84
14524.8,24.38
14565.6,24.04
14606.7,23.59
14647.9,22.98
14689.4,22.59
14731.2,22.38
14773.1,22.09
14815.3,21.65
14857.8,21.31
14900.5,20.94
14943.4,20.55
14986.6,20.23
15030.0,20.32
15073.7,20.95
15117.7,22.43
15161.9,25.0
15206.3,28.88
15251.1,33.95
15296.1,39.55
15341.3,45.39
15386.8,51.0
15432.6,55.77
15478.7,59.46
15525.0,62.18
15571.7,64.1
15618.6,65.53
15665.8,66.54
15713.2,67.38
15761.0,68.0
15809.0,68.59
15857.4,69.15
15906.0,69.29
15955.0,68.84
16004.2,68.23
16053.8,67.79
16103.6,67.94
16153.8,69.05
16204.3,72.11
16255.1,76.5
16306.2,81.19
16357.6,85.82
16409.4,89.81
16461.5,92.97
16513.9,95.49
16566.7,97.49
16619.8,98.78
16673.2,99.62
16727.0,100.56
16781.1,101.77
16835.6,103.46
16890.5,105.34
16945.7,106.84
17001.2,107.93
17057.2,108.91
17113.4,109.8
17170.1,110.6
17227.2,111.12
17284.6,110.71
17342.4,109.44
17400.6,107.16
17459.2,104.09
17518.2,100.38
17577.6,96.26
17637.3,92.11
17697.5,88.06
17758.1,84.65
17819.2,82.11
17880.6,80.14
17942.5,78.32
18004.8,76.7
18067.5,75.34
18130.7,74.1
18194.3,73.24
18258.4,72.93
18322.9,72.89
18387.9,72.87
18453.3,72.48
18519.2,71.17
18585.6,68.79
18652.4,65.78
18719.8,62.45
18787.6,59.54
18855.9,57.21
18924.8,55.31
18994.1,53.66
19063.9,52.22
19134.3,51.15
19205.1,50.06
19276.5,48.88
19348.5,47.74
19420.9,46.63
19493.9,45.31
19567.5,43.81
19641.6,42.37
19716.3,41.04
19791.6,39.76
19867.4,38.45
19943.8,37.23
20020.8,36.16
20098.4,35.0
20176.6,33.77
20255.4,32.96
20334.8,32.54
20414.9,32.68
20495.6,33.61
20576.9,35.25
20658.9,37.6
20741.6,40.17
20824.8,42.52
20908.8,44.69
20993.4,46.97
21078.8,49.16
21164.8,50.9
21251.6,52.02
21339.0,52.34
21427.2,51.94
21516.1,50.85
21605.8,49.27
21696.2,47.46
21787.3,45.78
21879.3,44.35
21972.0,43.66
22065.5,44.25
22159.8,46.13
22254.9,48.63
22350.8,50.87
22447.5,52.77
22545.1,54.55
22643.6,56.37
22742.9,58.19
22843.1,59.91
22944.2,61.51
23046.1,63.19
23149.0,65.43
23252.8,67.93
23357.6,70.26
23463.3,72.23
23569.9,73.89
23677.6,75.28
23786.2,76.48
23895.8,77.51
24006.4,78.56
24118.1,79.94
24230.8,82.03
24344.5,84.85
24459.3,87.78
24575.3,90.6
24692.3,93.1
24810.4,95.2
24929.7,97.16
25050.1,99.26
25171.7,101.26
25294.5,103.04
25418.5,104.91
25543.7,106.38
25670.2,107.36
25797.9,107.82
25926.9,107.79
26057.2,107.19
26188.8,106.43
26321.7,105.81
26456.0,105.57
26591.7,105.87
26728.8,106.35
26867.2,107.04
27007.2,108.27
27148.6,109.11
27291.5,109.03
27435.9,107.83
27581.8,105.91
27729.3,103.64
27878.4,101.24
28029.1,98.47
28181.4,95.89
28335.4,93.58
28491.1,91.09
28648.5,88.71
28807.7,86.94
28968.6,85.31
29131.3,83.72
29295.9,81.89
29462.4,80.21
29630.7,78.78
29801.0,77.85
29973.3,76.85
30147.6,75.94
30323.9,75.38
30502.3,75.07
30682.8,74.81
30865.4,74.77
31050.2,74.31
31237.2,73.92
31426.5,73.72
31618.2,73.54
31812.1,73.6
32008.5,73.45
32207.3,73.06
32408.6,72.19
32612.5,71.28
32818.9,70.43
33027.9,69.26
33239.6,68.04
33454.1,66.72
33671.3,65.15
33891.4,63.98
34114.3,63.1
34340.3,62.42
34569.2,61.93
34801.2,60.6
35036.3,59.5
35274.7,59.04
35516.3,58.63
35761.3,58.36
36009.6,57.76
36261.4,56.01
36516.8,54.95
36775.8,54.13
37038.5,53.11
37304.9,52.29
37575.2,51.89
37849.5,51.04
38127.8,50.39
38410.2,50.16
38696.9,49.96
38987.8,49.72
39283.2,49.39
39583.1,49.46
39887.6,49.76
40196.8,50.52
40510.8,51.75
40829.8,52.22
41153.9,52.78
41483.1,54.04
41817.6,55.77
42157.5,57.8
42503.1,60.03
42854.4,61.54
43211.5,62.71
43574.6,63.91
43943.9,65.43
44319.6,66.75
44701.6,67.8
45090.3,69.41
45485.9,71.1
45888.4,72.52
46298.1,74.9
46715.2,78.11
47139.8,80.32
47572.3,81.46
48012.8,82.9
48461.5,82.34
48918.7,81.24
49384.6,79.4
49859.4,77.76
