Composition,
Date Added,2009-06-23
Formula,
Grain Size Description,<150.0um
Grain Size,0.0 - 150.0
Locality,
Minimum Wavelength,800
Sample Name,Hvalfj025C <150 um
Maximum Wavelength,25050
Database of Origin,ReLab
Other Information,
References,
Resolution,4.0
Material Class,Rock
Sample Description,"Earth analogues for hydrothermal enviornments seen by CRISM (Active missions, Student)"
Sample ID,BIR1BE122
Original Sample ID,BE-JFM-122
Viewing Geometry,
Wavelength,Response
799.9,114.52
800.0,113.41
800.2,114.38
800.3,115.71
800.4,114.8
800.5,114.2
800.7,114.94
800.8,115.62
800.9,115.15
801.0,114.2
801.1,113.71
801.3,114.56
801.4,113.84
801.5,112.99
801.6,114.66
801.8,116.32
801.9,115.85
802.0,114.66
802.1,114.07
802.3,113.38
802.4,112.91
802.5,112.78
802.6,113.87
802.8,114.55
802.9,113.89
803.0,113.31
803.1,113.11
803.3,112.14
803.4,112.66
803.5,113.98
803.6,113.69
803.8,114.19
803.9,114.2
804.0,113.38
804.1,112.87
804.3,114.14
804.4,115.56
804.5,115.25
804.6,114.76
804.8,114.67
804.9,114.17
805.0,113.66
805.1,114.46
805.3,114.58
805.4,114.13
805.5,113.25
805.6,114.32
805.8,114.75
805.9,114.64
806.0,113.58
806.1,113.32
806.3,114.45
806.4,114.83
806.5,114.44
806.6,114.14
806.8,114.17
806.9,112.76
807.0,111.19
807.1,111.58
807.3,114.0
807.4,114.11
807.5,113.49
807.6,113.29
807.8,113.28
807.9,113.3
808.0,113.64
808.1,113.52
808.3,114.05
808.4,114.7
808.5,114.23
808.6,114.13
808.8,113.6
808.9,114.75
809.0,116.05
809.2,114.46
809.3,112.58
809.4,113.12
809.5,112.8
809.7,112.42
809.8,113.5
809.9,113.63
810.0,114.45
810.2,114.51
810.3,114.47
810.4,114.58
810.5,113.75
810.7,112.91
810.8,113.41
810.9,114.26
811.0,114.21
811.2,113.97
811.3,113.65
811.4,112.5
811.5,111.82
811.7,112.64
811.8,113.32
811.9,113.79
812.1,114.25
812.2,113.4
812.3,113.15
812.4,114.64
812.6,114.45
812.7,113.13
812.8,113.63
813.0,113.66
813.1,112.56
813.2,112.91
813.3,113.78
813.5,114.03
813.6,113.82
813.7,111.92
813.8,112.74
814.0,114.54
814.1,114.87
814.2,114.15
814.4,113.51
814.5,114.14
814.6,114.17
814.7,114.43
814.9,115.39
815.0,113.67
815.1,112.85
815.3,113.63
815.4,114.06
815.5,113.83
815.6,112.84
815.8,112.09
815.9,112.25
816.0,112.39
816.2,112.42
816.3,112.69
816.4,113.37
816.5,115.07
816.7,114.57
816.8,112.66
816.9,112.24
817.0,112.72
817.2,112.38
817.3,112.02
817.4,112.48
817.6,113.33
817.7,113.81
817.8,113.81
818.0,113.11
818.1,112.75
818.2,112.18
818.3,111.46
818.5,112.58
818.6,113.3
818.7,113.11
818.9,112.79
819.0,112.76
819.1,112.52
819.3,112.37
819.4,112.34
819.5,112.86
819.6,112.87
819.8,112.86
819.9,112.73
820.0,111.62
820.2,111.82
820.3,112.12
820.4,113.2
820.5,113.6
820.7,112.79
820.8,112.21
820.9,112.12
821.1,111.81
821.2,112.37
821.3,113.38
821.5,112.98
821.6,112.93
821.7,113.15
821.8,113.16
822.0,113.81
822.1,113.28
822.2,113.2
822.4,113.43
822.5,112.94
822.6,112.51
822.8,112.39
822.9,112.28
823.0,112.51
823.2,112.74
823.3,112.99
823.4,112.84
823.5,113.38
823.7,114.26
823.8,113.79
823.9,113.04
824.1,113.17
824.2,113.35
824.3,113.54
824.5,112.89
824.6,113.02
824.7,113.91
824.8,113.92
825.0,113.57
825.1,113.68
825.2,114.31
825.4,114.47
825.5,114.48
825.6,114.91
825.8,115.03
825.9,114.7
826.0,114.81
826.2,115.33
826.3,115.42
826.4,114.54
826.6,114.04
826.7,114.47
826.8,114.16
827.0,113.98
827.1,114.96
827.2,115.35
827.3,114.35
827.5,114.27
827.6,114.83
827.8,114.67
827.9,115.49
828.0,116.4
828.1,115.43
828.3,114.8
828.4,115.08
828.5,115.44
828.7,114.65
828.8,113.89
828.9,114.2
829.1,115.4
829.2,114.99
829.3,114.64
829.5,114.83
829.6,114.06
829.7,114.14
829.9,114.28
830.0,114.44
830.1,114.92
830.3,115.59
830.4,115.83
830.5,115.74
830.7,115.44
830.8,115.17
830.9,115.37
831.1,114.85
831.2,114.61
831.3,114.75
831.5,114.22
831.6,113.61
831.7,114.1
831.9,114.96
832.0,114.93
832.1,114.35
832.3,113.75
832.4,114.41
832.5,114.15
832.7,114.51
832.8,115.39
832.9,115.65
833.1,115.63
833.2,115.47
833.3,115.17
833.5,115.11
833.6,114.85
833.7,114.09
833.9,113.34
834.0,113.54
834.1,114.54
834.3,115.23
834.4,114.62
834.5,114.17
834.7,113.85
834.8,113.97
835.0,113.7
835.1,113.48
835.2,114.16
835.3,114.38
835.5,114.79
835.6,114.95
835.8,114.52
835.9,113.38
836.0,112.97
836.2,114.0
836.3,114.83
836.4,113.64
836.6,113.31
836.7,113.74
836.8,113.86
837.0,113.82
837.1,113.76
837.2,114.29
837.4,114.36
837.5,113.7
837.6,113.96
837.8,114.49
837.9,114.84
838.0,114.99
838.2,114.71
838.3,114.96
838.5,114.7
838.6,113.97
838.7,114.32
838.9,114.24
839.0,113.23
839.1,113.86
839.3,114.03
839.4,113.05
839.5,113.68
839.7,114.43
839.8,114.38
840.0,114.79
840.1,114.61
840.2,113.87
840.4,113.32
840.5,114.03
840.6,113.28
840.8,112.83
840.9,113.86
841.0,114.13
841.2,113.71
841.3,113.46
841.5,113.77
841.6,113.71
841.7,113.41
841.9,113.85
842.0,114.3
842.1,113.87
842.3,113.92
842.4,113.72
842.5,113.14
842.7,113.62
842.8,114.14
843.0,113.83
843.1,113.39
843.2,113.4
843.4,113.53
843.5,113.02
843.6,112.98
843.8,112.79
843.9,113.53
844.0,114.67
844.2,113.75
844.3,112.8
844.5,113.24
844.6,113.91
844.7,113.73
844.9,112.64
845.0,112.21
845.2,112.29
845.3,113.67
845.4,113.72
845.6,113.34
845.7,113.51
845.8,112.86
846.0,112.37
846.1,112.47
846.3,112.18
846.4,111.99
846.5,112.98
846.7,113.89
846.8,113.42
847.0,112.5
847.1,112.51
847.2,112.75
847.4,112.78
847.5,112.8
847.6,112.8
847.8,113.05
847.9,113.17
848.1,113.0
848.2,112.6
848.3,112.93
848.5,112.96
848.6,112.56
848.8,112.74
848.9,112.63
849.0,112.61
849.2,112.81
849.3,112.62
849.5,112.36
849.6,111.56
849.7,111.42
849.9,111.27
850.0,112.08
850.1,113.4
850.3,113.79
850.4,113.57
850.6,112.51
850.7,111.75
850.8,111.97
851.0,112.77
851.1,112.77
851.3,112.46
851.4,112.21
851.5,111.82
851.7,112.66
851.8,112.8
852.0,112.03
852.1,112.01
852.2,112.33
852.4,113.1
852.5,113.03
852.7,111.9
852.8,111.22
852.9,111.44
853.1,111.38
853.2,111.58
853.4,112.24
853.5,111.86
853.6,111.91
853.8,112.1
853.9,111.53
854.1,111.46
854.2,112.19
854.3,111.58
854.5,110.99
854.6,110.95
854.8,111.07
854.9,111.59
855.0,111.95
855.2,111.53
855.3,110.51
855.5,111.06
855.6,112.67
855.8,112.91
855.9,112.2
856.0,111.03
856.2,110.43
856.3,110.59
856.5,111.24
856.6,111.82
856.8,111.87
856.9,111.23
857.0,110.5
857.2,110.67
857.3,110.56
857.5,110.67
857.6,111.12
857.7,111.4
857.9,111.79
858.0,111.22
858.2,110.32
858.3,110.25
858.5,110.78
858.6,111.04
858.7,110.96
858.9,110.45
859.0,110.51
859.2,111.37
859.3,110.59
859.4,109.93
859.6,109.99
859.7,109.82
859.9,110.57
860.0,111.34
860.2,110.88
860.3,110.39
860.4,110.42
860.6,111.16
860.7,111.34
860.9,111.34
861.0,111.08
861.2,110.89
861.3,111.04
861.4,111.27
861.6,110.71
861.7,110.47
861.9,110.61
862.0,110.48
862.2,109.9
862.3,110.26
862.5,111.37
862.6,111.22
862.7,110.65
862.9,110.55
863.0,109.91
863.2,109.82
863.3,109.88
863.5,109.61
863.6,110.03
863.7,110.75
863.9,110.33
864.0,109.9
864.2,110.04
864.3,109.9
864.5,109.94
864.6,109.91
864.8,109.92
864.9,110.23
865.0,110.38
865.2,110.22
865.3,110.24
865.5,110.26
865.6,109.83
865.8,109.55
865.9,109.81
866.0,109.9
866.2,109.93
866.3,110.11
866.5,109.59
866.6,109.14
866.8,109.51
866.9,109.75
867.1,110.21
867.2,109.89
867.3,109.32
867.5,109.38
867.6,109.48
867.8,109.46
867.9,109.34
868.1,109.5
868.2,109.71
868.4,109.58
868.5,109.65
868.7,109.91
868.8,109.7
869.0,109.8
869.1,109.84
869.2,109.42
869.4,109.68
869.5,110.04
869.7,109.74
869.8,110.1
870.0,110.31
870.1,110.02
870.3,109.48
870.4,109.19
870.5,109.43
870.7,109.2
870.8,108.75
871.0,108.7
871.1,108.41
871.3,108.33
871.4,108.58
871.6,108.85
871.7,108.98
871.9,109.01
872.0,108.87
872.2,108.8
872.3,107.99
872.5,108.06
872.6,108.75
872.8,108.85
872.9,108.54
873.0,108.2
873.2,107.82
873.3,107.67
873.5,108.17
873.6,108.03
873.8,107.83
873.9,108.0
874.1,108.11
874.2,108.36
874.4,107.9
874.5,107.24
874.7,107.82
874.8,108.32
875.0,108.11
875.1,107.74
875.3,107.95
875.4,108.45
875.5,108.24
875.7,108.11
875.8,108.43
876.0,108.51
876.2,108.91
876.3,108.2
876.4,107.43
876.6,107.46
876.7,108.13
876.9,108.43
877.0,107.92
877.2,107.79
877.3,107.79
877.5,107.38
877.6,107.49
877.8,107.51
877.9,107.51
878.1,107.72
878.2,107.23
878.4,107.35
878.5,107.74
878.7,107.01
878.8,107.13
879.0,107.15
879.1,106.83
879.3,106.86
879.4,106.9
879.6,106.71
879.7,106.83
879.9,107.07
880.0,107.2
880.2,107.42
880.3,107.61
880.5,107.58
880.6,107.37
880.8,107.22
880.9,107.02
881.1,107.16
881.2,107.33
881.4,107.3
881.5,107.21
881.7,106.99
881.8,107.0
882.0,106.96
882.1,106.89
882.3,106.85
882.4,107.06
882.6,107.17
882.7,107.12
882.9,106.77
883.0,106.78
883.2,106.97
883.3,106.55
883.5,105.69
883.6,106.08
883.8,106.78
883.9,106.35
884.1,105.72
884.2,105.89
884.4,105.97
884.5,106.21
884.7,106.52
884.8,106.02
885.0,105.91
885.1,106.26
885.3,106.31
885.4,105.86
885.6,105.83
885.7,106.28
885.9,106.77
886.0,106.58
886.2,105.94
886.3,105.59
886.5,105.56
886.6,105.29
886.8,105.16
886.9,105.17
887.1,105.23
887.2,105.2
887.4,105.36
887.5,105.67
887.7,105.81
887.8,105.41
888.0,105.42
888.2,106.37
888.3,106.17
888.5,105.43
888.6,105.52
888.8,105.55
888.9,105.58
889.1,105.89
889.2,105.79
889.4,105.35
889.5,105.49
889.7,105.55
889.8,105.25
890.0,105.39
890.1,105.47
890.3,104.98
890.4,104.71
890.6,105.44
890.8,105.76
890.9,105.25
891.0,104.99
891.2,104.63
891.4,104.37
891.5,104.41
891.7,104.55
891.8,104.57
892.0,104.12
892.1,103.9
892.3,104.12
892.4,103.67
892.6,104.05
892.7,104.47
892.9,104.74
893.0,104.73
893.2,104.52
893.3,104.0
893.5,104.0
893.7,104.06
893.8,104.32
894.0,104.51
894.1,104.17
894.3,104.02
894.4,104.27
894.6,104.47
894.7,104.4
894.9,104.22
895.0,104.11
895.2,104.45
895.4,104.35
895.5,104.17
895.7,104.01
895.8,103.83
896.0,103.89
896.1,103.77
896.3,103.44
896.4,103.48
896.6,103.48
896.8,103.57
896.9,103.77
897.1,103.36
897.2,103.35
897.4,103.65
897.5,103.74
897.7,103.46
897.8,103.07
898.0,103.17
898.2,103.57
898.3,103.45
898.5,103.02
898.6,102.97
898.8,103.6
898.9,103.93
899.1,103.4
899.2,102.92
899.4,103.17
899.5,103.45
899.7,103.49
899.9,103.21
900.0,102.67
900.2,102.55
900.3,102.94
900.5,102.74
900.7,102.57
900.8,102.4
901.0,102.26
901.1,102.53
901.3,102.68
901.4,102.52
901.6,102.45
901.7,102.5
901.9,102.43
902.1,102.1
902.2,102.04
902.4,102.26
902.5,102.14
902.7,102.38
902.8,102.51
903.0,102.47
903.2,102.39
903.3,102.12
903.5,102.38
903.6,102.33
903.8,102.07
904.0,102.03
904.1,102.09
904.3,102.61
904.4,102.42
904.6,101.83
904.7,101.97
904.9,101.75
905.0,101.39
905.2,101.52
905.4,101.71
905.5,101.79
905.7,101.75
905.8,101.48
906.0,101.54
906.2,102.06
906.3,102.04
906.5,101.8
906.6,101.27
906.8,100.78
907.0,101.14
907.1,101.27
907.3,101.22
907.4,101.21
907.6,100.98
907.7,101.23
907.9,101.87
908.1,101.62
908.2,100.89
908.4,100.74
908.5,100.71
908.7,100.77
908.9,100.66
909.0,100.85
909.2,100.92
909.3,100.6
909.5,100.46
909.7,100.54
909.8,100.91
910.0,101.23
910.1,100.77
910.3,100.55
910.5,100.52
910.6,100.37
910.8,99.94
910.9,100.02
911.1,100.51
911.3,100.39
911.4,100.06
911.6,100.09
911.7,100.41
911.9,100.61
912.1,100.23
912.2,99.98
912.4,100.06
912.5,100.06
912.7,100.18
912.9,100.24
913.0,99.91
913.2,99.78
913.3,99.66
913.5,100.0
913.7,100.28
913.8,99.99
914.0,99.78
914.2,99.98
914.3,99.89
914.5,99.61
914.6,99.45
914.8,99.36
915.0,99.44
915.1,99.72
915.3,99.6
915.4,99.47
915.6,99.32
915.8,99.23
915.9,99.22
916.1,99.31
916.3,99.46
916.4,99.4
916.6,99.34
916.7,99.44
916.9,99.04
917.1,98.63
917.2,98.9
917.4,99.14
917.5,99.05
917.7,99.23
917.9,99.18
918.0,99.28
918.2,99.2
918.4,98.67
918.5,98.59
918.7,98.53
918.8,98.65
919.0,98.98
919.2,98.9
919.3,98.83
919.5,98.94
919.7,98.73
919.8,98.55
920.0,98.54
920.2,98.45
920.3,98.57
920.5,98.33
920.6,98.1
920.8,98.53
921.0,98.52
921.1,98.52
921.3,98.46
921.5,98.43
921.6,98.68
921.8,98.41
922.0,98.16
922.1,98.09
922.3,98.1
922.4,98.02
922.6,97.92
922.8,98.29
922.9,98.16
923.1,97.74
923.3,97.79
923.4,97.89
923.6,97.9
923.8,97.69
923.9,97.52
924.1,97.65
924.3,97.59
924.4,97.54
924.6,97.75
924.7,97.42
924.9,96.9
925.1,97.03
925.2,97.35
925.4,97.48
925.6,97.85
925.7,97.51
925.9,97.19
926.1,97.25
926.2,97.53
926.4,97.59
926.6,97.42
926.7,97.29
926.9,96.91
927.1,97.0
927.2,97.09
927.4,96.9
927.6,97.03
927.7,96.98
927.9,96.82
928.0,96.89
928.2,96.94
928.4,96.94
928.5,96.99
928.7,96.91
928.9,96.96
929.0,97.01
929.2,96.69
929.4,96.62
929.5,96.56
929.7,96.54
929.9,96.47
930.0,96.15
930.2,96.19
930.4,96.56
930.5,96.76
930.7,96.62
930.9,96.38
931.0,96.21
931.2,96.22
931.4,96.1
931.6,96.11
931.7,96.12
931.9,96.0
932.1,95.78
932.2,95.91
932.4,96.19
932.6,96.02
932.7,95.86
932.9,95.89
933.1,95.99
933.2,95.74
933.4,95.55
933.6,95.92
933.7,96.12
933.9,95.99
934.1,95.88
934.2,95.71
934.4,95.6
934.6,95.43
934.8,95.33
934.9,95.41
935.1,95.64
935.3,95.64
935.4,95.21
935.6,95.4
935.8,95.59
935.9,95.2
936.1,95.32
936.3,95.61
936.4,95.36
936.6,95.21
936.8,95.43
936.9,95.47
937.1,95.11
937.3,95.2
937.5,95.2
937.6,95.22
937.8,95.22
938.0,95.29
938.1,95.21
938.3,94.89
938.5,94.67
938.6,94.83
938.8,94.89
939.0,94.75
939.2,94.61
939.3,94.61
939.5,94.58
939.7,94.71
939.8,94.69
940.0,94.39
940.2,94.4
940.3,94.33
940.5,94.17
940.7,94.34
940.8,94.45
941.0,94.67
941.2,94.71
941.4,94.68
941.5,94.47
941.7,94.36
941.9,94.41
942.0,94.48
942.2,94.54
942.4,94.45
942.6,94.36
942.7,93.92
942.9,93.67
943.1,93.77
943.3,93.96
943.4,94.18
943.6,94.28
943.8,94.17
943.9,94.08
944.1,93.89
944.3,93.8
944.5,93.94
944.6,94.04
944.8,94.19
945.0,94.13
945.1,93.84
945.3,93.63
945.5,93.71
945.7,93.56
945.8,93.34
946.0,93.59
946.2,93.9
946.3,93.88
946.5,93.38
946.7,93.03
946.9,93.06
947.0,93.29
947.2,93.33
947.4,93.33
947.6,93.28
947.7,93.41
947.9,93.37
948.1,93.31
948.3,93.39
948.4,93.42
948.6,93.35
948.8,93.19
949.0,93.28
949.1,93.45
949.3,93.21
949.5,92.93
949.6,92.86
949.8,92.85
950.0,93.04
950.2,93.19
950.3,93.16
950.5,92.83
950.7,92.44
950.9,92.63
951.0,92.85
951.2,92.63
951.4,92.4
951.6,92.54
951.7,92.71
951.9,92.73
952.1,92.85
952.3,92.63
952.4,92.31
952.6,92.41
952.8,92.62
953.0,92.45
953.1,92.45
953.3,92.58
953.5,92.54
953.7,92.37
953.8,92.45
954.0,92.5
954.2,92.35
954.4,92.35
954.5,92.49
954.7,92.41
954.9,92.39
955.1,92.52
955.2,92.27
955.4,91.85
955.6,92.16
955.8,92.26
956.0,92.07
956.1,91.97
956.3,92.09
956.5,92.0
956.7,91.7
956.8,91.68
957.0,91.71
957.2,91.55
957.4,91.59
957.5,91.71
957.7,91.55
957.9,91.51
958.1,91.66
958.2,91.69
958.4,91.45
958.6,91.29
958.8,91.54
959.0,91.53
959.1,91.43
959.3,91.57
959.5,91.5
959.7,91.39
959.8,91.47
960.0,91.3
960.2,91.25
960.4,91.22
960.5,91.08
960.7,91.17
960.9,91.31
961.1,91.36
961.3,91.32
961.4,91.41
961.6,91.41
961.8,91.2
962.0,91.15
962.2,91.08
962.3,91.1
962.5,91.13
962.7,91.14
962.9,91.31
963.0,91.24
963.2,91.12
963.4,91.04
963.6,90.97
963.8,90.97
963.9,90.85
964.1,90.62
964.3,90.67
964.5,90.85
964.7,90.6
964.8,90.49
965.0,90.57
965.2,90.5
965.4,90.42
965.6,90.52
965.7,90.53
965.9,90.65
966.1,90.82
966.3,90.78
966.5,90.61
966.6,90.62
966.8,90.68
967.0,90.67
967.2,90.52
967.4,90.54
967.5,90.54
967.7,90.54
967.9,90.54
968.1,90.55
968.3,90.51
968.4,90.41
968.6,90.5
968.8,90.61
969.0,90.29
969.2,90.04
969.3,90.25
969.5,90.29
969.7,90.23
969.9,90.32
970.1,90.42
970.3,90.25
970.4,90.2
970.6,90.21
970.8,90.07
971.0,89.97
971.2,90.01
971.3,89.82
971.5,89.72
971.7,89.91
971.9,89.98
972.1,89.88
972.3,90.03
972.4,90.06
972.6,89.9
972.8,89.79
973.0,89.82
973.2,89.94
973.3,89.78
973.5,89.64
973.7,89.66
973.9,89.82
974.1,89.81
974.3,89.75
974.5,89.92
974.6,89.93
974.8,89.69
975.0,89.51
975.2,89.51
975.4,89.43
975.5,89.39
975.7,89.45
975.9,89.26
976.1,89.2
976.3,89.35
976.5,89.31
976.7,89.34
976.8,89.61
977.0,89.77
977.2,89.54
977.4,89.41
977.6,89.38
977.8,89.23
977.9,89.18
978.1,89.34
978.3,89.45
978.5,89.38
978.7,89.25
978.9,89.24
979.0,89.34
979.2,89.32
979.4,89.27
979.6,89.2
979.8,89.03
980.0,89.08
980.2,89.2
980.3,89.21
980.5,89.16
980.7,89.13
980.9,89.07
981.1,88.97
981.3,88.72
981.5,88.52
981.7,88.59
981.8,88.88
982.0,89.04
982.2,89.14
982.4,89.07
982.6,88.87
982.8,88.76
983.0,88.83
983.1,88.73
983.3,88.66
983.5,88.86
983.7,88.94
983.9,88.8
984.1,88.71
984.3,88.74
984.4,88.9
984.6,89.02
984.8,88.99
985.0,88.95
985.2,88.78
985.4,88.66
985.6,88.62
985.8,88.77
985.9,88.87
986.1,88.74
986.3,88.61
986.5,88.6
986.7,88.58
986.9,88.46
987.1,88.5
987.3,88.54
987.4,88.5
987.6,88.52
987.8,88.6
988.0,88.57
988.2,88.47
988.4,88.58
988.6,88.66
988.8,88.52
989.0,88.59
989.1,88.61
989.3,88.38
989.5,88.26
989.7,88.28
989.9,88.31
990.1,88.18
990.3,88.12
990.5,88.3
990.7,88.41
990.8,88.35
991.0,88.23
991.2,88.17
991.4,88.1
991.6,88.07
991.8,88.18
992.0,88.28
992.2,88.26
992.4,88.34
992.5,88.42
992.7,88.22
992.9,87.94
993.1,88.06
993.3,88.3
993.5,88.36
993.7,88.21
993.9,88.16
994.1,88.0
994.3,87.95
994.5,88.05
994.6,88.15
994.8,88.28
995.0,88.38
995.2,88.22
995.4,88.09
995.6,88.14
995.8,88.06
996.0,88.07
996.2,88.23
996.4,88.21
996.5,88.02
996.7,88.11
996.9,88.27
997.1,88.28
997.3,88.15
997.5,88.09
997.7,88.03
997.9,87.95
998.1,87.98
998.3,87.99
998.5,87.96
998.7,87.94
998.9,87.84
999.0,87.79
999.2,87.68
999.4,87.85
999.6,88.08
999.8,88.08
1000.0,88.14
1000.2,88.09
1000.4,87.92
1000.6,87.98
1000.8,88.03
1001.0,87.89
1001.2,87.72
1001.4,87.75
1001.6,87.74
1001.8,87.77
1001.9,87.94
1002.1,87.92
1002.3,87.74
1002.5,87.72
1002.7,87.73
1002.9,87.78
1003.1,87.87
1003.3,87.91
1003.5,88.05
1003.7,88.04
1003.9,88.01
1004.1,87.95
1004.3,87.86
1004.5,87.85
1004.7,87.84
1004.9,87.84
1005.0,87.84
1005.3,87.84
1005.4,87.76
1005.6,87.72
1005.8,87.8
1006.0,87.78
1006.2,87.86
1006.4,87.96
1006.6,87.96
1006.8,87.8
1007.0,87.67
1007.2,87.79
1007.4,87.92
1007.6,87.88
1007.8,87.89
1008.0,87.82
1008.2,87.59
1008.4,87.64
1008.6,87.88
1008.8,87.86
1009.0,87.75
1009.2,87.56
1009.4,87.55
1009.5,87.72
1009.8,87.89
1010.0,87.86
1010.1,87.82
1010.3,87.94
1010.5,87.77
1010.7,87.79
1010.9,88.02
1011.1,87.98
1011.3,87.85
1011.5,87.79
1011.7,87.74
1011.9,87.68
1012.1,87.7
1012.3,87.71
1012.5,87.7
1012.7,87.78
1012.9,87.99
1013.1,88.01
1013.3,87.85
1013.5,87.81
1013.7,87.85
1013.9,87.86
1014.1,87.73
1014.3,87.74
1014.5,87.82
1014.7,87.86
1014.9,87.9
1015.1,87.96
1015.3,88.02
1015.5,88.11
1015.7,88.0
1015.9,87.82
1016.1,87.79
1016.3,87.82
1016.5,87.87
1016.7,87.82
1016.9,87.67
1017.1,87.69
1017.3,87.77
1017.5,87.8
1017.7,87.86
1017.9,87.92
1018.1,87.91
1018.3,87.83
1018.5,87.98
1018.7,88.11
1018.9,88.04
1019.1,87.82
1019.3,87.82
1019.5,87.93
1019.7,87.9
1019.9,88.01
1020.1,88.25
1020.3,88.26
1020.5,88.17
1020.7,88.09
1020.9,87.93
1021.1,87.86
1021.3,87.88
1021.5,87.82
1021.7,87.95
1021.9,88.18
1022.1,88.22
1022.3,88.2
1022.5,88.18
1022.7,88.13
1022.9,88.11
1023.1,88.07
1023.3,88.06
1023.5,88.07
1023.7,88.08
1023.9,87.99
1024.1,87.97
1024.3,88.14
1024.5,88.19
1024.7,88.14
1024.9,88.01
1025.1,87.92
1025.3,87.98
1025.5,88.06
1025.7,88.12
1025.9,88.09
1026.1,88.04
1026.3,88.05
1026.5,88.24
1026.8,88.33
1026.9,88.24
1027.2,88.1
1027.4,88.09
1027.6,88.27
1027.8,88.43
1028.0,88.42
1028.2,88.39
1028.4,88.37
1028.6,88.3
1028.8,88.17
1029.0,88.2
1029.2,88.34
1029.4,88.28
1029.6,88.38
1029.8,88.59
1030.0,88.65
1030.2,88.55
1030.4,88.57
1030.6,88.59
1030.8,88.55
1031.0,88.55
1031.2,88.56
1031.4,88.5
1031.7,88.47
1031.8,88.45
1032.1,88.6
1032.3,88.66
1032.5,88.64
1032.7,88.65
1032.9,88.66
1033.1,88.67
1033.3,88.78
1033.5,88.79
1033.7,88.75
1033.9,88.84
1034.1,88.88
1034.3,88.84
1034.5,88.9
1034.7,88.9
1034.9,88.9
1035.2,88.79
1035.4,88.77
1035.6,88.85
1035.8,88.84
1036.0,88.9
1036.2,88.9
1036.4,88.87
1036.6,89.11
1036.8,89.11
1037.0,88.92
1037.2,88.97
1037.4,89.03
1037.6,88.98
1037.8,89.07
1038.1,89.15
1038.3,89.17
1038.5,89.17
1038.7,89.21
1038.9,89.35
1039.1,89.38
1039.3,89.27
1039.5,89.22
1039.7,89.26
1039.9,89.36
1040.1,89.28
1040.3,89.29
1040.6,89.46
1040.8,89.42
1041.0,89.38
1041.2,89.48
1041.4,89.5
1041.6,89.44
1041.8,89.47
1042.0,89.51
1042.2,89.57
1042.4,89.64
1042.6,89.62
1042.8,89.54
1043.1,89.57
1043.3,89.65
1043.5,89.7
1043.7,89.67
1043.9,89.6
1044.1,89.68
1044.3,89.77
1044.5,89.79
1044.7,89.81
1045.0,89.9
1045.2,89.95
1045.4,90.04
1045.6,90.12
1045.8,90.08
1046.0,89.94
1046.2,89.91
1046.4,89.93
1046.6,89.98
1046.8,90.12
1047.1,90.24
1047.3,90.33
1047.5,90.38
1047.7,90.31
1047.9,90.31
1048.1,90.34
1048.3,90.37
1048.6,90.37
1048.8,90.38
1049.0,90.37
1049.2,90.45
1049.4,90.56
1049.6,90.58
1049.8,90.66
1050.0,90.65
1050.3,90.53
1050.5,90.54
1050.7,90.6
1050.9,90.63
1051.1,90.78
1051.3,90.86
1051.5,90.86
1051.7,90.84
1051.9,90.84
1052.2,90.92
1052.4,90.88
1052.6,90.91
1052.8,91.0
1053.0,91.08
1053.2,91.04
1053.4,91.05
1053.7,91.1
1053.9,91.11
1054.1,91.28
1054.3,91.22
1054.5,91.15
1054.7,91.16
1054.9,91.24
1055.2,91.39
1055.4,91.35
1055.6,91.3
1055.8,91.39
1056.0,91.54
1056.2,91.63
1056.4,91.57
1056.7,91.57
1056.9,91.62
1057.1,91.6
1057.3,91.65
1057.5,91.81
1057.8,91.86
1058.0,91.84
1058.2,91.88
1058.4,91.77
1058.6,91.75
1058.8,91.87
1059.0,92.04
1059.3,92.04
1059.5,91.94
1059.7,91.99
1059.9,92.17
1060.1,92.19
1060.3,92.2
1060.6,92.23
1060.8,92.2
1061.0,92.26
1061.2,92.32
1061.4,92.4
1061.6,92.49
1061.9,92.45
1062.1,92.44
1062.3,92.47
1062.5,92.45
1062.7,92.49
1062.9,92.55
1063.2,92.71
1063.4,92.79
1063.6,92.81
1063.8,92.81
1064.0,92.85
1064.3,92.84
1064.5,92.9
1064.7,92.88
1064.9,93.02
1065.1,93.17
1065.3,93.15
1065.6,93.11
1065.8,93.17
1066.0,93.24
1066.2,93.22
1066.4,93.22
1066.7,93.24
1066.9,93.29
1067.1,93.42
1067.3,93.41
1067.6,93.36
1067.8,93.37
1068.0,93.38
1068.2,93.44
1068.4,93.5
1068.7,93.51
1068.9,93.54
1069.1,93.61
1069.3,93.67
1069.5,93.8
1069.8,93.9
1070.0,93.87
1070.2,93.93
1070.4,93.99
1070.6,93.98
1070.8,94.07
1071.1,94.13
1071.3,94.23
1071.5,94.27
1071.7,94.23
1072.0,94.22
1072.2,94.24
1072.4,94.37
1072.6,94.51
1072.8,94.64
1073.1,94.67
1073.3,94.65
1073.5,94.76
1073.7,94.74
1074.0,94.68
1074.2,94.76
1074.4,94.87
1074.6,94.97
1074.8,94.97
1075.1,94.89
1075.3,94.91
1075.5,95.0
1075.7,95.07
1076.0,95.17
1076.2,95.2
1076.4,95.22
1076.6,95.26
1076.9,95.28
1077.1,95.26
1077.3,95.34
1077.5,95.34
1077.8,95.32
1078.0,95.45
1078.2,95.44
1078.4,95.45
1078.7,95.64
1078.9,95.69
1079.1,95.67
1079.3,95.64
1079.6,95.67
1079.8,95.84
1080.0,95.96
1080.2,95.92
1080.4,96.01
1080.7,96.07
1080.9,96.11
1081.1,96.14
1081.3,96.1
1081.6,96.16
1081.8,96.23
1082.0,96.22
1082.3,96.29
1082.5,96.39
1082.7,96.43
1082.9,96.57
1083.2,96.69
1083.4,96.67
1083.6,96.58
1083.8,96.6
1084.1,96.69
1084.3,96.76
1084.5,96.77
1084.7,96.77
1085.0,96.91
1085.2,96.97
1085.4,96.88
1085.7,96.92
1085.9,97.08
1086.1,97.15
1086.3,97.17
1086.6,97.22
1086.8,97.29
1087.0,97.4
1087.3,97.51
1087.5,97.6
1087.7,97.64
1087.9,97.62
1088.2,97.64
1088.4,97.75
1088.6,97.84
1088.8,97.94
1089.1,97.89
1089.3,97.85
1089.5,97.97
1089.8,98.08
1090.0,97.99
1090.2,98.02
1090.4,98.13
1090.7,98.14
1090.9,98.16
1091.1,98.26
1091.4,98.38
1091.6,98.43
1091.8,98.46
1092.1,98.53
1092.3,98.53
1092.5,98.48
1092.8,98.6
1093.0,98.67
1093.2,98.72
1093.4,98.68
1093.7,98.7
1093.9,98.84
1094.1,98.9
1094.4,98.94
1094.6,98.98
1094.8,99.1
1095.1,99.14
1095.3,99.16
1095.5,99.24
1095.8,99.32
1096.0,99.37
1096.2,99.41
1096.4,99.48
1096.7,99.48
1096.9,99.5
1097.1,99.53
1097.4,99.58
1097.6,99.75
1097.8,99.8
1098.1,99.72
1098.3,99.81
1098.5,99.92
1098.8,99.93
1099.0,99.94
1099.2,99.97
1099.5,100.01
1099.7,100.09
1099.9,100.22
1100.2,100.27
1100.4,100.28
1100.6,100.34
1100.9,100.39
1101.1,100.45
1101.3,100.56
1101.6,100.6
1101.8,100.66
1102.0,100.78
1102.3,100.78
1102.5,100.75
1102.7,100.74
1103.0,100.76
1103.2,100.82
1103.4,100.91
1103.7,100.95
1103.9,100.9
1104.2,100.87
1104.4,101.05
1104.6,101.12
1104.8,101.11
1105.1,101.18
1105.3,101.36
1105.6,101.42
1105.8,101.47
1106.0,101.56
1106.3,101.61
1106.5,101.58
1106.7,101.6
1107.0,101.7
1107.2,101.75
1107.4,101.81
1107.7,101.83
1107.9,101.87
1108.2,101.89
1108.4,101.92
1108.6,101.93
1108.9,101.99
1109.1,102.09
1109.3,102.15
1109.6,102.21
1109.8,102.31
1110.1,102.37
1110.3,102.37
1110.5,102.37
1110.8,102.37
1111.0,102.36
1111.3,102.47
1111.5,102.54
1111.7,102.52
1112.0,102.7
1112.2,102.84
1112.4,102.86
1112.7,102.81
1112.9,102.86
1113.2,102.95
1113.4,103.0
1113.6,103.03
1113.9,103.0
1114.1,102.96
1114.3,103.01
1114.6,103.14
1114.8,103.21
1115.1,103.22
1115.3,103.31
1115.6,103.41
1115.8,103.48
1116.0,103.56
1116.3,103.58
1116.5,103.6
1116.8,103.68
1117.0,103.75
1117.2,103.8
1117.5,103.75
1117.7,103.71
1118.0,103.79
1118.2,103.89
1118.4,103.94
1118.7,103.97
1118.9,104.03
1119.2,104.07
1119.4,104.15
1119.7,104.18
1119.9,104.21
1120.1,104.26
1120.4,104.31
1120.6,104.32
1120.9,104.37
1121.1,104.52
1121.3,104.59
1121.6,104.55
1121.8,104.56
1122.1,104.67
1122.3,104.71
1122.6,104.77
1122.8,104.82
1123.0,104.91
1123.3,104.97
1123.5,104.88
1123.8,104.86
1124.0,104.89
1124.3,104.97
1124.5,105.08
1124.8,105.2
1125.0,105.26
1125.2,105.29
1125.5,105.29
1125.7,105.31
1126.0,105.34
1126.2,105.41
1126.5,105.41
1126.7,105.41
1126.9,105.48
1127.2,105.55
1127.4,105.64
1127.7,105.8
1127.9,105.93
1128.2,105.9
1128.4,105.81
1128.7,105.77
1128.9,105.89
1129.2,105.96
1129.4,106.02
1129.7,106.12
1129.9,106.12
1130.1,106.07
1130.4,106.18
1130.6,106.27
1130.9,106.28
1131.1,106.37
1131.4,106.41
1131.6,106.41
1131.9,106.43
1132.1,106.43
1132.4,106.44
1132.6,106.47
1132.9,106.47
1133.1,106.54
1133.3,106.59
1133.6,106.67
1133.8,106.71
1134.1,106.75
1134.3,106.79
1134.6,106.84
1134.8,106.84
1135.1,106.84
1135.3,106.82
1135.6,106.85
1135.8,106.94
1136.1,107.0
1136.3,107.05
1136.6,107.14
1136.8,107.19
1137.1,107.26
1137.3,107.27
1137.6,107.23
1137.8,107.33
1138.1,107.32
1138.3,107.3
1138.6,107.41
1138.8,107.48
1139.1,107.51
1139.3,107.47
1139.6,107.49
1139.8,107.54
1140.1,107.6
1140.3,107.68
1140.6,107.71
1140.8,107.73
1141.1,107.81
1141.3,107.83
1141.6,107.86
1141.8,107.93
1142.1,107.88
1142.3,107.9
1142.6,107.98
1142.8,108.09
1143.1,108.17
1143.3,108.21
1143.6,108.23
1143.8,108.29
1144.1,108.31
1144.4,108.36
1144.6,108.35
1144.9,108.32
1145.1,108.32
1145.4,108.4
1145.6,108.45
1145.9,108.46
1146.1,108.47
1146.4,108.56
1146.6,108.66
1146.9,108.71
1147.1,108.63
1147.4,108.64
1147.7,108.72
1147.9,108.79
1148.2,108.81
1148.4,108.81
1148.7,108.87
1148.9,108.95
1149.2,108.93
1149.4,108.93
1149.7,109.08
1149.9,109.14
1150.2,109.12
1150.4,109.1
1150.7,109.07
1151.0,109.07
1151.2,109.13
1151.5,109.23
1151.7,109.28
1152.0,109.31
1152.2,109.28
1152.5,109.2
1152.8,109.31
1153.0,109.49
1153.3,109.49
1153.5,109.52
1153.8,109.57
1154.0,109.64
1154.3,109.69
1154.6,109.69
1154.8,109.71
1155.1,109.75
1155.3,109.73
1155.6,109.71
1155.8,109.75
1156.1,109.77
1156.4,109.73
1156.6,109.67
1156.9,109.7
1157.1,109.77
1157.4,109.92
1157.7,109.97
1157.9,109.96
1158.2,110.0
1158.4,110.06
1158.7,110.09
1158.9,110.11
1159.2,110.14
1159.5,110.18
1159.7,110.21
1160.0,110.18
1160.2,110.14
1160.5,110.22
1160.8,110.34
1161.0,110.38
1161.3,110.35
1161.5,110.41
1161.8,110.47
1162.1,110.52
1162.3,110.6
1162.6,110.6
1162.8,110.53
1163.1,110.54
1163.4,110.56
1163.6,110.56
1163.9,110.61
1164.1,110.69
1164.4,110.71
1164.7,110.73
1164.9,110.78
1165.2,110.78
1165.4,110.78
1165.7,110.84
1166.0,110.93
1166.2,110.92
1166.5,110.89
1166.8,110.89
1167.0,110.95
1167.3,111.1
1167.6,111.11
1167.8,111.11
1168.1,111.07
1168.3,111.06
1168.6,111.03
1168.9,111.06
1169.1,111.13
1169.4,111.25
1169.7,111.29
1169.9,111.25
1170.2,111.28
1170.4,111.3
1170.7,111.29
1171.0,111.35
1171.2,111.41
1171.5,111.4
1171.8,111.38
1172.0,111.48
1172.3,111.59
1172.6,111.55
1172.8,111.63
1173.1,111.64
1173.4,111.6
1173.6,111.58
1173.9,111.55
1174.2,111.59
1174.4,111.58
1174.7,111.66
1175.0,111.72
1175.2,111.69
1175.5,111.71
1175.8,111.81
1176.0,111.88
1176.3,111.95
1176.6,111.96
1176.8,111.95
1177.1,111.93
1177.4,111.9
1177.6,111.96
1177.9,112.05
1178.2,112.02
1178.4,111.98
1178.7,112.06
1179.0,112.1
1179.2,112.12
1179.5,112.17
1179.8,112.13
1180.0,112.06
1180.3,112.13
1180.6,112.2
1180.8,112.28
1181.1,112.25
1181.4,112.21
1181.7,112.28
1181.9,112.3
1182.2,112.32
1182.5,112.33
1182.7,112.39
1183.0,112.43
1183.3,112.41
1183.5,112.47
1183.8,112.57
1184.1,112.6
1184.3,112.56
1184.6,112.59
1184.9,112.6
1185.2,112.57
1185.4,112.57
1185.7,112.59
1186.0,112.6
1186.3,112.69
1186.5,112.76
1186.8,112.81
1187.1,112.82
1187.3,112.82
1187.6,112.78
1187.9,112.78
1188.2,112.78
1188.4,112.84
1188.7,112.93
1189.0,112.91
1189.2,112.89
1189.5,112.95
1189.8,113.05
1190.1,113.04
1190.3,113.01
1190.6,113.06
1190.9,113.06
1191.2,113.06
1191.4,113.13
1191.7,113.17
1192.0,113.21
1192.3,113.21
1192.5,113.17
1192.8,113.14
1193.1,113.16
1193.3,113.21
1193.6,113.24
1193.9,113.25
1194.2,113.31
1194.4,113.31
1194.7,113.29
1195.0,113.33
1195.3,113.32
1195.6,113.38
1195.8,113.43
1196.1,113.45
1196.4,113.47
1196.7,113.46
1196.9,113.48
1197.2,113.48
1197.5,113.52
1197.8,113.58
1198.0,113.58
1198.3,113.6
1198.6,113.61
1198.9,113.59
1199.2,113.64
1199.4,113.62
1199.7,113.6
1200.0,113.66
1200.3,113.7
1200.5,113.74
1200.8,113.8
1201.1,113.83
1201.4,113.82
1201.7,113.8
1201.9,113.83
1202.2,113.78
1202.5,113.81
1202.8,113.86
1203.0,113.82
1203.3,113.87
1203.6,113.93
1203.9,113.96
1204.2,113.99
1204.4,113.92
1204.7,113.94
1205.0,114.01
1205.3,114.04
1205.6,114.05
1205.8,114.05
1206.1,114.09
1206.4,114.13
1206.7,114.12
1207.0,114.15
1207.2,114.15
1207.5,114.15
1207.8,114.17
1208.1,114.23
1208.4,114.21
1208.7,114.24
1208.9,114.31
1209.2,114.27
1209.5,114.23
1209.8,114.23
1210.1,114.29
1210.3,114.36
1210.6,114.36
1210.9,114.4
1211.2,114.4
1211.5,114.38
1211.8,114.4
1212.0,114.42
1212.3,114.42
1212.6,114.46
1212.9,114.55
1213.2,114.59
1213.5,114.55
1213.7,114.53
1214.0,114.57
1214.3,114.62
1214.6,114.64
1214.9,114.58
1215.2,114.55
1215.4,114.63
1215.7,114.73
1216.0,114.76
1216.3,114.8
1216.6,114.8
1216.9,114.76
1217.2,114.71
1217.4,114.73
1217.7,114.77
1218.0,114.79
1218.3,114.86
1218.6,114.87
1218.9,114.84
1219.2,114.82
1219.4,114.81
1219.7,114.81
1220.0,114.89
1220.3,115.0
1220.6,115.02
1220.9,114.96
1221.2,114.97
1221.5,115.06
1221.8,115.03
1222.0,115.02
1222.3,115.02
1222.6,115.0
1222.9,115.03
1223.2,115.12
1223.5,115.18
1223.8,115.17
1224.1,115.18
1224.3,115.19
1224.6,115.15
1224.9,115.14
1225.2,115.15
1225.5,115.23
1225.8,115.28
1226.1,115.29
1226.4,115.33
1226.7,115.33
1227.0,115.37
1227.3,115.4
1227.5,115.36
1227.8,115.38
1228.1,115.41
1228.4,115.4
1228.7,115.4
1229.0,115.42
1229.3,115.48
1229.6,115.49
1229.9,115.45
1230.2,115.51
1230.4,115.55
1230.7,115.51
1231.0,115.54
1231.3,115.58
1231.6,115.58
1231.9,115.57
1232.2,115.58
1232.5,115.58
1232.8,115.62
1233.1,115.66
1233.4,115.67
1233.7,115.67
1234.0,115.63
1234.3,115.67
1234.6,115.71
1234.8,115.74
1235.1,115.79
1235.4,115.73
1235.7,115.75
1236.0,115.8
1236.3,115.84
1236.6,115.82
1236.9,115.83
1237.2,115.86
1237.5,115.88
1237.8,115.92
1238.1,115.95
1238.4,116.05
1238.7,116.07
1239.0,115.99
1239.3,116.04
1239.6,116.12
1239.9,116.09
1240.2,116.05
1240.5,116.07
1240.8,116.06
1241.1,116.14
1241.3,116.19
1241.7,116.17
1241.9,116.16
1242.2,116.16
1242.5,116.18
1242.8,116.21
1243.1,116.22
1243.4,116.25
1243.7,116.32
1244.0,116.31
1244.3,116.29
1244.6,116.29
1244.9,116.28
1245.2,116.35
1245.5,116.4
1245.8,116.35
1246.1,116.32
1246.4,116.38
1246.7,116.47
1247.0,116.47
1247.3,116.46
1247.6,116.51
1247.9,116.55
1248.2,116.52
1248.5,116.52
1248.8,116.5
1249.1,116.48
1249.4,116.56
1249.7,116.62
1250.0,116.63
1250.3,116.64
1250.6,116.61
1250.9,116.62
1251.2,116.64
1251.5,116.6
1251.8,116.62
1252.1,116.7
1252.4,116.73
1252.8,116.71
1253.1,116.73
1253.3,116.78
1253.7,116.8
1254.0,116.82
1254.3,116.83
1254.6,116.87
1254.9,116.89
1255.2,116.9
1255.5,116.93
1255.8,116.93
1256.1,116.99
1256.4,117.0
1256.7,116.98
1257.0,116.99
1257.3,116.93
1257.6,116.9
1257.9,116.99
1258.2,117.01
1258.5,117.04
1258.8,117.07
1259.1,117.07
1259.4,117.07
1259.8,117.11
1260.1,117.14
1260.4,117.16
1260.7,117.16
1261.0,117.17
1261.3,117.21
1261.6,117.21
1261.9,117.21
1262.2,117.25
1262.5,117.31
1262.8,117.36
1263.1,117.33
1263.4,117.29
1263.7,117.3
1264.1,117.31
1264.4,117.34
1264.7,117.34
1265.0,117.37
1265.3,117.39
1265.6,117.4
1265.9,117.41
1266.2,117.43
1266.5,117.48
1266.8,117.48
1267.1,117.47
1267.4,117.49
1267.8,117.5
1268.1,117.52
1268.4,117.58
1268.7,117.64
1269.0,117.66
1269.3,117.64
1269.6,117.62
1269.9,117.62
1270.2,117.68
1270.6,117.73
1270.9,117.72
1271.2,117.79
1271.5,117.81
1271.8,117.76
1272.1,117.75
1272.4,117.8
1272.7,117.86
1273.1,117.9
1273.4,117.9
1273.7,117.9
1274.0,117.9
1274.3,117.94
1274.6,117.94
1274.9,117.95
1275.2,117.94
1275.6,117.95
1275.9,117.99
1276.2,118.04
1276.5,118.08
1276.8,118.07
1277.1,118.07
1277.4,118.03
1277.8,118.05
1278.1,118.1
1278.4,118.12
1278.7,118.12
1279.0,118.12
1279.3,118.13
1279.7,118.14
1280.0,118.14
1280.3,118.15
1280.6,118.19
1280.9,118.25
1281.2,118.28
1281.5,118.28
1281.9,118.3
1282.2,118.35
1282.5,118.36
1282.8,118.37
1283.1,118.32
1283.4,118.29
1283.8,118.35
1284.1,118.47
1284.4,118.46
1284.7,118.45
1285.0,118.47
1285.4,118.46
1285.7,118.48
1286.0,118.5
1286.3,118.58
1286.6,118.59
1286.9,118.62
1287.3,118.63
1287.6,118.58
1287.9,118.64
1288.2,118.69
1288.6,118.69
1288.9,118.71
1289.2,118.7
1289.5,118.68
1289.8,118.74
1290.2,118.82
1290.5,118.81
1290.8,118.79
1291.1,118.85
1291.4,118.89
1291.8,118.87
1292.1,118.86
1292.4,118.89
1292.7,118.93
1293.1,118.93
1293.4,118.93
1293.7,118.98
1294.0,118.99
1294.3,118.97
1294.7,118.96
1295.0,119.0
1295.3,119.09
1295.6,119.14
1296.0,119.11
1296.3,119.11
1296.6,119.13
1296.9,119.16
1297.3,119.14
1297.6,119.13
1297.9,119.15
1298.2,119.21
1298.6,119.26
1298.9,119.29
1299.2,119.24
1299.5,119.25
1299.9,119.39
1300.2,119.44
1300.5,119.33
1300.8,119.31
1301.2,119.34
1301.5,119.32
1301.8,119.38
1302.1,119.41
1302.5,119.44
1302.8,119.46
1303.1,119.42
1303.4,119.43
1303.8,119.52
1304.1,119.57
1304.4,119.59
1304.8,119.58
1305.1,119.62
1305.4,119.64
1305.8,119.6
1306.1,119.59
1306.4,119.67
1306.7,119.76
1307.1,119.76
1307.4,119.8
1307.7,119.77
1308.1,119.81
1308.4,119.88
1308.7,119.83
1309.1,119.83
1309.4,119.88
1309.7,119.92
1310.0,119.93
1310.4,119.9
1310.7,119.94
1311.0,119.94
1311.4,119.9
1311.7,119.94
1312.0,119.95
1312.4,119.93
1312.7,119.97
1313.0,120.01
1313.4,120.02
1313.7,119.99
1314.0,119.99
1314.4,120.01
1314.7,120.06
1315.0,120.09
1315.4,120.12
1315.7,120.15
1316.0,120.11
1316.4,120.12
1316.7,120.16
1317.0,120.2
1317.4,120.26
1317.7,120.28
1318.0,120.25
1318.4,120.22
1318.7,120.24
1319.0,120.32
1319.4,120.38
1319.7,120.4
1320.1,120.39
1320.4,120.38
1320.7,120.41
1321.1,120.43
1321.4,120.44
1321.7,120.45
1322.1,120.43
1322.4,120.43
1322.7,120.48
1323.1,120.57
1323.4,120.59
1323.8,120.55
1324.1,120.59
1324.4,120.66
1324.8,120.6
1325.1,120.57
1325.4,120.61
1325.8,120.66
1326.1,120.64
1326.5,120.68
1326.8,120.7
1327.1,120.7
1327.5,120.74
1327.8,120.76
1328.2,120.79
1328.5,120.8
1328.8,120.8
1329.2,120.79
1329.5,120.84
1329.9,120.89
1330.2,120.88
1330.6,120.84
1330.9,120.87
1331.2,120.94
1331.6,120.93
1331.9,120.93
1332.3,120.97
1332.6,121.0
1332.9,121.04
1333.3,121.08
1333.6,121.1
1334.0,121.12
1334.3,121.14
1334.7,121.12
1335.0,121.13
1335.3,121.16
1335.7,121.18
1336.0,121.21
1336.4,121.19
1336.7,121.2
1337.1,121.24
1337.4,121.25
1337.8,121.27
1338.1,121.3
1338.4,121.34
1338.8,121.39
1339.1,121.39
1339.5,121.35
1339.8,121.33
1340.2,121.37
1340.5,121.42
1340.9,121.48
1341.2,121.51
1341.6,121.55
1341.9,121.58
1342.3,121.57
1342.6,121.55
1342.9,121.58
1343.3,121.6
1343.7,121.59
1344.0,121.58
1344.3,121.6
1344.7,121.6
1345.0,121.63
1345.4,121.65
1345.7,121.71
1346.1,121.77
1346.4,121.78
1346.8,121.75
1347.1,121.81
1347.5,121.85
1347.8,121.83
1348.2,121.82
1348.5,121.81
1348.9,121.85
1349.2,121.85
1349.6,121.87
1349.9,121.9
1350.3,121.95
1350.7,122.01
1351.0,122.03
1351.3,122.02
1351.7,122.01
1352.1,122.06
1352.4,122.09
1352.8,122.06
1353.1,122.08
1353.5,122.17
1353.8,122.18
1354.2,122.18
1354.5,122.17
1354.9,122.14
1355.2,122.18
1355.6,122.21
1355.9,122.18
1356.3,122.18
1356.7,122.24
1357.0,122.28
1357.4,122.27
1357.7,122.32
1358.1,122.39
1358.4,122.38
1358.8,122.35
1359.2,122.41
1359.5,122.48
1359.9,122.48
1360.2,122.47
1360.6,122.5
1360.9,122.54
1361.3,122.49
1361.7,122.45
1362.0,122.49
1362.4,122.53
1362.7,122.58
1363.1,122.59
1363.4,122.57
1363.8,122.6
1364.2,122.61
1364.5,122.65
1364.9,122.7
1365.2,122.72
1365.6,122.75
1365.9,122.72
1366.3,122.75
1366.7,122.78
1367.0,122.8
1367.4,122.81
1367.8,122.8
1368.1,122.82
1368.5,122.84
1368.8,122.84
1369.2,122.87
1369.6,122.93
1369.9,122.93
1370.3,122.95
1370.6,122.95
1371.0,122.98
1371.4,123.0
1371.7,123.03
1372.1,123.06
1372.5,123.04
1372.8,123.0
1373.2,122.96
1373.6,123.0
1373.9,123.07
1374.3,123.1
1374.6,123.11
1375.0,123.14
1375.4,123.18
1375.7,123.2
1376.1,123.21
1376.5,123.17
1376.8,123.14
1377.2,123.18
1377.6,123.25
1377.9,123.25
1378.3,123.23
1378.7,123.26
1379.0,123.26
1379.4,123.24
1379.8,123.25
1380.1,123.28
1380.5,123.35
1380.9,123.35
1381.2,123.35
1381.6,123.37
1382.0,123.43
1382.3,123.47
1382.7,123.45
1383.1,123.44
1383.4,123.47
1383.8,123.53
1384.2,123.53
1384.6,123.54
1384.9,123.58
1385.3,123.57
1385.7,123.57
1386.0,123.6
1386.4,123.65
1386.8,123.66
1387.2,123.62
1387.5,123.58
1387.9,123.65
1388.3,123.67
1388.6,123.68
1389.0,123.7
1389.4,123.74
1389.8,123.73
1390.1,123.72
1390.5,123.76
1390.9,123.81
1391.2,123.75
1391.6,123.71
1392.0,123.7
1392.4,123.74
1392.7,123.78
1393.1,123.81
1393.5,123.82
1393.9,123.82
1394.2,123.85
1394.6,123.87
1395.0,123.91
1395.4,123.9
1395.7,123.87
1396.1,123.89
1396.5,123.93
1396.9,123.92
1397.2,123.92
1397.6,123.92
1398.0,123.89
1398.4,123.89
1398.8,123.94
1399.1,123.97
1399.5,123.98
1399.9,124.03
1400.3,124.05
1400.6,124.05
1401.0,124.03
1401.4,124.06
1401.8,124.1
1402.2,124.08
1402.5,124.05
1402.9,124.07
1403.3,124.07
1403.7,124.01
1404.1,123.99
1404.4,124.08
1404.8,124.13
1405.2,124.14
1405.6,124.14
1405.9,124.11
1406.3,124.08
1406.7,124.11
1407.1,124.13
1407.5,124.16
1407.9,124.2
1408.3,124.17
1408.6,124.16
1409.0,124.18
1409.4,124.2
1409.8,124.28
1410.2,124.3
1410.5,124.27
1410.9,124.26
1411.3,124.25
1411.7,124.27
1412.1,124.29
1412.5,124.35
1412.8,124.34
1413.2,124.33
1413.6,124.36
1414.0,124.39
1414.4,124.38
1414.8,124.38
1415.2,124.4
1415.6,124.45
1415.9,124.48
1416.3,124.5
1416.7,124.52
1417.1,124.5
1417.5,124.49
1417.9,124.49
1418.3,124.54
1418.7,124.57
1419.0,124.59
1419.4,124.59
1419.8,124.59
1420.2,124.62
1420.6,124.68
1421.0,124.68
1421.4,124.68
1421.8,124.69
1422.2,124.72
1422.5,124.75
1422.9,124.75
1423.3,124.74
1423.7,124.82
1424.1,124.88
1424.5,124.86
1424.9,124.87
1425.3,124.87
1425.7,124.91
1426.1,124.97
1426.4,124.95
1426.8,124.97
1427.2,124.98
1427.6,125.0
1428.0,125.01
1428.4,125.01
1428.8,125.05
1429.2,125.1
1429.6,125.1
1430.0,125.09
1430.4,125.1
1430.8,125.13
1431.2,125.15
1431.6,125.17
1432.0,125.18
1432.4,125.16
1432.8,125.15
1433.2,125.21
1433.6,125.25
1433.9,125.29
1434.3,125.31
1434.7,125.35
1435.1,125.36
1435.5,125.37
1435.9,125.38
1436.3,125.41
1436.7,125.44
1437.1,125.46
1437.5,125.47
1437.9,125.53
1438.3,125.57
1438.7,125.57
1439.1,125.58
1439.5,125.58
1439.9,125.64
1440.3,125.69
1440.7,125.66
1441.1,125.67
1441.5,125.77
1441.9,125.83
1442.3,125.83
1442.7,125.81
1443.1,125.83
1443.5,125.85
1443.9,125.88
1444.3,125.92
1444.7,125.91
1445.1,125.95
1445.5,126.02
1445.9,126.06
1446.3,126.08
1446.8,126.09
1447.2,126.1
1447.6,126.14
1448.0,126.19
1448.4,126.18
1448.8,126.13
1449.2,126.12
1449.6,126.17
1450.0,126.24
1450.4,126.29
1450.8,126.29
1451.2,126.32
1451.6,126.39
1452.0,126.43
1452.4,126.43
1452.8,126.42
1453.2,126.43
1453.7,126.47
1454.1,126.52
1454.5,126.54
1454.9,126.56
1455.3,126.58
1455.7,126.57
1456.1,126.61
1456.5,126.68
1456.9,126.68
1457.3,126.69
1457.7,126.71
1458.2,126.72
1458.6,126.74
1459.0,126.75
1459.4,126.8
1459.8,126.82
1460.2,126.82
1460.6,126.86
1461.0,126.88
1461.4,126.89
1461.8,126.89
1462.3,126.9
1462.7,126.95
1463.1,127.0
1463.5,127.02
1463.9,127.02
1464.3,127.05
1464.7,127.1
1465.2,127.12
1465.6,127.15
1466.0,127.12
1466.4,127.12
1466.8,127.13
1467.2,127.18
1467.6,127.21
1468.1,127.24
1468.5,127.27
1468.9,127.3
1469.3,127.31
1469.7,127.29
1470.1,127.32
1470.6,127.35
1471.0,127.35
1471.4,127.36
1471.8,127.38
1472.2,127.44
1472.6,127.48
1473.1,127.42
1473.5,127.44
1473.9,127.52
1474.3,127.51
1474.7,127.49
1475.2,127.51
1475.6,127.55
1476.0,127.57
1476.4,127.56
1476.8,127.58
1477.3,127.61
1477.7,127.64
1478.1,127.66
1478.5,127.64
1478.9,127.64
1479.4,127.65
1479.8,127.69
1480.2,127.73
1480.6,127.74
1481.1,127.77
1481.5,127.8
1481.9,127.82
1482.3,127.83
1482.8,127.83
1483.2,127.87
1483.6,127.91
1484.0,127.89
1484.4,127.85
1484.9,127.83
1485.3,127.85
1485.7,127.91
1486.2,127.96
1486.6,128.0
1487.0,128.02
1487.4,128.04
1487.9,128.03
1488.3,128.04
1488.7,128.06
1489.1,128.09
1489.6,128.14
1490.0,128.14
1490.4,128.14
1490.8,128.16
1491.3,128.18
1491.7,128.18
1492.1,128.23
1492.6,128.27
1493.0,128.28
1493.4,128.28
1493.9,128.25
1494.3,128.24
1494.7,128.28
1495.2,128.31
1495.6,128.33
1496.0,128.32
1496.4,128.34
1496.9,128.3
1497.3,128.29
1497.7,128.37
1498.2,128.46
1498.6,128.47
1499.0,128.44
1499.5,128.45
1499.9,128.49
1500.3,128.51
1500.8,128.51
1501.2,128.5
1501.7,128.51
1502.1,128.54
1502.5,128.55
1502.9,128.57
1503.4,128.58
1503.8,128.58
1504.3,128.58
1504.7,128.59
1505.1,128.61
1505.6,128.63
1506.0,128.66
1506.4,128.74
1506.9,128.74
1507.3,128.71
1507.8,128.74
1508.2,128.77
1508.6,128.8
1509.1,128.79
1509.5,128.77
1509.9,128.81
1510.4,128.88
1510.8,128.87
1511.3,128.85
1511.7,128.89
1512.2,128.92
1512.6,128.93
1513.0,128.93
1513.5,128.92
1513.9,128.95
1514.4,128.98
1514.8,129.0
1515.3,129.04
1515.7,129.07
1516.1,129.08
1516.6,129.09
1517.0,129.1
1517.5,129.1
1517.9,129.1
1518.4,129.07
1518.8,129.07
1519.3,129.14
1519.7,129.22
1520.1,129.24
1520.6,129.23
1521.0,129.2
1521.5,129.19
1521.9,129.22
1522.4,129.24
1522.8,129.24
1523.3,129.29
1523.7,129.34
1524.2,129.32
1524.6,129.29
1525.1,129.32
1525.5,129.34
1525.9,129.35
1526.4,129.34
1526.8,129.36
1527.3,129.38
1527.8,129.39
1528.2,129.38
1528.7,129.37
1529.1,129.35
1529.6,129.4
1530.0,129.46
1530.5,129.45
1530.9,129.44
1531.4,129.46
1531.8,129.49
1532.3,129.55
1532.7,129.57
1533.2,129.56
1533.6,129.56
1534.1,129.57
1534.5,129.57
1535.0,129.59
1535.4,129.61
1535.9,129.64
1536.3,129.66
1536.8,129.65
1537.3,129.67
1537.7,129.69
1538.2,129.7
1538.6,129.68
1539.1,129.64
1539.6,129.66
1540.0,129.69
1540.5,129.71
1540.9,129.72
1541.4,129.72
1541.8,129.74
1542.3,129.77
1542.8,129.79
1543.2,129.8
1543.7,129.81
1544.1,129.78
1544.6,129.77
1545.1,129.8
1545.5,129.82
1546.0,129.84
1546.4,129.83
1546.9,129.85
1547.4,129.88
1547.8,129.92
1548.3,129.94
1548.7,129.94
1549.2,129.97
1549.7,129.98
1550.1,129.97
1550.6,129.97
1551.1,129.96
1551.5,129.99
1552.0,130.03
1552.4,130.03
1552.9,130.02
1553.4,130.03
1553.8,130.04
1554.3,130.06
1554.8,130.08
1555.3,130.09
1555.7,130.12
1556.2,130.15
1556.7,130.15
1557.1,130.13
1557.6,130.13
1558.1,130.14
1558.5,130.18
1559.0,130.19
1559.5,130.18
1559.9,130.16
1560.4,130.18
1560.9,130.23
1561.3,130.22
1561.8,130.22
1562.3,130.22
1562.8,130.2
1563.2,130.21
1563.7,130.24
1564.2,130.25
1564.6,130.29
1565.1,130.32
1565.6,130.33
1566.1,130.33
1566.5,130.32
1567.0,130.32
1567.5,130.31
1567.9,130.31
1568.4,130.36
1568.9,130.38
1569.4,130.35
1569.8,130.33
1570.3,130.35
1570.8,130.39
1571.3,130.43
1571.8,130.44
1572.2,130.48
1572.7,130.48
1573.2,130.47
1573.7,130.49
1574.1,130.53
1574.6,130.52
1575.1,130.49
1575.6,130.51
1576.1,130.56
1576.5,130.56
1577.0,130.52
1577.5,130.53
1578.0,130.58
1578.4,130.57
1578.9,130.56
1579.4,130.59
1579.9,130.62
1580.4,130.65
1580.8,130.62
1581.3,130.62
1581.8,130.66
1582.3,130.65
1582.8,130.65
1583.3,130.65
1583.8,130.67
1584.2,130.69
1584.7,130.7
1585.2,130.7
1585.7,130.68
1586.2,130.65
1586.7,130.67
1587.2,130.72
1587.6,130.75
1588.1,130.78
1588.6,130.8
1589.1,130.78
1589.6,130.77
1590.1,130.78
1590.6,130.78
1591.0,130.77
1591.5,130.76
1592.0,130.84
1592.5,130.86
1593.0,130.83
1593.5,130.84
1594.0,130.87
1594.5,130.88
1595.0,130.88
1595.4,130.88
1595.9,130.87
1596.4,130.89
1596.9,130.9
1597.4,130.9
1597.9,130.89
1598.4,130.92
1598.9,130.93
1599.4,130.92
1599.9,130.91
1600.4,130.92
1600.9,130.92
1601.4,130.94
1601.9,130.96
1602.3,130.98
1602.8,130.97
1603.3,130.99
1603.8,130.99
1604.3,130.99
1604.8,131.01
1605.3,131.03
1605.8,131.05
1606.3,131.05
1606.8,131.07
1607.3,131.07
1607.8,131.05
1608.3,131.06
1608.8,131.08
1609.3,131.1
1609.8,131.09
1610.3,131.09
1610.8,131.12
1611.3,131.14
1611.8,131.11
1612.3,131.1
1612.8,131.14
1613.3,131.16
1613.8,131.15
1614.3,131.17
1614.8,131.21
1615.3,131.22
1615.8,131.2
1616.3,131.16
1616.8,131.16
1617.3,131.18
1617.8,131.21
1618.4,131.23
1618.9,131.23
1619.4,131.24
1619.9,131.26
1620.4,131.27
1620.9,131.27
1621.4,131.28
1621.9,131.27
1622.4,131.26
1622.9,131.27
1623.4,131.28
1623.9,131.27
1624.4,131.28
1624.9,131.27
1625.5,131.27
1626.0,131.28
1626.5,131.29
1627.0,131.29
1627.5,131.29
1628.0,131.3
1628.5,131.33
1629.0,131.33
1629.6,131.33
1630.1,131.36
1630.6,131.37
1631.1,131.36
1631.6,131.36
1632.1,131.36
1632.6,131.35
1633.1,131.33
1633.7,131.35
1634.2,131.37
1634.7,131.35
1635.2,131.35
1635.7,131.38
1636.2,131.41
1636.8,131.39
1637.3,131.4
1637.8,131.4
1638.3,131.39
1638.8,131.4
1639.3,131.39
1639.8,131.42
1640.4,131.41
1640.9,131.39
1641.4,131.43
1641.9,131.47
1642.4,131.44
1643.0,131.4
1643.5,131.41
1644.0,131.42
1644.5,131.41
1645.1,131.43
1645.6,131.46
1646.1,131.45
1646.6,131.43
1647.2,131.43
1647.7,131.43
1648.2,131.45
1648.7,131.46
1649.2,131.48
1649.8,131.49
1650.3,131.46
1650.8,131.45
1651.3,131.47
1651.9,131.44
1652.4,131.45
1652.9,131.47
1653.4,131.49
1654.0,131.48
1654.5,131.47
1655.0,131.47
1655.6,131.5
1656.1,131.51
1656.6,131.5
1657.2,131.49
1657.7,131.48
1658.2,131.51
1658.7,131.51
1659.3,131.53
1659.8,131.55
1660.3,131.56
1660.9,131.55
1661.4,131.54
1661.9,131.56
1662.5,131.55
1663.0,131.54
1663.5,131.53
1664.1,131.54
1664.6,131.56
1665.1,131.56
1665.7,131.55
1666.2,131.54
1666.7,131.57
1667.3,131.56
1667.8,131.58
1668.3,131.59
1668.9,131.56
1669.4,131.55
1670.0,131.57
1670.5,131.56
1671.0,131.54
1671.6,131.55
1672.1,131.57
1672.7,131.59
1673.2,131.57
1673.7,131.58
1674.3,131.59
1674.8,131.6
1675.4,131.59
1675.9,131.58
1676.4,131.59
1677.0,131.59
1677.5,131.58
1678.1,131.58
1678.6,131.59
1679.2,131.59
1679.7,131.57
1680.2,131.62
1680.8,131.64
1681.3,131.6
1681.9,131.6
1682.4,131.62
1683.0,131.61
1683.5,131.6
1684.1,131.61
1684.6,131.6
1685.2,131.58
1685.7,131.6
1686.3,131.62
1686.8,131.6
1687.3,131.59
1687.9,131.59
1688.4,131.61
1689.0,131.61
1689.6,131.56
1690.1,131.57
1690.7,131.62
1691.2,131.62
1691.8,131.61
1692.3,131.63
1692.9,131.61
1693.4,131.62
1694.0,131.66
1694.5,131.6
1695.1,131.55
1695.6,131.56
1696.2,131.57
1696.7,131.58
1697.3,131.59
1697.8,131.58
1698.4,131.57
1699.0,131.57
1699.5,131.57
1700.1,131.55
1700.6,131.57
1701.2,131.58
1701.8,131.58
1702.3,131.58
1702.9,131.58
1703.4,131.58
1704.0,131.59
1704.6,131.59
1705.1,131.57
1705.7,131.55
1706.2,131.56
1706.8,131.57
1707.3,131.55
1707.9,131.57
1708.5,131.6
1709.0,131.59
1709.6,131.55
1710.2,131.57
1710.7,131.58
1711.3,131.56
1711.9,131.54
1712.4,131.54
1713.0,131.57
1713.6,131.56
1714.1,131.55
1714.7,131.55
1715.3,131.54
1715.8,131.54
1716.4,131.53
1717.0,131.51
1717.5,131.53
1718.1,131.56
1718.7,131.55
1719.2,131.51
1719.8,131.5
1720.4,131.51
1720.9,131.5
1721.5,131.5
1722.1,131.5
1722.7,131.49
1723.2,131.49
1723.8,131.49
1724.4,131.47
1725.0,131.46
1725.5,131.46
1726.1,131.49
1726.7,131.47
1727.3,131.47
1727.8,131.48
1728.4,131.46
1729.0,131.48
1729.6,131.53
1730.1,131.52
1730.7,131.48
1731.3,131.45
1731.9,131.45
1732.5,131.47
1733.0,131.49
1733.6,131.46
1734.2,131.44
1734.8,131.45
1735.3,131.43
1735.9,131.4
1736.5,131.41
1737.1,131.46
1737.7,131.46
1738.3,131.45
1738.8,131.45
1739.4,131.43
1740.0,131.41
1740.6,131.4
1741.2,131.39
1741.8,131.39
1742.3,131.38
1742.9,131.36
1743.5,131.34
1744.1,131.35
1744.7,131.37
1745.3,131.35
1745.9,131.36
1746.5,131.37
1747.1,131.34
1747.6,131.35
1748.2,131.35
1748.8,131.34
1749.4,131.34
1750.0,131.33
1750.6,131.29
1751.2,131.3
1751.8,131.3
1752.4,131.28
1753.0,131.28
1753.6,131.27
1754.1,131.26
1754.7,131.24
1755.3,131.25
1755.9,131.26
1756.5,131.25
1757.1,131.27
1757.7,131.29
1758.3,131.24
1758.9,131.2
1759.5,131.18
1760.1,131.17
1760.7,131.17
1761.3,131.17
1761.9,131.2
1762.5,131.2
1763.1,131.18
1763.7,131.18
1764.3,131.17
1764.9,131.15
1765.5,131.15
1766.1,131.16
1766.7,131.11
1767.3,131.08
1767.9,131.08
1768.5,131.08
1769.1,131.08
1769.7,131.08
1770.3,131.09
1770.9,131.07
1771.5,131.05
1772.1,131.04
1772.7,131.04
1773.3,131.01
1773.9,130.96
1774.6,130.96
1775.2,130.96
1775.8,130.97
1776.4,130.97
1777.0,130.96
1777.6,130.96
1778.2,130.95
1778.8,130.93
1779.4,130.94
1780.0,130.94
1780.7,130.93
1781.3,130.9
1781.9,130.89
1782.5,130.9
1783.1,130.92
1783.7,130.9
1784.3,130.89
1784.9,130.86
1785.6,130.85
1786.2,130.83
1786.8,130.78
1787.4,130.78
1788.0,130.82
1788.6,130.81
1789.3,130.78
1789.9,130.76
1790.5,130.77
1791.1,130.79
1791.7,130.77
1792.3,130.74
1793.0,130.73
1793.6,130.7
1794.2,130.71
1794.8,130.7
1795.4,130.69
1796.1,130.7
1796.7,130.71
1797.3,130.72
1797.9,130.69
1798.6,130.64
1799.2,130.61
1799.8,130.59
1800.4,130.59
1801.1,130.6
1801.7,130.59
1802.3,130.6
1802.9,130.6
1803.6,130.56
1804.2,130.58
1804.8,130.56
1805.4,130.52
1806.1,130.51
1806.7,130.52
1807.3,130.53
1808.0,130.52
1808.6,130.49
1809.2,130.48
1809.9,130.46
1810.5,130.44
1811.1,130.42
1811.8,130.4
1812.4,130.38
1813.0,130.34
1813.7,130.33
1814.3,130.34
1814.9,130.32
1815.6,130.3
1816.2,130.28
1816.8,130.28
1817.5,130.27
1818.1,130.28
1818.8,130.31
1819.4,130.31
1820.0,130.29
1820.7,130.23
1821.3,130.19
1821.9,130.21
1822.6,130.2
1823.2,130.16
1823.9,130.15
1824.5,130.13
1825.2,130.12
1825.8,130.11
1826.4,130.11
1827.1,130.1
1827.7,130.04
1828.4,130.06
1829.0,130.09
1829.7,130.07
1830.3,130.01
1830.9,130.0
1831.6,130.0
1832.3,130.0
1832.9,129.98
1833.5,129.94
1834.2,129.93
1834.8,129.95
1835.5,129.91
1836.1,129.88
1836.8,129.86
1837.4,129.87
1838.1,129.86
1838.8,129.83
1839.4,129.8
1840.1,129.81
1840.7,129.81
1841.4,129.79
1842.0,129.77
1842.7,129.76
1843.3,129.75
1844.0,129.73
1844.6,129.68
1845.3,129.65
1845.9,129.62
1846.6,129.62
1847.3,129.61
1847.9,129.62
1848.6,129.64
1849.2,129.61
1849.9,129.58
1850.6,129.55
1851.2,129.53
1851.9,129.5
1852.5,129.5
1853.2,129.49
1853.9,129.49
1854.5,129.47
1855.2,129.45
1855.9,129.43
1856.5,129.38
1857.2,129.34
1857.8,129.3
1858.5,129.3
1859.2,129.3
1859.8,129.31
1860.5,129.29
1861.2,129.27
1861.9,129.25
1862.5,129.24
1863.2,129.23
1863.9,129.2
1864.5,129.16
1865.2,129.13
1865.9,129.09
1866.6,129.07
1867.2,129.05
1867.9,129.04
1868.6,129.0
1869.2,128.99
1869.9,128.98
1870.6,128.95
1871.3,128.94
1871.9,128.88
1872.6,128.82
1873.3,128.81
1874.0,128.77
1874.7,128.71
1875.3,128.68
1876.0,128.66
1876.7,128.64
1877.4,128.6
1878.0,128.56
1878.7,128.54
1879.4,128.48
1880.1,128.44
1880.8,128.41
1881.4,128.38
1882.1,128.33
1882.8,128.26
1883.5,128.24
1884.2,128.21
1884.9,128.11
1885.6,128.03
1886.2,127.96
1886.9,127.91
1887.6,127.84
1888.3,127.77
1889.0,127.71
1889.7,127.65
1890.4,127.6
1891.1,127.51
1891.8,127.4
1892.4,127.32
1893.1,127.26
1893.8,127.15
1894.5,127.03
1895.2,126.92
1895.9,126.82
1896.6,126.76
1897.3,126.68
1898.0,126.58
1898.7,126.44
1899.4,126.35
1900.1,126.31
1900.8,126.22
1901.5,126.11
1902.2,126.02
1902.9,125.94
1903.6,125.85
1904.3,125.77
1904.9,125.71
1905.7,125.67
1906.3,125.66
1907.1,125.62
1907.8,125.56
1908.5,125.52
1909.2,125.5
1909.9,125.47
1910.6,125.44
1911.3,125.44
1912.0,125.43
1912.7,125.41
1913.4,125.42
1914.1,125.43
1914.8,125.42
1915.5,125.41
1916.2,125.45
1916.9,125.49
1917.6,125.48
1918.3,125.46
1919.1,125.51
1919.8,125.54
1920.5,125.53
1921.2,125.53
1921.9,125.53
1922.6,125.55
1923.3,125.56
1924.0,125.57
1924.8,125.58
1925.5,125.59
1926.2,125.61
1926.9,125.62
1927.6,125.64
1928.3,125.67
1929.1,125.69
1929.8,125.66
1930.5,125.68
1931.2,125.69
1931.9,125.67
1932.7,125.67
1933.4,125.69
1934.1,125.7
1934.8,125.7
1935.5,125.7
1936.3,125.72
1937.0,125.7
1937.7,125.68
1938.4,125.69
1939.2,125.69
1939.9,125.65
1940.6,125.65
1941.3,125.67
1942.1,125.67
1942.8,125.63
1943.5,125.63
1944.2,125.64
1945.0,125.67
1945.7,125.66
1946.4,125.63
1947.2,125.62
1947.9,125.62
1948.6,125.63
1949.4,125.62
1950.1,125.62
1950.8,125.6
1951.6,125.58
1952.3,125.59
1953.0,125.58
1953.8,125.55
1954.5,125.56
1955.2,125.56
1956.0,125.55
1956.7,125.53
1957.4,125.49
1958.2,125.48
1958.9,125.51
1959.7,125.51
1960.4,125.5
1961.2,125.46
1961.9,125.43
1962.6,125.39
1963.4,125.38
1964.1,125.42
1964.9,125.43
1965.6,125.42
1966.4,125.4
1967.1,125.36
1967.8,125.33
1968.6,125.32
1969.3,125.3
1970.1,125.27
1970.8,125.27
1971.6,125.26
1972.3,125.24
1973.1,125.23
1973.8,125.24
1974.6,125.22
1975.3,125.2
1976.1,125.18
1976.9,125.15
1977.6,125.12
1978.4,125.12
1979.1,125.11
1979.9,125.07
1980.6,125.06
1981.4,125.07
1982.2,125.05
1982.9,125.01
1983.7,124.97
1984.4,124.94
1985.2,124.93
1985.9,124.94
1986.7,124.94
1987.5,124.91
1988.2,124.85
1989.0,124.83
1989.8,124.84
1990.5,124.84
1991.3,124.83
1992.1,124.82
1992.8,124.79
1993.6,124.74
1994.3,124.72
1995.1,124.69
1995.9,124.68
1996.7,124.67
1997.4,124.66
1998.2,124.6
1999.0,124.57
1999.7,124.57
2000.5,124.55
2001.3,124.56
2002.1,124.56
2002.8,124.52
2003.6,124.49
2004.4,124.49
2005.2,124.45
2005.9,124.42
2006.7,124.43
2007.5,124.44
2008.3,124.44
2009.0,124.43
2009.8,124.41
2010.6,124.4
2011.4,124.39
2012.2,124.35
2012.9,124.3
2013.7,124.26
2014.5,124.25
2015.3,124.24
2016.1,124.22
2016.8,124.23
2017.6,124.24
2018.4,124.21
2019.2,124.16
2020.0,124.13
2020.8,124.12
2021.6,124.09
2022.3,124.06
2023.1,124.05
2023.9,124.07
2024.7,124.03
2025.5,123.99
2026.3,123.96
2027.1,123.92
2027.9,123.92
2028.7,123.92
2029.5,123.9
2030.3,123.9
2031.1,123.89
2031.9,123.88
2032.7,123.84
2033.5,123.81
2034.3,123.8
2035.1,123.78
2035.8,123.74
2036.7,123.72
2037.4,123.69
2038.3,123.67
2039.1,123.66
2039.9,123.65
2040.7,123.64
2041.5,123.63
2042.3,123.6
2043.1,123.58
2043.9,123.55
2044.7,123.52
2045.5,123.51
2046.3,123.47
2047.1,123.44
2047.9,123.43
2048.7,123.38
2049.5,123.38
2050.3,123.35
2051.1,123.33
2052.0,123.33
2052.8,123.31
2053.6,123.28
2054.4,123.27
2055.2,123.23
2056.0,123.21
2056.9,123.19
2057.7,123.16
2058.5,123.14
2059.3,123.12
2060.1,123.07
2060.9,123.06
2061.8,123.05
2062.6,123.04
2063.4,123.01
2064.2,123.0
2065.0,122.97
2065.9,122.96
2066.7,122.95
2067.5,122.92
2068.3,122.88
2069.2,122.83
2070.0,122.81
2070.8,122.8
2071.6,122.75
2072.5,122.71
2073.3,122.7
2074.1,122.67
2075.0,122.66
2075.8,122.63
2076.6,122.59
2077.4,122.59
2078.3,122.54
2079.1,122.49
2079.9,122.5
2080.8,122.51
2081.6,122.47
2082.5,122.42
2083.3,122.38
2084.1,122.37
2085.0,122.35
2085.8,122.32
2086.6,122.29
2087.5,122.25
2088.3,122.24
2089.2,122.21
2090.0,122.19
2090.9,122.18
2091.7,122.15
2092.6,122.13
2093.4,122.12
2094.2,122.1
2095.1,122.08
2095.9,122.06
2096.8,122.02
2097.6,122.0
2098.5,121.96
2099.3,121.95
2100.2,121.9
2101.0,121.88
2101.9,121.85
2102.7,121.83
2103.6,121.8
2104.4,121.78
2105.3,121.76
2106.1,121.73
2107.0,121.73
2107.9,121.73
2108.7,121.7
2109.6,121.66
2110.4,121.63
2111.3,121.62
2112.1,121.6
2113.0,121.58
2113.9,121.55
2114.7,121.53
2115.6,121.49
2116.5,121.44
2117.3,121.44
2118.2,121.46
2119.1,121.45
2119.9,121.41
2120.8,121.37
2121.7,121.36
2122.5,121.36
2123.4,121.34
2124.3,121.3
2125.1,121.26
2126.0,121.23
2126.9,121.21
2127.8,121.19
2128.6,121.17
2129.5,121.13
2130.4,121.08
2131.3,121.09
2132.1,121.09
2133.0,121.07
2133.9,121.05
2134.8,121.03
2135.6,121.04
2136.5,121.04
2137.4,121.0
2138.3,120.95
2139.2,120.9
2140.1,120.9
2140.9,120.89
2141.8,120.87
2142.7,120.88
2143.6,120.84
2144.5,120.79
2145.4,120.76
2146.3,120.77
2147.1,120.75
2148.0,120.74
2148.9,120.71
2149.8,120.66
2150.7,120.65
2151.6,120.66
2152.5,120.63
2153.4,120.59
2154.3,120.55
2155.2,120.51
2156.1,120.48
2157.0,120.49
2157.9,120.48
2158.8,120.45
2159.7,120.44
2160.6,120.46
2161.5,120.45
2162.4,120.42
2163.3,120.38
2164.2,120.34
2165.1,120.31
2166.0,120.29
2166.9,120.26
2167.8,120.25
2168.7,120.21
2169.6,120.17
2170.5,120.14
2171.4,120.14
2172.3,120.14
2173.2,120.14
2174.1,120.12
2175.1,120.09
2176.0,120.07
2176.9,120.07
2177.8,120.02
2178.7,119.99
2179.6,120.0
2180.6,119.96
2181.5,119.89
2182.4,119.84
2183.3,119.83
2184.2,119.82
2185.1,119.77
2186.1,119.75
2187.0,119.74
2187.9,119.71
2188.8,119.71
2189.8,119.71
2190.7,119.69
2191.6,119.68
2192.5,119.65
2193.5,119.61
2194.4,119.6
2195.3,119.59
2196.3,119.56
2197.2,119.56
2198.1,119.54
2199.1,119.51
2200.0,119.48
2200.9,119.45
2201.9,119.44
2202.8,119.42
2203.7,119.42
2204.7,119.39
2205.6,119.35
2206.5,119.34
2207.5,119.34
2208.4,119.3
2209.4,119.27
2210.3,119.26
2211.2,119.25
2212.2,119.23
2213.1,119.17
2214.1,119.13
2215.0,119.15
2216.0,119.13
2216.9,119.09
2217.9,119.06
2218.8,119.05
2219.8,119.04
2220.7,119.04
2221.7,119.02
2222.6,119.0
2223.6,118.95
2224.5,118.91
2225.5,118.9
2226.4,118.89
2227.4,118.85
2228.4,118.84
2229.3,118.81
2230.3,118.74
2231.2,118.72
2232.2,118.71
2233.1,118.68
2234.1,118.66
2235.1,118.64
2236.0,118.6
2237.0,118.57
2238.0,118.56
2238.9,118.52
2239.9,118.51
2240.9,118.51
2241.8,118.47
2242.8,118.42
2243.8,118.42
2244.8,118.41
2245.7,118.37
2246.7,118.36
2247.7,118.35
2248.6,118.37
2249.6,118.35
2250.6,118.33
2251.6,118.32
2252.6,118.29
2253.5,118.26
2254.5,118.25
2255.5,118.29
2256.5,118.28
2257.4,118.25
2258.4,118.25
2259.4,118.25
2260.4,118.28
2261.4,118.25
2262.4,118.14
2263.4,118.09
2264.4,118.06
2265.3,118.04
2266.3,118.04
2267.3,118.03
2268.3,118.0
2269.3,117.96
2270.3,117.91
2271.3,117.87
2272.3,117.84
2273.3,117.8
2274.3,117.75
2275.3,117.71
2276.3,117.65
2277.3,117.58
2278.3,117.51
2279.3,117.44
2280.3,117.38
2281.3,117.32
2282.3,117.31
2283.3,117.26
2284.3,117.19
2285.3,117.13
2286.3,117.11
2287.3,117.05
2288.3,116.99
2289.4,116.95
2290.4,116.95
2291.4,116.93
2292.4,116.91
2293.4,116.9
2294.4,116.88
2295.4,116.89
2296.4,116.88
2297.5,116.86
2298.5,116.9
2299.5,116.97
2300.5,116.99
2301.5,117.03
2302.6,117.05
2303.6,117.08
2304.6,117.14
2305.6,117.15
2306.7,117.17
2307.7,117.19
2308.7,117.23
2309.8,117.29
2310.8,117.35
2311.8,117.36
2312.8,117.37
2313.9,117.39
2314.9,117.47
2315.9,117.5
2317.0,117.51
2318.0,117.55
2319.1,117.59
2320.1,117.61
2321.1,117.64
2322.2,117.67
2323.2,117.7
2324.2,117.73
2325.3,117.79
2326.3,117.83
2327.4,117.85
2328.4,117.89
2329.5,117.92
2330.5,117.92
2331.6,117.96
2332.6,118.02
2333.7,118.02
2334.7,118.01
2335.8,118.02
2336.8,118.02
2337.9,118.03
2338.9,118.05
2340.0,118.03
2341.0,118.0
2342.1,118.03
2343.1,118.02
2344.2,118.01
2345.3,118.03
2346.3,118.02
2347.4,118.0
2348.5,118.02
2349.5,118.05
2350.6,118.08
2351.6,118.09
2352.7,118.09
2353.8,118.08
2354.9,118.1
2355.9,118.11
2357.0,118.13
2358.1,118.16
2359.1,118.16
2360.2,118.14
2361.3,118.16
2362.4,118.19
2363.4,118.2
2364.5,118.2
2365.6,118.24
2366.7,118.28
2367.8,118.31
2368.8,118.33
2369.9,118.38
2371.0,118.37
2372.1,118.39
2373.2,118.4
2374.3,118.42
2375.4,118.43
2376.4,118.48
2377.5,118.51
2378.6,118.52
2379.7,118.57
2380.8,118.63
2381.9,118.66
2383.0,118.67
2384.1,118.67
2385.2,118.7
2386.3,118.74
2387.4,118.76
2388.5,118.8
2389.6,118.85
2390.7,118.87
2391.8,118.85
2392.9,118.87
2394.0,118.94
2395.1,118.96
2396.2,118.95
2397.3,118.95
2398.4,118.99
2399.5,119.05
2400.6,119.11
2401.8,119.14
2402.9,119.16
2404.0,119.14
2405.1,119.18
2406.2,119.28
2407.3,119.31
2408.5,119.33
2409.6,119.39
2410.7,119.41
2411.8,119.44
2412.9,119.47
2414.1,119.52
2415.2,119.56
2416.3,119.61
2417.4,119.65
2418.6,119.7
2419.7,119.74
2420.8,119.76
2422.0,119.76
2423.1,119.83
2424.2,119.89
2425.4,119.92
2426.5,119.95
2427.6,120.0
2428.8,120.08
2429.9,120.13
2431.0,120.12
2432.2,120.12
2433.3,120.16
2434.5,120.23
2435.6,120.26
2436.8,120.31
2437.9,120.37
2439.1,120.41
2440.2,120.45
2441.3,120.53
2442.5,120.54
2443.6,120.58
2444.8,120.61
2445.9,120.64
2447.1,120.71
2448.3,120.76
2449.4,120.78
2450.6,120.81
2451.7,120.85
2452.9,120.93
2454.1,120.96
2455.2,121.0
2456.4,121.03
2457.5,121.06
2458.7,121.13
2459.9,121.2
2461.0,121.24
2462.2,121.26
2463.4,121.31
2464.6,121.35
2465.7,121.38
2466.9,121.44
2468.1,121.48
2469.2,121.53
2470.4,121.59
2471.6,121.62
2472.8,121.63
2474.0,121.67
2475.1,121.74
2476.3,121.82
2477.5,121.86
2478.7,121.88
2479.9,121.91
2481.1,121.97
2482.3,121.97
2483.4,122.04
2484.6,122.07
2485.8,122.09
2487.0,122.17
2488.2,122.2
2489.4,122.2
2490.6,122.27
2491.8,122.34
2493.0,122.4
2494.2,122.46
2495.4,122.55
2496.6,122.61
2497.8,122.63
2499.0,122.65
2500.2,122.7
2501.4,122.71
2502.6,122.75
2503.8,122.83
2505.0,122.92
2506.2,122.98
2507.4,123.07
2508.7,123.1
2509.9,123.12
2511.1,123.17
2512.3,123.26
2513.5,123.32
2514.8,123.38
2516.0,123.42
2517.2,123.49
2518.4,123.54
2519.6,123.59
2520.9,123.65
2522.1,123.71
2523.3,123.73
2524.5,123.77
2525.8,123.83
2527.0,123.94
2528.2,124.03
2529.5,124.07
2530.7,124.11
2531.9,124.13
2533.2,124.17
2534.4,124.22
2535.6,124.27
2536.9,124.34
2538.1,124.36
2539.4,124.41
2540.6,124.46
2541.9,124.52
2543.1,124.56
2544.4,124.61
2545.6,124.64
2546.9,124.72
2548.1,124.77
2549.4,124.8
2550.6,124.85
2551.9,124.91
2553.1,124.97
2554.4,124.96
2555.6,124.99
2556.9,125.08
2558.2,125.13
2559.4,125.23
2560.7,125.32
2562.0,125.36
2563.2,125.36
2564.5,125.38
2565.8,125.35
2567.0,125.37
2568.3,125.41
2569.6,125.49
2570.9,125.52
2572.1,125.55
2573.4,125.6
2574.7,125.6
2576.0,125.61
2577.2,125.66
2578.5,125.67
2579.8,125.72
2581.1,125.82
2582.4,125.83
2583.7,125.85
2584.9,125.87
2586.2,125.91
2587.5,125.96
2588.8,125.95
2590.1,125.97
2591.4,126.01
2592.7,126.06
2594.0,126.12
2595.3,126.18
2596.6,126.04
2597.9,126.05
2599.2,126.11
2600.5,126.14
2601.8,126.16
2603.1,126.22
2604.4,126.23
2605.7,126.25
2607.0,126.26
2608.4,126.3
2609.7,126.28
2611.0,126.26
2612.3,126.24
2613.6,126.25
2614.9,126.28
2616.3,126.38
2617.6,126.32
2618.9,126.27
2620.2,126.31
2621.5,126.29
2622.9,126.2
2624.2,126.2
2625.5,126.29
2626.9,126.36
2628.2,126.27
2629.5,126.29
2630.9,126.29
2632.2,126.28
2633.5,126.28
2634.9,126.2
2636.2,126.06
2637.5,126.03
2638.9,126.01
2640.2,126.04
2641.6,126.02
2642.9,125.99
2644.3,125.96
2645.6,125.97
2647.0,125.84
2648.3,125.77
2649.7,125.69
2651.0,125.65
2652.4,125.63
2653.7,125.54
2655.1,125.48
2656.5,125.39
2657.8,125.2
2659.2,125.16
2660.6,125.05
2661.9,124.94
2663.3,124.83
2664.6,124.77
2666.0,124.53
2667.4,124.22
2668.8,123.88
2670.1,123.46
2671.5,122.78
2672.9,122.4
2674.3,122.05
2675.6,121.72
2677.0,121.36
2678.4,120.98
2679.8,120.46
2681.2,119.92
2682.6,119.43
2684.0,118.91
2685.4,118.32
2686.7,117.74
2688.1,117.01
2689.5,116.25
2690.9,115.34
2692.3,114.43
2693.7,113.35
2695.1,112.17
2696.5,111.1
2697.9,110.27
2699.3,109.51
2700.7,108.77
2702.1,107.9
2703.6,107.07
2705.0,106.15
2706.4,105.25
2707.8,104.25
2709.2,103.17
2710.6,101.98
2712.0,100.74
2713.4,99.52
2714.9,98.31
2716.3,97.01
2717.7,95.73
2719.1,94.5
2720.6,93.09
2722.0,91.29
2723.4,89.96
2724.9,88.46
2726.3,86.97
2727.7,85.69
2729.2,84.58
2730.6,83.46
2732.0,82.41
2733.5,81.49
2734.9,80.59
2736.4,79.62
2737.8,78.93
2739.3,78.25
2740.7,77.38
2742.1,76.32
2743.6,75.4
2745.1,74.58
2746.5,73.7
2748.0,72.75
2749.4,71.87
2750.9,70.96
2752.3,70.1
2753.8,69.37
2755.3,68.73
2756.7,67.97
2758.2,67.35
2759.7,66.78
2761.1,66.31
2762.6,65.89
2764.1,65.5
2765.6,65.11
2767.0,64.78
2768.5,64.41
2770.0,64.06
2771.5,63.64
2772.9,63.23
2774.4,62.84
2775.9,62.48
2777.4,62.11
2778.9,61.83
2780.4,61.56
2781.9,61.17
2783.4,60.73
2784.9,60.3
2786.4,59.74
2787.9,59.18
2789.4,58.72
2790.9,58.43
2792.4,58.34
2793.9,58.39
2795.4,58.53
2796.9,58.75
2798.4,59.0
2799.9,59.28
2801.4,59.55
2802.9,59.89
2804.4,60.09
2806.0,60.21
2807.5,60.3
2809.0,60.39
2810.5,60.55
2812.0,60.83
2813.6,61.22
2815.1,61.82
2816.6,62.5
2818.2,63.12
2819.7,63.65
2821.2,64.08
2822.8,64.43
2824.3,64.69
2825.8,64.93
2827.4,65.21
2828.9,65.5
2830.5,65.83
2832.0,66.33
2833.6,66.97
2835.1,67.73
2836.7,68.53
2838.2,69.39
2839.8,70.31
2841.3,71.2
2842.9,71.94
2844.4,72.59
2846.0,73.29
2847.6,74.02
2849.1,74.74
2850.7,75.35
2852.3,75.88
2853.8,76.44
2855.4,77.0
2857.0,77.57
2858.6,78.09
2860.1,78.56
2861.7,78.97
2863.3,79.35
2864.9,79.82
2866.4,80.27
2868.0,80.7
2869.6,81.09
2871.2,81.41
2872.8,81.76
2874.4,82.03
2876.0,82.26
2877.6,82.51
2879.2,82.7
2880.8,82.9
2882.4,83.11
2884.0,83.27
2885.6,83.41
2887.2,83.53
2888.8,83.7
2890.4,83.86
2892.0,83.96
2893.6,84.05
2895.3,84.14
2896.9,84.27
2898.5,84.4
2900.1,84.49
2901.7,84.54
2903.4,84.62
2905.0,84.72
2906.6,84.82
2908.3,84.91
2909.9,84.98
2911.5,85.04
2913.1,85.06
2914.8,85.13
2916.4,85.2
2918.1,85.27
2919.7,85.29
2921.4,85.36
2923.0,85.44
2924.6,85.53
2926.3,85.53
2927.9,85.56
2929.6,85.65
2931.3,85.73
2932.9,85.84
2934.6,85.93
2936.2,85.99
2937.9,86.08
2939.6,86.18
2941.2,86.27
2942.9,86.29
2944.6,86.34
2946.3,86.41
2947.9,86.53
2949.6,86.61
2951.3,86.64
2953.0,86.69
2954.6,86.81
2956.3,86.93
2958.0,87.0
2959.7,87.05
2961.4,87.15
2963.1,87.23
2964.8,87.31
2966.5,87.43
2968.2,87.56
2969.9,87.63
2971.6,87.72
2973.3,87.83
2975.0,87.92
2976.7,87.99
2978.4,88.07
2980.1,88.16
2981.8,88.26
2983.6,88.39
2985.3,88.49
2987.0,88.57
2988.7,88.72
2990.4,88.86
2992.1,89.01
2993.9,89.14
2995.6,89.22
2997.3,89.32
2999.1,89.44
3000.8,89.55
3002.6,89.65
3004.3,89.76
3006.0,89.91
3007.8,90.03
3009.5,90.1
3011.3,90.14
3013.0,90.26
3014.8,90.44
3016.5,90.58
3018.3,90.67
3020.0,90.77
3021.8,90.91
3023.6,91.05
3025.3,91.12
3027.1,91.17
3028.9,91.3
3030.6,91.44
3032.4,91.51
3034.2,91.59
3035.9,91.66
3037.7,91.78
3039.5,91.86
3041.3,91.9
3043.1,91.96
3044.9,92.04
3046.6,92.09
3048.4,92.21
3050.2,92.29
3052.0,92.33
3053.8,92.33
3055.6,92.37
3057.4,92.42
3059.2,92.42
3061.0,92.47
3062.9,92.54
3064.7,92.53
3066.5,92.51
3068.3,92.51
3070.1,92.58
3071.9,92.61
3073.7,92.65
3075.6,92.66
3077.4,92.67
3079.2,92.71
3081.1,92.77
3082.9,92.78
3084.7,92.78
3086.6,92.85
3088.4,92.88
3090.2,92.88
3092.1,92.91
3093.9,92.98
3095.8,93.06
3097.6,93.14
3099.5,93.21
3101.3,93.24
3103.2,93.3
3105.0,93.39
3106.9,93.47
3108.8,93.57
3110.6,93.7
3112.5,93.77
3114.4,93.8
3116.2,93.87
3118.1,94.02
3120.0,94.19
3121.9,94.29
3123.7,94.34
3125.6,94.43
3127.5,94.56
3129.4,94.7
3131.3,94.84
3133.2,94.97
3135.1,95.14
3137.0,95.31
3138.9,95.43
3140.8,95.53
3142.7,95.67
3144.6,95.89
3146.5,96.0
3148.4,96.07
3150.3,96.2
3152.2,96.4
3154.1,96.55
3156.1,96.76
3158.0,96.89
3159.9,97.01
3161.8,97.2
3163.8,97.35
3165.7,97.5
3167.6,97.67
3169.6,97.86
3171.5,98.07
3173.4,98.26
3175.4,98.43
3177.3,98.58
3179.3,98.77
3181.2,98.94
3183.2,99.11
3185.1,99.29
3187.1,99.47
3189.1,99.66
3191.0,99.85
3193.0,100.06
3194.9,100.26
3196.9,100.41
3198.9,100.64
3200.9,100.86
3202.8,101.06
3204.8,101.25
3206.8,101.42
3208.8,101.61
3210.8,101.82
3212.8,102.03
3214.8,102.29
3216.8,102.5
3218.7,102.72
3220.7,102.93
3222.8,103.12
3224.8,103.38
3226.8,103.67
3228.8,103.86
3230.8,104.05
3232.8,104.25
3234.8,104.45
3236.8,104.64
3238.9,104.87
3240.9,105.1
3242.9,105.3
3244.9,105.51
3247.0,105.77
3249.0,106.0
3251.0,106.18
3253.1,106.33
3255.1,106.53
3257.2,106.75
3259.2,106.93
3261.3,107.13
3263.3,107.36
3265.4,107.59
3267.4,107.83
3269.5,108.02
3271.5,108.2
3273.6,108.4
3275.7,108.59
3277.8,108.76
3279.8,108.93
3281.9,109.12
3284.0,109.3
3286.1,109.47
3288.1,109.7
3290.2,109.95
3292.3,110.13
3294.4,110.32
3296.5,110.48
3298.6,110.66
3300.7,110.85
3302.8,110.98
3304.9,111.16
3307.0,111.33
3309.1,111.51
3311.2,111.68
3313.4,111.83
3315.5,112.02
3317.6,112.21
3319.7,112.35
3321.8,112.46
3324.0,112.56
3326.1,112.72
3328.2,112.88
3330.4,113.02
3332.5,113.16
3334.7,113.31
3336.8,113.46
3338.9,113.61
3341.1,113.71
3343.3,113.86
3345.4,114.02
3347.6,114.18
3349.7,114.34
3351.9,114.52
3354.1,114.67
3356.2,114.76
3358.4,114.86
3360.6,114.98
3362.8,115.11
3364.9,115.24
3367.1,115.33
3369.3,115.45
3371.5,115.56
3373.7,115.67
3375.9,115.79
3378.1,115.92
3380.3,116.05
3382.5,116.18
3384.7,116.32
3386.9,116.43
3389.1,116.49
3391.4,116.61
3393.6,116.7
3395.8,116.77
3398.0,116.86
3400.3,116.97
3402.5,117.07
3404.7,117.15
3407.0,117.2
3409.2,117.31
3411.4,117.45
3413.7,117.55
3415.9,117.7
3418.2,117.94
3420.4,118.18
3422.7,118.35
3425.0,118.56
3427.2,118.84
3429.5,118.96
3431.8,119.07
3434.0,119.22
3436.3,119.38
3438.6,119.53
3440.9,119.62
3443.2,119.71
3445.4,119.89
3447.7,120.05
3450.0,120.14
3452.3,120.25
3454.6,120.35
3456.9,120.47
3459.2,120.69
3461.5,120.83
3463.9,120.91
3466.2,120.99
3468.5,121.05
3470.8,121.13
3473.1,121.27
3475.5,121.39
3477.8,121.44
3480.1,121.54
3482.5,121.64
3484.8,121.7
3487.1,121.74
3489.5,121.87
3491.9,122.02
3494.2,122.06
3496.6,122.11
3498.9,122.24
3501.3,122.42
3503.6,122.58
3506.0,122.73
3508.4,122.87
3510.8,122.98
3513.1,123.09
3515.5,123.2
3517.9,123.34
3520.3,123.42
3522.7,123.43
3525.1,123.56
3527.5,123.76
3529.9,123.89
3532.3,123.94
3534.7,124.07
3537.1,124.22
3539.5,124.34
3541.9,124.5
3544.4,124.6
3546.8,124.64
3549.2,124.76
3551.6,124.9
3554.1,125.02
3556.5,125.08
3558.9,125.23
3561.4,125.32
3563.8,125.3
3566.3,125.37
3568.8,125.5
3571.2,125.58
3573.7,125.66
3576.1,125.75
3578.6,125.87
3581.1,125.98
3583.6,126.0
3586.0,126.06
3588.5,126.16
3591.0,126.24
3593.5,126.31
3596.0,126.34
3598.5,126.41
3601.0,126.54
3603.5,126.64
3606.0,126.7
3608.5,126.77
3611.0,126.8
3613.5,126.8
3616.0,126.85
3618.6,126.97
3621.1,127.11
3623.6,127.2
3626.1,127.28
3628.7,127.36
3631.2,127.42
3633.8,127.5
3636.3,127.53
3638.9,127.63
3641.4,127.74
3644.0,127.8
3646.6,127.88
3649.1,127.99
3651.7,128.1
3654.3,128.2
3656.8,128.23
3659.4,128.3
3662.0,128.41
3664.6,128.39
3667.2,128.4
3669.8,128.47
3672.4,128.55
3675.0,128.61
3677.6,128.73
3680.2,128.82
3682.8,128.85
3685.4,128.9
3688.0,129.02
3690.7,129.14
3693.3,129.2
3695.9,129.23
3698.6,129.34
3701.2,129.4
3703.9,129.43
3706.5,129.57
3709.1,129.65
3711.8,129.69
3714.5,129.74
3717.1,129.71
3719.8,129.77
3722.5,129.91
3725.1,130.03
3727.8,130.06
3730.5,130.05
3733.2,130.13
3735.9,130.25
3738.6,130.34
3741.3,130.41
3744.0,130.45
3746.7,130.53
3749.4,130.59
3752.1,130.6
3754.8,130.67
3757.5,130.71
3760.3,130.73
3763.0,130.79
3765.7,130.85
3768.4,130.89
3771.2,131.0
3773.9,131.07
3776.7,131.06
3779.4,131.1
3782.2,131.19
3784.9,131.19
3787.7,131.21
3790.5,131.23
3793.3,131.24
3796.0,131.32
3798.8,131.4
3801.6,131.49
3804.4,131.57
3807.2,131.54
3810.0,131.48
3812.8,131.52
3815.6,131.66
3818.4,131.66
3821.2,131.66
3824.0,131.74
3826.9,131.81
3829.7,131.88
3832.5,131.85
3835.3,131.83
3838.2,131.91
3841.0,131.98
3843.9,132.0
3846.7,131.98
3849.6,131.96
3852.4,131.95
3855.3,132.03
3858.2,132.09
3861.0,132.07
3863.9,132.06
3866.8,132.16
3869.7,132.28
3872.6,132.26
3875.5,132.18
3878.4,132.3
3881.3,132.39
3884.2,132.4
3887.1,132.33
3890.0,132.34
3892.9,132.37
3895.9,132.36
3898.8,132.43
3901.7,132.5
3904.7,132.46
3907.6,132.4
3910.6,132.42
3913.5,132.49
3916.4,132.55
3919.4,132.61
3922.4,132.63
3925.4,132.6
3928.3,132.53
3931.3,132.48
3934.3,132.54
3937.3,132.59
3940.3,132.52
3943.3,132.45
3946.3,132.5
3949.3,132.6
3952.3,132.7
3955.3,132.7
3958.3,132.71
3961.4,132.71
3964.4,132.71
3967.4,132.71
3970.5,132.73
3973.5,132.72
3976.6,132.73
3979.6,132.74
3982.6,132.75
3985.7,132.75
3988.8,132.74
3991.9,132.74
3994.9,132.75
3998.0,132.74
4001.1,132.76
4004.2,132.75
4007.3,132.74
4010.4,132.72
4013.5,132.72
4016.6,132.73
4019.7,132.73
4022.8,132.71
4025.9,132.71
4029.1,132.71
4032.2,132.7
4035.3,132.67
4038.5,132.66
4041.6,132.66
4044.8,132.66
4047.9,132.63
4051.1,132.63
4054.3,132.61
4057.4,132.61
4060.6,132.6
4063.8,132.59
4067.0,132.58
4070.2,132.58
4073.4,132.56
4076.6,132.56
4079.8,132.53
4083.0,132.52
4086.2,132.49
4089.4,132.48
4092.7,132.44
4095.9,132.42
4099.1,132.41
4102.4,132.41
4105.6,132.39
4108.9,132.37
4112.1,132.34
4115.4,132.32
4118.7,132.3
4122.0,132.28
4125.2,132.24
4128.5,132.22
4131.8,132.17
4135.1,132.16
4138.4,132.15
4141.7,132.12
4145.0,132.1
4148.3,132.09
4151.6,132.05
4155.0,132.02
4158.3,131.98
4161.6,131.95
4165.0,131.92
4168.3,131.89
4171.7,131.85
4175.0,131.83
4178.4,131.79
4181.8,131.75
4185.2,131.7
4188.5,131.67
4191.9,131.61
4195.3,131.59
4198.7,131.57
4202.1,131.53
4205.5,131.51
4208.9,131.48
4212.4,131.45
4215.8,131.45
4219.2,131.45
4222.6,131.45
4226.1,131.41
4229.5,131.38
4233.0,131.35
4236.5,131.31
4239.9,131.24
4243.4,131.17
4246.9,131.09
4250.3,131.02
4253.8,130.91
4257.3,130.8
4260.8,130.72
4264.3,130.7
4267.8,130.66
4271.4,130.64
4274.9,130.59
4278.4,130.53
4281.9,130.47
4285.5,130.4
4289.0,130.33
4292.6,130.27
4296.1,130.18
4299.7,130.11
4303.3,130.03
4306.8,129.97
4310.4,129.88
4314.0,129.8
4317.6,129.7
4321.2,129.62
4324.8,129.54
4328.4,129.46
4332.0,129.36
4335.6,129.29
4339.3,129.22
4342.9,129.14
4346.5,129.06
4350.2,128.98
4353.8,128.89
4357.5,128.83
4361.1,128.75
4364.8,128.66
4368.5,128.57
4372.2,128.5
4375.9,128.41
4379.6,128.33
4383.3,128.24
4387.0,128.17
4390.7,128.08
4394.4,128.0
4398.1,127.91
4401.9,127.84
4405.6,127.76
4409.4,127.67
4413.1,127.57
4416.9,127.5
4420.6,127.39
4424.4,127.3
4428.2,127.22
4432.0,127.13
4435.8,127.01
4439.6,126.93
4443.4,126.84
4447.2,126.75
4451.0,126.64
4454.8,126.54
4458.6,126.44
4462.5,126.35
4466.3,126.23
4470.2,126.12
4474.0,126.01
4477.9,125.91
4481.8,125.79
4485.6,125.69
4489.5,125.57
4493.4,125.45
4497.3,125.33
4501.2,125.22
4505.1,125.07
4509.0,124.94
4513.0,124.8
4516.9,124.68
4520.8,124.54
4524.8,124.4
4528.7,124.25
4532.7,124.11
4536.7,123.95
4540.6,123.81
4544.6,123.64
4548.6,123.49
4552.6,123.31
4556.6,123.13
4560.6,122.96
4564.6,122.79
4568.6,122.61
4572.7,122.44
4576.7,122.26
4580.8,122.09
4584.8,121.9
4588.9,121.71
4592.9,121.53
4597.0,121.33
4601.1,121.11
4605.2,120.92
4609.3,120.69
4613.4,120.49
4617.5,120.26
4621.6,120.04
4625.7,119.83
4629.8,119.62
4634.0,119.41
4638.1,119.22
4642.3,119.0
4646.4,118.8
4650.6,118.58
4654.8,118.36
4659.0,118.13
4663.1,117.94
4667.3,117.73
4671.5,117.52
4675.8,117.29
4680.0,117.08
4684.2,116.83
4688.4,116.62
4692.7,116.39
4696.9,116.18
4701.2,115.96
4705.5,115.76
4709.7,115.53
4714.0,115.32
4718.3,115.08
4722.6,114.85
4726.9,114.62
4731.2,114.41
4735.5,114.16
4739.9,113.91
4744.2,113.65
4748.5,113.42
4752.9,113.15
4757.3,112.91
4761.6,112.67
4766.0,112.43
4770.4,112.17
4774.8,111.95
4779.2,111.71
4783.6,111.49
4788.0,111.28
4792.4,111.06
4796.9,110.85
4801.3,110.64
4805.8,110.43
4810.2,110.25
4814.7,110.07
4819.1,109.93
4823.6,109.78
4828.1,109.62
4832.6,109.43
4837.1,109.24
4841.6,109.06
4846.2,108.88
4850.7,108.67
4855.3,108.47
4859.8,108.24
4864.4,108.01
4868.9,107.76
4873.5,107.53
4878.1,107.32
4882.7,107.13
4887.3,106.92
4891.9,106.73
4896.5,106.51
4901.1,106.31
4905.8,106.08
4910.4,105.83
4915.1,105.59
4919.7,105.36
4924.4,105.12
4929.1,104.86
4933.8,104.58
4938.5,104.33
4943.2,104.05
4947.9,103.77
4952.6,103.47
4957.4,103.17
4962.1,102.84
4966.9,102.52
4971.6,102.17
4976.4,101.85
4981.2,101.53
4986.0,101.23
4990.8,100.91
4995.6,100.59
5000.4,100.23
5005.2,99.86
5010.0,99.48
5014.9,99.13
5019.8,98.8
5024.6,98.5
5029.5,98.19
5034.4,97.91
5039.3,97.59
5044.2,97.28
5049.1,96.94
5054.0,96.59
5058.9,96.22
5063.9,95.89
5068.8,95.56
5073.8,95.24
5078.8,94.93
5083.7,94.66
5088.7,94.39
5093.7,94.13
5098.7,93.88
5103.7,93.65
5108.8,93.41
5113.8,93.19
5118.9,92.96
5123.9,92.73
5129.0,92.5
5134.1,92.3
5139.1,92.1
5144.3,91.89
5149.4,91.68
5154.5,91.46
5159.6,91.22
5164.7,91.04
5169.9,90.81
5175.0,90.6
5180.2,90.36
5185.4,90.13
5190.6,89.91
5195.8,89.68
5201.0,89.44
5206.2,89.21
5211.5,88.93
5216.7,88.72
5222.0,88.45
5227.2,88.17
5232.5,87.89
5237.8,87.63
5243.1,87.35
5248.4,87.06
5253.7,86.76
5259.0,86.48
5264.4,86.21
5269.7,85.95
5275.1,85.71
5280.5,85.49
5285.8,85.24
5291.2,85.05
5296.6,84.86
5302.0,84.68
5307.5,84.51
5312.9,84.38
5318.4,84.24
5323.8,84.13
5329.3,84.02
5334.8,83.92
5340.3,83.8
5345.8,83.7
5351.3,83.65
5356.8,83.6
5362.4,83.5
5367.9,83.43
5373.5,83.35
5379.0,83.3
5384.6,83.24
5390.2,83.19
5395.8,83.11
5401.5,83.05
5407.1,82.98
5412.7,82.9
5418.4,82.8
5424.1,82.79
5429.7,82.71
5435.4,82.61
5441.1,82.51
5446.8,82.42
5452.6,82.3
5458.3,82.18
5464.1,82.09
5469.8,82.03
5475.6,81.88
5481.4,81.78
5487.2,81.64
5493.0,81.5
5498.8,81.34
5504.7,81.18
5510.5,81.02
5516.4,80.87
5522.3,80.7
5528.1,80.54
5534.0,80.33
5540.0,80.12
5545.9,79.91
5551.8,79.75
5557.8,79.56
5563.7,79.36
5569.7,79.1
5575.7,78.88
5581.7,78.73
5587.7,78.53
5593.7,78.27
5599.8,78.07
5605.8,77.88
5611.9,77.69
5618.0,77.51
5624.1,77.33
5630.2,77.12
5636.3,76.93
5642.4,76.78
5648.6,76.64
5654.7,76.42
5660.9,76.25
5667.1,76.05
5673.3,75.87
5679.5,75.71
5685.7,75.55
5692.0,75.35
5698.2,75.19
5704.5,74.95
5710.8,74.8
5717.1,74.64
5723.4,74.43
5729.7,74.16
5736.0,73.94
5742.4,73.68
5748.8,73.43
5755.1,73.13
5761.5,72.84
5768.0,72.6
5774.4,72.3
5780.8,71.94
5787.3,71.61
5793.7,71.26
5800.2,70.97
5806.7,70.64
5813.2,70.33
5819.8,70.04
5826.3,69.81
5832.8,69.49
5839.4,69.15
5846.0,68.79
5852.6,68.47
5859.2,68.15
5865.8,67.85
5872.5,67.46
5879.1,67.1
5885.8,66.79
5892.5,66.39
5899.2,65.97
5905.9,65.55
5912.6,65.09
5919.4,64.64
5926.2,64.18
5932.9,63.73
5939.7,63.27
5946.5,62.79
5953.4,62.22
5960.2,61.7
5967.1,61.15
5974.0,60.61
5980.8,60.06
5987.8,59.54
5994.7,58.96
6001.6,58.45
6008.6,57.91
6015.5,57.4
6022.5,56.83
6029.5,56.31
6036.5,55.75
6043.6,55.25
6050.6,54.66
6057.7,54.12
6064.8,53.6
6071.9,53.08
6079.0,52.48
6086.1,51.95
6093.3,51.45
6100.5,51.0
6107.6,50.6
6114.8,50.24
6122.1,49.84
6129.3,49.55
6136.5,49.35
6143.8,49.27
6151.1,49.24
6158.4,49.36
6165.7,49.58
6173.1,49.81
6180.4,50.13
6187.8,50.68
6195.2,51.21
6202.6,51.7
6210.0,52.31
6217.5,52.91
6225.0,53.55
6232.4,54.16
6239.9,54.73
6247.5,55.26
6255.0,55.78
6262.5,56.25
6270.1,56.71
6277.7,57.12
6285.3,57.52
6292.9,57.86
6300.6,58.17
6308.3,58.46
6315.9,58.73
6323.6,58.97
6331.4,59.19
6339.1,59.34
6346.9,59.57
6354.6,59.73
6362.4,59.77
6370.3,59.9
6378.1,60.02
6385.9,60.05
6393.8,60.11
6401.7,60.12
6409.6,60.14
6417.6,60.35
6425.5,60.36
6433.5,60.29
6441.5,60.3
6449.5,60.28
6457.5,60.29
6465.6,60.26
6473.6,60.26
6481.7,60.27
6489.8,60.3
6498.0,60.36
6506.1,60.32
6514.3,60.25
6522.5,60.3
6530.7,60.31
6539.0,60.28
6547.2,60.3
6555.5,60.35
6563.8,60.36
6572.1,60.39
6580.4,60.44
6588.8,60.41
6597.2,60.4
6605.6,60.35
6614.0,60.32
6622.5,60.31
6630.9,60.3
6639.4,60.39
6647.9,60.37
6656.5,60.26
6665.0,60.23
6673.6,60.24
6682.2,60.27
6690.8,60.29
6699.5,60.25
6708.1,60.28
6716.8,60.34
6725.5,60.32
6734.3,60.29
6743.0,60.25
6751.8,60.19
6760.6,60.13
6769.4,60.05
6778.3,59.94
6787.1,59.83
6796.0,59.71
6805.0,59.55
6813.9,59.38
6822.9,59.26
6831.9,59.12
6840.9,58.88
6849.9,58.66
6859.0,58.5
6868.0,58.3
6877.2,58.04
6886.3,57.79
6895.5,57.57
6904.6,57.34
6913.8,57.1
6923.1,56.82
6932.3,56.53
6941.6,56.24
6950.9,55.96
6960.2,55.67
6969.6,55.35
6979.0,55.02
6988.4,54.75
6997.8,54.44
7007.3,54.15
7016.8,53.85
7026.3,53.58
7035.8,53.3
7045.4,53.06
7054.9,52.78
7064.5,52.5
7074.2,52.22
7083.9,51.91
7093.5,51.6
7103.3,51.32
7113.0,51.03
7122.8,50.75
7132.6,50.45
7142.4,50.15
7152.2,49.82
7162.1,49.53
7172.0,49.21
7182.0,48.89
7191.9,48.55
7201.9,48.22
7211.9,47.88
7222.0,47.55
7232.0,47.19
7242.1,46.88
7252.3,46.53
7262.4,46.2
7272.6,45.85
7282.8,45.51
7293.1,45.13
7303.3,44.8
7313.6,44.44
7324.0,44.09
7334.3,43.72
7344.7,43.35
7355.1,42.95
7365.6,42.57
7376.1,42.17
7386.6,41.78
7397.1,41.37
7407.7,40.98
7418.3,40.56
7428.9,40.17
7439.6,39.76
7450.2,39.36
7461.0,38.92
7471.7,38.5
7482.5,38.05
7493.3,37.62
7504.1,37.18
7515.0,36.76
7525.9,36.32
7536.9,35.87
7547.9,35.42
7558.9,34.99
7569.9,34.51
7581.0,34.06
7592.0,33.58
7603.2,33.15
7614.4,32.68
7625.5,32.24
7636.8,31.77
7648.0,31.32
7659.3,30.82
7670.7,30.38
7682.0,29.92
7693.4,29.48
7704.9,29.01
7716.3,28.57
7727.8,28.11
7739.4,27.68
7750.9,27.24
7762.5,26.82
7774.2,26.36
7785.8,25.94
7797.5,25.48
7809.3,25.07
7821.1,24.65
7832.9,24.26
7844.7,23.86
7856.6,23.48
7868.5,23.07
7880.5,22.72
7892.5,22.36
7904.5,22.06
7916.6,21.75
7928.7,21.45
7940.8,21.11
7953.0,20.87
7965.2,20.6
7977.5,20.39
7989.8,20.18
8002.1,20.01
8014.5,19.84
8026.9,19.74
8039.3,19.64
8051.8,19.61
8064.3,19.59
8076.9,19.63
8089.5,19.68
8102.1,19.82
8114.8,19.98
8127.5,20.2
8140.3,20.42
8153.1,20.74
8165.9,21.08
8178.8,21.49
8191.7,21.89
8204.7,22.31
8217.7,22.69
8230.7,23.11
8243.8,23.49
8257.0,23.84
8270.1,24.11
8283.3,24.32
8296.6,24.42
8309.9,24.48
8323.2,24.42
8336.6,24.37
8350.0,24.25
8363.5,24.11
8377.0,23.95
8390.5,23.81
8404.2,23.65
8417.8,23.53
8431.5,23.37
8445.2,23.21
8459.0,23.05
8472.8,22.95
8486.7,22.83
8500.6,22.73
8514.5,22.61
8528.5,22.56
8542.6,22.48
8556.7,22.4
8570.8,22.34
8585.0,22.31
8599.3,22.23
8613.5,22.21
8627.9,22.16
8642.3,22.18
8656.7,22.21
8671.2,22.27
8685.7,22.31
8700.3,22.38
8714.9,22.42
8729.5,22.51
8744.3,22.57
8759.0,22.67
8773.9,22.78
8788.7,22.91
8803.7,23.01
8818.6,23.13
8833.7,23.24
8848.7,23.37
8863.8,23.48
8879.0,23.65
8894.3,23.76
8909.5,23.86
8924.9,23.96
8940.3,24.09
8955.7,24.19
8971.2,24.3
8986.8,24.38
9002.3,24.5
9018.0,24.6
9033.7,24.72
9049.5,24.8
9065.3,24.89
9081.2,24.96
9097.1,25.04
9113.1,25.11
9129.1,25.17
9145.2,25.16
9161.4,25.22
9177.6,25.28
9193.9,25.38
9210.2,25.43
9226.6,25.51
9243.0,25.57
9259.5,25.64
9276.1,25.67
9292.7,25.71
9309.4,25.68
9326.2,25.66
9343.0,25.64
9359.8,25.63
9376.8,25.56
9393.8,25.5
9410.8,25.42
9427.9,25.38
9445.1,25.28
9462.3,25.17
9479.6,25.09
9497.0,25.06
9514.4,25.0
9531.9,24.93
9549.4,24.85
9567.0,24.78
9584.7,24.65
9602.5,24.59
9620.3,24.51
9638.2,24.43
9656.1,24.32
9674.2,24.27
9692.2,24.22
9710.4,24.17
9728.6,24.07
9746.9,23.98
9765.2,23.86
9783.7,23.82
9802.2,23.75
9820.7,23.69
9839.4,23.62
9858.1,23.59
9876.8,23.55
9895.7,23.51
9914.6,23.42
9933.6,23.35
9952.7,23.28
9971.8,23.22
9991.0,23.09
10010.3,22.99
10029.7,22.85
10049.1,22.71
10068.6,22.52
10088.2,22.35
10107.9,22.19
10127.6,22.04
10147.5,21.86
10167.3,21.74
10187.3,21.59
10207.4,21.47
10227.5,21.35
10247.7,21.27
10268.0,21.15
10288.4,21.11
10308.8,21.05
10329.4,21.0
10350.0,20.96
10370.7,20.95
10391.5,20.9
10412.3,20.86
10433.3,20.75
10454.3,20.67
10475.4,20.59
10496.7,20.55
10517.9,20.5
10539.3,20.47
10560.8,20.42
10582.3,20.42
10604.0,20.41
10625.7,20.42
10647.5,20.38
10669.4,20.36
10691.4,20.29
10713.5,20.25
10735.7,20.17
10758.0,20.12
10780.3,20.11
10802.8,20.11
10825.4,20.01
10848.0,19.96
10870.8,19.95
10893.6,19.95
10916.5,19.89
10939.5,19.87
10962.7,19.88
10985.9,19.91
11009.2,19.92
11032.7,20.0
11056.2,20.1
11079.8,20.22
11103.5,20.23
11127.4,20.25
11151.3,20.26
11175.3,20.34
11199.5,20.41
11223.7,20.47
11248.0,20.5
11272.5,20.58
11297.1,20.63
11321.7,20.69
11346.5,20.68
11371.4,20.69
11396.4,20.69
11421.5,20.67
11446.7,20.6
11472.0,20.59
11497.5,20.54
11523.0,20.46
11548.7,20.34
11574.4,20.29
11600.3,20.26
11626.3,20.23
11652.5,20.17
11678.7,20.18
11705.1,20.14
11731.6,20.12
11758.2,20.11
11784.9,20.14
11811.7,20.16
11838.7,20.22
11865.8,20.3
11893.0,20.43
11920.3,20.53
11947.8,20.7
11975.4,20.92
12003.1,21.14
12031.0,21.29
12059.0,21.48
12087.1,21.65
12115.3,21.79
12143.7,21.85
12172.2,21.83
12200.8,21.7
12229.6,21.56
12258.5,21.3
12287.6,20.95
12316.8,20.5
12346.1,20.04
12375.5,19.52
12405.2,19.01
12434.9,18.55
12464.8,18.16
12494.8,17.77
12525.0,17.43
12555.3,17.08
12585.8,16.83
12616.4,16.61
12647.2,16.45
12678.1,16.29
12709.2,16.14
12740.4,15.99
12771.8,15.92
12803.3,15.82
12835.0,15.71
12866.9,15.59
12898.9,15.49
12931.1,15.43
12963.4,15.36
12995.9,15.21
13028.5,15.14
13061.3,15.1
13094.3,15.07
13127.5,14.96
13160.8,14.88
13194.3,14.82
13228.0,14.82
13261.8,14.77
13295.8,14.74
13330.0,14.7
13364.3,14.71
13398.8,14.66
13433.6,14.64
13468.5,14.55
13503.5,14.5
13538.8,14.46
13574.2,14.36
13609.9,14.2
13645.7,14.08
13681.7,13.99
13717.9,13.94
13754.3,13.87
13790.8,13.87
13827.6,13.81
13864.6,13.75
13901.8,13.68
13939.2,13.68
13976.7,13.64
14014.5,13.61
14052.5,13.55
14090.7,13.51
14129.0,13.4
14167.6,13.31
14206.5,13.19
14245.5,13.11
14284.7,13.03
14324.2,12.95
14363.9,12.87
14403.8,12.81
14443.9,12.63
14484.3,12.46
14524.8,12.23
14565.6,12.1
14606.7,11.97
14647.9,11.84
14689.4,11.72
14731.2,11.62
14773.1,11.51
14815.3,11.53
14857.8,11.46
14900.5,11.41
14943.4,11.37
14986.6,11.38
15030.0,11.34
15073.7,11.36
15117.7,11.34
15161.9,11.36
15206.3,11.47
15251.1,11.7
15296.1,11.92
15341.3,12.24
15386.8,12.61
15432.6,13.1
15478.7,13.51
15525.0,13.93
15571.7,14.36
15618.6,14.81
15665.8,15.17
15713.2,15.52
15761.0,15.79
15809.0,16.07
15857.4,16.32
15906.0,16.62
15955.0,16.92
16004.2,17.23
16053.8,17.5
16103.6,17.81
16153.8,18.22
16204.3,18.66
16255.1,18.99
16306.2,19.35
16357.6,19.71
16409.4,20.11
16461.5,20.39
16513.9,20.64
16566.7,20.87
16619.8,21.12
16673.2,21.35
16727.0,21.55
16781.1,21.77
16835.6,22.05
16890.5,22.29
16945.7,22.59
17001.2,22.88
17057.2,23.22
17113.4,23.53
17170.1,23.81
17227.2,24.04
17284.6,24.31
17342.4,24.47
17400.6,24.66
17459.2,24.74
17518.2,24.68
17577.5,24.57
17637.3,24.57
17697.5,24.54
17758.1,24.58
17819.2,24.54
17880.6,24.43
17942.5,24.44
18004.8,24.64
18067.5,24.78
18130.7,25.01
18194.3,25.24
18258.4,25.51
18322.9,25.75
18387.9,25.93
18453.3,26.06
18519.2,26.25
18585.6,26.25
18652.4,26.32
18719.8,26.32
18787.6,26.32
18855.9,26.32
18924.7,26.48
18994.1,26.67
19063.9,26.72
19134.2,26.69
19205.1,26.76
19276.5,26.77
19348.4,26.8
19420.9,26.89
19493.9,26.93
19567.5,26.74
19641.6,26.57
19716.3,26.37
19791.5,26.34
19867.3,26.24
19943.8,26.06
20020.8,25.97
20098.4,25.84
20176.6,25.56
20255.4,25.35
20334.8,25.11
20414.9,24.89
20495.6,24.84
20576.9,24.75
20658.9,24.6
20741.5,24.76
20824.8,25.02
20908.8,25.21
20993.4,25.25
21078.8,25.46
21164.8,25.64
21251.6,25.74
21339.0,25.69
21427.2,25.66
21516.1,25.71
21605.8,25.87
21696.2,25.6
21787.3,25.37
21879.3,25.37
21972.0,25.39
22065.5,25.2
22159.7,25.22
22254.8,25.16
22350.8,24.92
22447.5,24.77
22545.1,25.15
22643.6,25.37
22742.9,25.37
22843.1,25.31
22944.2,25.4
23046.2,25.63
23149.0,25.58
23252.8,25.18
23357.6,25.03
23463.3,24.82
23569.9,24.57
23677.5,24.24
23786.1,24.09
23895.8,23.81
24006.4,23.7
24118.0,23.28
24230.7,23.48
24344.5,23.85
24459.4,23.71
24575.3,23.33
24692.3,23.67
24810.4,23.68
24929.7,23.95
25050.2,23.51
