Composition,
Date Added,2009-03-05
Formula,
Grain Size Description,<45.0um
Grain Size,"(0.0, 45.0)"
Locality,"Apollo 17 site, Moon"
Minimum Wavelength,1428
Sample Name,"70017,535 ilmenite D <45 um"
Maximum Wavelength,49859
Database of Origin,RELAB
Other Information,Ilmenite
References,"PGI, Taylor et al."
Resolution,4.0
Material class,Returned Planetary Samples
Sample Description,Mineral separate from Apollo 17 basalt (LRMCC)
Sample ID,BIR1LR218
Original Sample ID,LR-CMP-218
Viewing Geometry,unknown
Wavelength,Response
1428.4,0.04977
1428.8,0.04995
1429.2,0.05005
1429.6,0.0501
1430.0,0.05002
1430.4,0.04985
1430.8,0.04989
1431.2,0.05013
1431.6,0.05021
1432.0,0.05003
1432.4,0.05009
1432.8,0.05017
1433.2,0.04998
1433.6,0.04989
1433.9,0.05003
1434.3,0.05009
1434.8,0.04999
1435.1,0.04995
1435.5,0.05
1435.9,0.05012
1436.3,0.05023
1436.7,0.05011
1437.1,0.04966
1437.5,0.04941
1437.9,0.04964
1438.3,0.04992
1438.7,0.04998
1439.1,0.05
1439.5,0.04993
1439.9,0.04971
1440.3,0.04963
1440.7,0.04979
1441.1,0.04973
1441.5,0.04986
1441.9,0.05006
1442.3,0.04995
1442.7,0.04983
1443.1,0.04964
1443.5,0.04932
1443.9,0.04957
1444.3,0.05016
1444.7,0.0504
1445.2,0.05009
1445.6,0.05
1445.9,0.05002
1446.3,0.04969
1446.8,0.04961
1447.2,0.04979
1447.6,0.05003
1448.0,0.05024
1448.4,0.05007
1448.8,0.05
1449.2,0.04996
1449.6,0.04996
1450.0,0.05012
1450.4,0.05008
1450.8,0.05022
1451.2,0.05039
1451.6,0.05022
1452.0,0.05005
1452.4,0.0502
1452.8,0.05016
1453.3,0.04998
1453.7,0.04995
1454.1,0.04995
1454.5,0.05014
1454.9,0.05018
1455.3,0.05001
1455.7,0.05011
1456.1,0.05044
1456.5,0.05027
1456.9,0.04985
1457.3,0.04979
1457.7,0.0498
1458.2,0.04973
1458.6,0.04975
1459.0,0.04995
1459.4,0.05027
1459.8,0.05032
1460.2,0.05023
1460.6,0.04993
1461.0,0.04988
1461.4,0.05006
1461.8,0.04999
1462.3,0.0499
1462.7,0.05007
1463.1,0.05018
1463.5,0.05015
1463.9,0.0498
1464.3,0.0498
1464.7,0.05007
1465.2,0.05013
1465.6,0.05029
1466.0,0.05033
1466.4,0.05016
1466.8,0.0502
1467.2,0.05014
1467.6,0.05
1468.1,0.05017
1468.5,0.05025
1468.9,0.05026
1469.3,0.05036
1469.7,0.05035
1470.1,0.05064
1470.6,0.05039
1471.0,0.05016
1471.4,0.05045
1471.8,0.05047
1472.2,0.05006
1472.7,0.05001
1473.1,0.05024
1473.5,0.05017
1473.9,0.04998
1474.3,0.05013
1474.7,0.05024
1475.2,0.05014
1475.6,0.05028
1476.0,0.0504
1476.4,0.05042
1476.8,0.05045
1477.3,0.05023
1477.7,0.05001
1478.1,0.05013
1478.5,0.05044
1478.9,0.05033
1479.4,0.05012
1479.8,0.05018
1480.2,0.05027
1480.6,0.05024
1481.1,0.05031
1481.5,0.05051
1481.9,0.05078
1482.3,0.05077
1482.8,0.0506
1483.2,0.05051
1483.6,0.05026
1484.0,0.05021
1484.4,0.05043
1484.9,0.05031
1485.3,0.05015
1485.7,0.05032
1486.2,0.05041
1486.6,0.05033
1487.0,0.05034
1487.4,0.05036
1487.9,0.05051
1488.3,0.05046
1488.7,0.05028
1489.1,0.05015
1489.6,0.05036
1490.0,0.05027
1490.4,0.05032
1490.8,0.05035
1491.3,0.05023
1491.7,0.05019
1492.1,0.05028
1492.6,0.05041
1493.0,0.05041
1493.4,0.05037
1493.9,0.05039
1494.3,0.05046
1494.7,0.05036
1495.2,0.05034
1495.6,0.05053
1496.0,0.05045
1496.4,0.05048
1496.9,0.05036
1497.3,0.05029
1497.8,0.05029
1498.2,0.05034
1498.6,0.05032
1499.0,0.05036
1499.5,0.05038
1499.9,0.05047
1500.3,0.0504
1500.8,0.05034
1501.2,0.05051
1501.7,0.05082
1502.1,0.05082
1502.5,0.05072
1502.9,0.05049
1503.4,0.05062
1503.8,0.05084
1504.3,0.0508
1504.7,0.0505
1505.1,0.0505
1505.6,0.05073
1506.0,0.05059
1506.4,0.05052
1506.9,0.0506
1507.3,0.05056
1507.8,0.05052
1508.2,0.05045
1508.6,0.05043
1509.1,0.05042
1509.5,0.05056
1510.0,0.05066
1510.4,0.05072
1510.8,0.05073
1511.3,0.05075
1511.7,0.05056
1512.2,0.05051
1512.6,0.05066
1513.0,0.05071
1513.5,0.05055
1513.9,0.05048
1514.4,0.0505
1514.8,0.0506
1515.3,0.0507
1515.7,0.05087
1516.1,0.0509
1516.6,0.05079
1517.0,0.05062
1517.5,0.05054
1517.9,0.05051
1518.4,0.0507
1518.8,0.0507
1519.3,0.05066
1519.7,0.0508
1520.1,0.05089
1520.6,0.05057
1521.0,0.05053
1521.5,0.0506
1521.9,0.05044
1522.4,0.0504
1522.8,0.05054
1523.3,0.05081
1523.7,0.05093
1524.2,0.05086
1524.6,0.05079
1525.1,0.05073
1525.5,0.05078
1526.0,0.05076
1526.4,0.05081
1526.9,0.05087
1527.3,0.05074
1527.8,0.05065
1528.2,0.05088
1528.7,0.05082
1529.1,0.05058
1529.6,0.05057
1530.0,0.05067
1530.5,0.0507
1530.9,0.05076
1531.4,0.05075
1531.8,0.05067
1532.3,0.05067
1532.7,0.05066
1533.2,0.05072
1533.6,0.05093
1534.1,0.0509
1534.5,0.05081
1535.0,0.0509
1535.4,0.05093
1535.9,0.05088
1536.4,0.05076
1536.8,0.05079
1537.3,0.05092
1537.7,0.05084
1538.2,0.0508
1538.6,0.05077
1539.1,0.05077
1539.6,0.05092
1540.0,0.05105
1540.5,0.05087
1540.9,0.0508
1541.4,0.05096
1541.8,0.05107
1542.3,0.05092
1542.8,0.05091
1543.2,0.05103
1543.7,0.05106
1544.1,0.05112
1544.6,0.05113
1545.1,0.05104
1545.5,0.05114
1546.0,0.0511
1546.4,0.05091
1546.9,0.051
1547.4,0.05123
1547.8,0.05119
1548.3,0.0511
1548.8,0.05108
1549.2,0.05128
1549.7,0.05129
1550.1,0.05114
1550.6,0.05108
1551.1,0.05115
1551.5,0.05129
1552.0,0.05123
1552.5,0.05088
1552.9,0.05108
1553.4,0.05136
1553.8,0.0512
1554.3,0.0512
1554.8,0.05116
1555.3,0.05114
1555.7,0.05118
1556.2,0.05103
1556.7,0.05098
1557.1,0.05114
1557.6,0.05135
1558.1,0.05138
1558.5,0.05138
1559.0,0.05148
1559.5,0.05153
1559.9,0.05151
1560.4,0.05127
1560.9,0.05101
1561.3,0.05115
1561.8,0.05114
1562.3,0.05123
1562.8,0.05132
1563.2,0.05141
1563.7,0.05149
1564.2,0.05152
1564.6,0.05155
1565.1,0.05149
1565.6,0.05155
1566.1,0.05172
1566.5,0.05174
1567.0,0.0516
1567.5,0.05151
1567.9,0.05132
1568.4,0.05134
1568.9,0.05151
1569.4,0.05145
1569.8,0.05159
1570.3,0.05161
1570.8,0.05155
1571.3,0.05161
1571.8,0.05167
1572.2,0.05153
1572.7,0.05156
1573.2,0.05162
1573.7,0.05168
1574.1,0.05179
1574.6,0.05188
1575.1,0.0518
1575.6,0.05161
1576.1,0.05167
1576.5,0.05177
1577.0,0.05172
1577.5,0.05173
1578.0,0.05181
1578.4,0.05177
1578.9,0.05174
1579.4,0.05186
1579.9,0.05177
1580.4,0.05175
1580.9,0.05175
1581.3,0.05163
1581.8,0.05179
1582.3,0.05193
1582.8,0.05177
1583.3,0.05174
1583.8,0.05181
1584.2,0.05185
1584.7,0.05188
1585.2,0.05208
1585.7,0.05217
1586.2,0.05218
1586.7,0.05203
1587.2,0.05192
1587.6,0.05194
1588.1,0.05201
1588.6,0.05188
1589.1,0.05186
1589.6,0.05188
1590.1,0.05177
1590.6,0.05182
1591.1,0.05194
1591.5,0.05213
1592.0,0.05215
1592.5,0.05199
1593.0,0.05204
1593.5,0.05213
1594.0,0.05218
1594.5,0.05209
1595.0,0.05193
1595.4,0.05207
1595.9,0.05229
1596.4,0.05223
1596.9,0.05213
1597.4,0.05207
1597.9,0.05216
1598.4,0.0522
1598.9,0.05207
1599.4,0.05216
1599.9,0.0523
1600.4,0.05224
1600.9,0.05221
1601.4,0.05224
1601.9,0.05234
1602.3,0.05249
1602.8,0.05247
1603.3,0.05232
1603.8,0.05234
1604.3,0.05241
1604.8,0.05243
1605.3,0.05241
1605.8,0.05238
1606.3,0.05234
1606.8,0.05236
1607.3,0.05244
1607.8,0.05237
1608.3,0.05228
1608.8,0.05229
1609.3,0.05241
1609.8,0.05254
1610.3,0.05252
1610.8,0.05252
1611.3,0.05259
1611.8,0.05277
1612.3,0.05273
1612.8,0.05267
1613.3,0.0527
1613.8,0.05266
1614.3,0.05272
1614.8,0.05274
1615.3,0.05272
1615.8,0.05275
1616.3,0.05268
1616.8,0.0527
1617.3,0.05282
1617.8,0.05279
1618.4,0.05282
1618.9,0.05289
1619.4,0.05285
1619.9,0.05287
1620.4,0.05289
1620.9,0.05296
1621.4,0.05298
1621.9,0.05293
1622.4,0.05302
1622.9,0.0531
1623.4,0.05301
1623.9,0.05292
1624.4,0.05289
1624.9,0.05299
1625.5,0.05306
1626.0,0.05304
1626.5,0.05301
1627.0,0.05311
1627.5,0.05319
1628.0,0.05311
1628.5,0.05299
1629.0,0.05299
1629.6,0.05289
1630.1,0.05283
1630.6,0.05302
1631.1,0.05321
1631.6,0.05324
1632.1,0.05329
1632.6,0.05319
1633.1,0.05321
1633.7,0.05331
1634.2,0.05333
1634.7,0.05346
1635.2,0.05361
1635.7,0.05349
1636.2,0.05346
1636.8,0.05347
1637.3,0.05348
1637.8,0.05371
1638.3,0.05376
1638.8,0.05357
1639.3,0.05356
1639.9,0.0536
1640.4,0.0536
1640.9,0.05352
1641.4,0.05347
1641.9,0.0535
1642.5,0.05369
1643.0,0.05374
1643.5,0.05377
1644.0,0.05389
1644.5,0.05403
1645.1,0.05393
1645.6,0.05388
1646.1,0.0538
1646.6,0.05381
1647.2,0.05377
1647.7,0.05377
1648.2,0.05385
1648.7,0.05384
1649.3,0.05385
1649.8,0.05381
1650.3,0.05384
1650.8,0.05401
1651.3,0.05405
1651.9,0.05389
1652.4,0.05392
1652.9,0.05416
1653.4,0.05419
1654.0,0.05417
1654.5,0.05411
1655.0,0.05407
1655.6,0.05418
1656.1,0.05425
1656.6,0.05417
1657.2,0.05422
1657.7,0.05418
1658.2,0.0542
1658.7,0.05437
1659.3,0.05445
1659.8,0.05441
1660.3,0.05444
1660.9,0.05452
1661.4,0.05443
1661.9,0.05433
1662.5,0.05447
1663.0,0.05454
1663.5,0.05461
1664.1,0.05466
1664.6,0.05459
1665.1,0.05459
1665.7,0.05471
1666.2,0.05474
1666.7,0.05475
1667.3,0.05475
1667.8,0.05478
1668.3,0.05485
1668.9,0.05493
1669.4,0.05493
1670.0,0.0549
1670.5,0.05496
1671.0,0.05494
1671.6,0.05493
1672.1,0.05494
1672.7,0.05487
1673.2,0.0549
1673.7,0.05498
1674.3,0.05503
1674.8,0.05512
1675.4,0.05518
1675.9,0.05524
1676.4,0.05528
1677.0,0.05515
1677.5,0.0551
1678.1,0.05519
1678.6,0.05536
1679.2,0.05535
1679.7,0.05527
1680.3,0.05531
1680.8,0.05546
1681.3,0.05549
1681.9,0.0555
1682.4,0.05554
1683.0,0.05548
1683.5,0.05547
1684.1,0.05552
1684.6,0.05549
1685.2,0.05546
1685.7,0.05547
1686.3,0.05556
1686.8,0.05566
1687.3,0.05576
1687.9,0.05568
1688.4,0.05558
1689.0,0.05569
1689.6,0.05587
1690.1,0.05585
1690.7,0.0558
1691.2,0.05576
1691.8,0.05586
1692.3,0.05602
1692.9,0.05612
1693.4,0.05614
1694.0,0.05618
1694.5,0.05607
1695.1,0.05606
1695.6,0.05615
1696.2,0.05616
1696.7,0.05613
1697.3,0.05622
1697.8,0.05626
1698.4,0.05637
1699.0,0.05642
1699.5,0.05648
1700.1,0.05656
1700.6,0.0566
1701.2,0.05659
1701.8,0.05647
1702.3,0.05637
1702.9,0.05648
1703.4,0.05656
1704.0,0.05649
1704.6,0.05662
1705.1,0.05681
1705.7,0.05673
1706.2,0.05666
1706.8,0.05675
1707.4,0.0568
1707.9,0.05673
1708.5,0.0568
1709.1,0.05676
1709.6,0.05674
1710.2,0.05695
1710.7,0.05702
1711.3,0.05703
1711.9,0.05707
1712.4,0.05703
1713.0,0.05702
1713.6,0.0571
1714.1,0.05719
1714.7,0.05729
1715.3,0.05726
1715.8,0.05728
1716.4,0.05739
1717.0,0.05756
1717.5,0.05761
1718.1,0.05758
1718.7,0.05769
1719.3,0.05776
1719.8,0.05777
1720.4,0.05778
1721.0,0.05772
1721.5,0.05771
1722.1,0.05779
1722.7,0.05791
1723.3,0.05802
1723.8,0.05803
1724.4,0.058
1725.0,0.05798
1725.5,0.05794
1726.1,0.05797
1726.7,0.0582
1727.3,0.05841
1727.8,0.05841
1728.4,0.0584
1729.0,0.05844
1729.6,0.05849
1730.2,0.05862
1730.7,0.05871
1731.3,0.05861
1731.9,0.05858
1732.5,0.05867
1733.0,0.05866
1733.6,0.05874
1734.2,0.05882
1734.8,0.05885
1735.4,0.05892
1735.9,0.05896
1736.5,0.0589
1737.1,0.05897
1737.7,0.05915
1738.3,0.05914
1738.8,0.0591
1739.4,0.05916
1740.0,0.05919
1740.6,0.05927
1741.2,0.05936
1741.8,0.05938
1742.4,0.05935
1742.9,0.05943
1743.5,0.05953
1744.1,0.05956
1744.7,0.05961
1745.3,0.05965
1745.9,0.0597
1746.5,0.05977
1747.1,0.05979
1747.6,0.05984
1748.2,0.0599
1748.8,0.05998
1749.4,0.06012
1750.0,0.06009
1750.6,0.06007
1751.2,0.06014
1751.8,0.06017
1752.4,0.06028
1753.0,0.0603
1753.6,0.06034
1754.2,0.06041
1754.7,0.06049
1755.3,0.06054
1755.9,0.06061
1756.5,0.06068
1757.1,0.06075
1757.7,0.06081
1758.3,0.06091
1758.9,0.06096
1759.5,0.06106
1760.1,0.06114
1760.7,0.06113
1761.3,0.06115
1761.9,0.0612
1762.5,0.06118
1763.1,0.06121
1763.7,0.06131
1764.3,0.0614
1764.9,0.06148
1765.5,0.06151
1766.1,0.06163
1766.7,0.0618
1767.3,0.06184
1767.9,0.06177
1768.5,0.06183
1769.1,0.06193
1769.7,0.06197
1770.3,0.06202
1770.9,0.06198
1771.5,0.06207
1772.1,0.06221
1772.7,0.06229
1773.3,0.06243
1773.9,0.06253
1774.6,0.06256
1775.2,0.06254
1775.8,0.06255
1776.4,0.06262
1777.0,0.06261
1777.6,0.0627
1778.2,0.0628
1778.8,0.06281
1779.4,0.06286
1780.0,0.06297
1780.7,0.06313
1781.3,0.06325
1781.9,0.06335
1782.5,0.06338
1783.1,0.06342
1783.7,0.06357
1784.3,0.0636
1784.9,0.06364
1785.6,0.06369
1786.2,0.06373
1786.8,0.06371
1787.4,0.06382
1788.0,0.06392
1788.6,0.06394
1789.3,0.06401
1789.9,0.06409
1790.5,0.06411
1791.1,0.06418
1791.7,0.06435
1792.3,0.06447
1793.0,0.06444
1793.6,0.06449
1794.2,0.06457
1794.8,0.06463
1795.4,0.0647
1796.1,0.06476
1796.7,0.06481
1797.3,0.06497
1797.9,0.06512
1798.6,0.0652
1799.2,0.06523
1799.8,0.06523
1800.4,0.06527
1801.1,0.06541
1801.7,0.06549
1802.3,0.06551
1802.9,0.06563
1803.6,0.06584
1804.2,0.06591
1804.8,0.06593
1805.5,0.06595
1806.1,0.06609
1806.7,0.06619
1807.3,0.0662
1808.0,0.06632
1808.6,0.06644
1809.2,0.06639
1809.9,0.06641
1810.5,0.06659
1811.1,0.06668
1811.8,0.06675
1812.4,0.0668
1813.0,0.06687
1813.7,0.067
1814.3,0.06706
1814.9,0.06713
1815.6,0.06725
1816.2,0.06728
1816.8,0.06741
1817.5,0.06753
1818.1,0.0676
1818.8,0.06767
1819.4,0.0677
1820.0,0.06784
1820.7,0.06793
1821.3,0.06799
1821.9,0.06813
1822.6,0.06817
1823.2,0.06818
1823.9,0.06822
1824.5,0.06836
1825.2,0.06861
1825.8,0.06873
1826.4,0.06878
1827.1,0.06882
1827.7,0.06885
1828.4,0.06896
1829.0,0.06909
1829.7,0.06914
1830.3,0.06929
1831.0,0.06943
1831.6,0.06949
1832.3,0.06953
1832.9,0.06961
1833.6,0.06968
1834.2,0.06981
1834.8,0.06993
1835.5,0.07004
1836.2,0.0702
1836.8,0.07032
1837.4,0.07032
1838.1,0.07033
1838.8,0.07041
1839.4,0.07052
1840.1,0.07066
1840.7,0.07074
1841.4,0.0708
1842.0,0.07097
1842.7,0.07111
1843.3,0.07113
1844.0,0.07115
1844.6,0.07135
1845.3,0.07154
1845.9,0.07162
1846.6,0.0717
1847.3,0.07177
1847.9,0.07184
1848.6,0.07201
1849.3,0.07213
1849.9,0.07233
1850.6,0.07244
1851.2,0.0724
1851.9,0.07243
1852.6,0.07258
1853.2,0.0727
1853.9,0.07291
1854.5,0.07301
1855.2,0.07302
1855.9,0.0731
1856.5,0.07324
1857.2,0.07331
1857.9,0.07332
1858.5,0.07346
1859.2,0.07368
1859.9,0.07378
1860.5,0.07387
1861.2,0.07401
1861.9,0.07409
1862.5,0.07423
1863.2,0.07439
1863.9,0.07447
1864.5,0.07462
1865.2,0.07473
1865.9,0.07477
1866.6,0.07486
1867.2,0.075
1867.9,0.07513
1868.6,0.07524
1869.3,0.07534
1869.9,0.0754
1870.6,0.07555
1871.3,0.07576
1871.9,0.0758
1872.6,0.07585
1873.3,0.07605
1874.0,0.07624
1874.7,0.0763
1875.3,0.0764
1876.0,0.07657
1876.7,0.07671
1877.4,0.07681
1878.1,0.0769
1878.7,0.07701
1879.4,0.07717
1880.1,0.07732
1880.8,0.07745
1881.5,0.07751
1882.1,0.07756
1882.8,0.07772
1883.5,0.078
1884.2,0.07814
1884.9,0.0782
1885.6,0.07829
1886.3,0.07844
1886.9,0.07856
1887.6,0.07863
1888.3,0.07872
1889.0,0.07886
1889.7,0.07903
1890.4,0.07918
1891.1,0.07932
1891.8,0.07942
1892.4,0.07949
1893.1,0.07966
1893.8,0.07982
1894.5,0.07997
1895.2,0.0801
1895.9,0.08023
1896.6,0.08034
1897.3,0.08047
1898.0,0.08065
1898.7,0.0808
1899.4,0.08096
1900.1,0.08107
1900.8,0.08119
1901.5,0.08132
1902.2,0.08154
1902.9,0.08171
1903.6,0.08177
1904.3,0.08189
1905.0,0.08211
1905.7,0.08222
1906.4,0.08228
1907.1,0.08242
1907.8,0.08252
1908.5,0.08267
1909.2,0.08284
1909.9,0.08293
1910.6,0.08312
1911.3,0.08335
1912.0,0.08349
1912.7,0.08362
1913.4,0.08374
1914.1,0.08386
1914.8,0.084
1915.5,0.0841
1916.2,0.08423
1916.9,0.08442
1917.6,0.0846
1918.3,0.08478
1919.1,0.08489
1919.8,0.08502
1920.5,0.08514
1921.2,0.0853
1921.9,0.08555
1922.6,0.08571
1923.3,0.08582
1924.1,0.08597
1924.8,0.08615
1925.5,0.08633
1926.2,0.0865
1926.9,0.08664
1927.6,0.08677
1928.3,0.08696
1929.1,0.08713
1929.8,0.08725
1930.5,0.0874
1931.2,0.0876
1931.9,0.08777
1932.7,0.08786
1933.4,0.08802
1934.1,0.08821
1934.8,0.08838
1935.5,0.08855
1936.3,0.08869
1937.0,0.08884
1937.7,0.08901
1938.4,0.08918
1939.2,0.08931
1939.9,0.08945
1940.6,0.08959
1941.3,0.08976
1942.1,0.08991
1942.8,0.0901
1943.5,0.09034
1944.3,0.09052
1945.0,0.09065
1945.7,0.09083
1946.4,0.09102
1947.2,0.09119
1947.9,0.09135
1948.6,0.09151
1949.4,0.09165
1950.1,0.09178
1950.8,0.09199
1951.6,0.09215
1952.3,0.09226
1953.0,0.09248
1953.8,0.09266
1954.5,0.0928
1955.3,0.09303
1956.0,0.09325
1956.7,0.09344
1957.5,0.09361
1958.2,0.09375
1958.9,0.0939
1959.7,0.09405
1960.4,0.09425
1961.2,0.09444
1961.9,0.09462
1962.7,0.0948
1963.4,0.09497
1964.1,0.09515
1964.9,0.09535
1965.6,0.09558
1966.4,0.0958
1967.1,0.09598
1967.9,0.09618
1968.6,0.09631
1969.4,0.09644
1970.1,0.09666
1970.8,0.09685
1971.6,0.097
1972.3,0.09714
1973.1,0.09733
1973.8,0.09757
1974.6,0.09776
1975.4,0.0979
1976.1,0.09805
1976.9,0.0982
1977.6,0.09836
1978.4,0.09861
1979.1,0.09882
1979.9,0.099
1980.6,0.09919
1981.4,0.09943
1982.2,0.09967
1982.9,0.09986
1983.7,0.10003
1984.4,0.10021
1985.2,0.10039
1985.9,0.10053
1986.7,0.10066
1987.5,0.10089
1988.2,0.1011
1989.0,0.10125
1989.8,0.10147
1990.5,0.10168
1991.3,0.10184
1992.1,0.1021
1992.8,0.10232
1993.6,0.10253
1994.3,0.1027
1995.1,0.10285
1995.9,0.10303
1996.7,0.10324
1997.4,0.10346
1998.2,0.10365
1999.0,0.10382
1999.7,0.10397
2000.5,0.10416
2001.3,0.10441
2002.1,0.10462
2002.8,0.10488
2003.6,0.1051
2004.4,0.10524
2005.2,0.1054
2005.9,0.10561
2006.7,0.10581
2007.5,0.10599
2008.3,0.10618
2009.0,0.10638
2009.8,0.10658
2010.6,0.1068
2011.4,0.10698
2012.2,0.10719
2012.9,0.10742
2013.7,0.10762
2014.5,0.10783
2015.3,0.10804
2016.1,0.10826
2016.8,0.10848
2017.6,0.10864
2018.4,0.10881
2019.2,0.10907
2020.0,0.1093
2020.8,0.10947
2021.6,0.10964
2022.4,0.10988
2023.2,0.11014
2023.9,0.11025
2024.7,0.11041
2025.5,0.11066
2026.3,0.1109
2027.1,0.11111
2027.9,0.11132
2028.7,0.11153
2029.5,0.11173
2030.3,0.11196
2031.1,0.11218
2031.9,0.11238
2032.7,0.11258
2033.5,0.11271
2034.3,0.11294
2035.1,0.11322
2035.9,0.11343
2036.7,0.11362
2037.5,0.1138
2038.3,0.11406
2039.1,0.1143
2039.9,0.11445
2040.7,0.11463
2041.5,0.11486
2042.3,0.11508
2043.1,0.11529
2043.9,0.11548
2044.7,0.11575
2045.5,0.11599
2046.3,0.11614
2047.1,0.11635
2047.9,0.11661
2048.7,0.11685
2049.5,0.11705
2050.4,0.11721
2051.2,0.11738
2052.0,0.11759
2052.8,0.11789
2053.6,0.11813
2054.4,0.11835
2055.2,0.11851
2056.0,0.11872
2056.9,0.11897
2057.7,0.11916
2058.5,0.11937
2059.3,0.11962
2060.1,0.1198
2060.9,0.11996
2061.8,0.1202
2062.6,0.12046
2063.4,0.12064
2064.2,0.12085
2065.1,0.12109
2065.9,0.12132
2066.7,0.12155
2067.5,0.12177
2068.3,0.12195
2069.2,0.12215
2070.0,0.12241
2070.8,0.12267
2071.6,0.12287
2072.5,0.12305
2073.3,0.12328
2074.1,0.12352
2075.0,0.12374
2075.8,0.12395
2076.6,0.1242
2077.5,0.12441
2078.3,0.1246
2079.1,0.1248
2080.0,0.12501
2080.8,0.12518
2081.6,0.12538
2082.5,0.12561
2083.3,0.1258
2084.1,0.126
2085.0,0.12622
2085.8,0.12649
2086.7,0.12673
2087.5,0.12695
2088.3,0.12713
2089.2,0.12733
2090.0,0.12759
2090.9,0.12783
2091.7,0.12804
2092.6,0.12827
2093.4,0.1285
2094.2,0.12868
2095.1,0.12889
2095.9,0.1291
2096.8,0.12933
2097.6,0.12958
2098.5,0.12978
2099.3,0.12991
2100.2,0.1301
2101.0,0.13036
2101.9,0.13057
2102.7,0.13074
2103.6,0.13094
2104.4,0.13116
2105.3,0.13142
2106.1,0.13162
2107.0,0.13181
2107.9,0.13205
2108.7,0.13225
2109.6,0.13248
2110.4,0.13275
2111.3,0.13295
2112.2,0.13311
2113.0,0.13332
2113.9,0.13354
2114.7,0.13378
2115.6,0.134
2116.5,0.13418
2117.3,0.13435
2118.2,0.13458
2119.1,0.13479
2119.9,0.135
2120.8,0.1352
2121.7,0.13542
2122.5,0.13565
2123.4,0.13587
2124.3,0.13612
2125.1,0.13633
2126.0,0.13653
2126.9,0.13668
2127.8,0.13684
2128.6,0.13706
2129.5,0.1373
2130.4,0.13749
2131.3,0.13771
2132.1,0.13794
2133.0,0.13815
2133.9,0.13837
2134.8,0.1386
2135.6,0.13876
2136.5,0.13895
2137.4,0.13918
2138.3,0.13938
2139.2,0.13959
2140.1,0.13978
2140.9,0.13998
2141.8,0.14025
2142.7,0.14046
2143.6,0.14064
2144.5,0.14082
2145.4,0.14097
2146.3,0.14117
2147.1,0.14142
2148.0,0.14165
2148.9,0.14181
2149.8,0.14199
2150.7,0.1422
2151.6,0.14243
2152.5,0.14262
2153.4,0.14275
2154.3,0.14299
2155.2,0.14327
2156.1,0.14349
2157.0,0.14368
2157.9,0.14385
2158.8,0.14405
2159.7,0.14429
2160.6,0.14451
2161.5,0.1447
2162.4,0.14488
2163.3,0.14508
2164.2,0.14527
2165.1,0.14544
2166.0,0.14565
2166.9,0.14587
2167.8,0.14605
2168.7,0.14624
2169.6,0.14646
2170.5,0.14669
2171.4,0.14691
2172.3,0.14711
2173.3,0.14728
2174.2,0.14739
2175.1,0.14759
2176.0,0.14781
2176.9,0.14804
2177.8,0.14827
2178.7,0.14846
2179.6,0.14862
2180.6,0.14877
2181.5,0.14894
2182.4,0.14916
2183.3,0.14939
2184.2,0.1496
2185.1,0.1498
2186.1,0.14994
2187.0,0.15009
2187.9,0.1503
2188.8,0.15051
2189.8,0.15075
2190.7,0.15095
2191.6,0.15109
2192.6,0.15123
2193.5,0.15145
2194.4,0.15167
2195.3,0.15185
2196.3,0.152
2197.2,0.15219
2198.1,0.15242
2199.1,0.1526
2200.0,0.15277
2200.9,0.15296
2201.9,0.15315
2202.8,0.15339
2203.7,0.1536
2204.7,0.15378
2205.6,0.15397
2206.5,0.15411
2207.5,0.15426
2208.4,0.15448
2209.4,0.15467
2210.3,0.15484
2211.3,0.15502
2212.2,0.15518
2213.1,0.15534
2214.1,0.15558
2215.0,0.15575
2216.0,0.15585
2216.9,0.15598
2217.9,0.15617
2218.8,0.1564
2219.8,0.15664
2220.7,0.15678
2221.7,0.15694
2222.6,0.15714
2223.6,0.15732
2224.5,0.15751
2225.5,0.1577
2226.4,0.15787
2227.4,0.15806
2228.4,0.1582
2229.3,0.15835
2230.3,0.15855
2231.2,0.15872
2232.2,0.15888
2233.1,0.15907
2234.1,0.15923
2235.1,0.15942
2236.0,0.15959
2237.0,0.15976
2238.0,0.15992
2238.9,0.16009
2239.9,0.16025
2240.9,0.16037
2241.8,0.16058
2242.8,0.16081
2243.8,0.16096
2244.8,0.16111
2245.7,0.16132
2246.7,0.1615
2247.7,0.16162
2248.6,0.16178
2249.6,0.16193
2250.6,0.16209
2251.6,0.16233
2252.6,0.16253
2253.5,0.16268
2254.5,0.16283
2255.5,0.16301
2256.5,0.16318
2257.5,0.1633
2258.4,0.16345
2259.4,0.16365
2260.4,0.16385
2261.4,0.16401
2262.4,0.16416
2263.4,0.16429
2264.4,0.16445
2265.4,0.16463
2266.3,0.16481
2267.3,0.165
2268.3,0.16517
2269.3,0.16525
2270.3,0.16541
2271.3,0.16566
2272.3,0.16582
2273.3,0.16592
2274.3,0.16607
2275.3,0.16626
2276.3,0.16646
2277.3,0.16661
2278.3,0.16678
2279.3,0.16691
2280.3,0.16708
2281.3,0.16727
2282.3,0.16744
2283.3,0.16758
2284.3,0.16774
2285.3,0.1679
2286.3,0.16807
2287.3,0.16822
2288.4,0.16834
2289.4,0.16849
2290.4,0.16864
2291.4,0.16877
2292.4,0.16895
2293.4,0.16915
2294.4,0.16932
2295.4,0.16951
2296.5,0.16965
2297.5,0.16973
2298.5,0.16984
2299.5,0.17003
2300.5,0.17023
2301.6,0.17041
2302.6,0.1706
2303.6,0.17073
2304.6,0.17086
2305.6,0.17102
2306.7,0.17116
2307.7,0.1713
2308.7,0.17147
2309.8,0.17163
2310.8,0.17174
2311.8,0.1719
2312.9,0.17208
2313.9,0.1722
2314.9,0.17237
2315.9,0.17256
2317.0,0.17271
2318.0,0.17287
2319.1,0.17306
2320.1,0.17321
2321.1,0.17338
2322.2,0.1735
2323.2,0.17361
2324.3,0.17377
2325.3,0.17392
2326.3,0.17408
2327.4,0.17426
2328.4,0.17442
2329.5,0.1746
2330.5,0.17474
2331.6,0.17486
2332.6,0.17501
2333.7,0.17518
2334.7,0.17533
2335.8,0.17548
2336.8,0.17562
2337.9,0.17578
2338.9,0.17589
2340.0,0.17606
2341.0,0.17624
2342.1,0.1764
2343.2,0.17649
2344.2,0.1766
2345.3,0.17679
2346.3,0.17697
2347.4,0.1771
2348.5,0.17724
2349.5,0.17738
2350.6,0.17756
2351.7,0.17774
2352.7,0.17788
2353.8,0.17802
2354.9,0.17818
2355.9,0.17833
2357.0,0.17846
2358.1,0.1786
2359.1,0.17876
2360.2,0.1789
2361.3,0.17902
2362.4,0.17917
2363.4,0.17933
2364.5,0.17947
2365.6,0.17963
2366.7,0.17981
2367.8,0.17991
2368.9,0.18001
2369.9,0.18022
2371.0,0.18041
2372.1,0.18057
2373.2,0.18073
2374.3,0.18087
2375.4,0.18098
2376.4,0.18113
2377.5,0.18125
2378.6,0.18137
2379.7,0.18151
2380.8,0.18171
2381.9,0.1819
2383.0,0.18205
2384.1,0.18216
2385.2,0.1823
2386.3,0.1825
2387.4,0.18267
2388.5,0.18278
2389.6,0.1829
2390.7,0.18304
2391.8,0.18318
2392.9,0.18332
2394.0,0.18346
2395.1,0.18361
2396.2,0.18381
2397.3,0.18397
2398.4,0.1841
2399.6,0.18423
2400.7,0.18436
2401.8,0.18448
2402.9,0.18462
2404.0,0.18479
2405.1,0.18494
2406.2,0.18506
2407.4,0.18525
2408.5,0.1854
2409.6,0.18553
2410.7,0.1857
2411.8,0.18586
2412.9,0.18599
2414.1,0.18611
2415.2,0.18624
2416.3,0.18642
2417.4,0.18657
2418.6,0.1867
2419.7,0.18682
2420.8,0.18696
2422.0,0.18712
2423.1,0.18728
2424.2,0.18743
2425.4,0.18759
2426.5,0.18778
2427.6,0.18796
2428.8,0.18808
2429.9,0.18819
2431.1,0.18834
2432.2,0.18849
2433.3,0.18859
2434.5,0.18873
2435.6,0.18889
2436.8,0.18903
2437.9,0.18916
2439.1,0.18931
2440.2,0.18946
2441.4,0.18967
2442.5,0.18979
2443.6,0.18993
2444.8,0.1901
2446.0,0.19024
2447.1,0.19041
2448.3,0.19054
2449.4,0.19061
2450.6,0.19078
2451.7,0.19095
2452.9,0.19107
2454.1,0.19117
2455.2,0.1913
2456.4,0.19143
2457.6,0.19161
2458.7,0.19178
2459.9,0.19195
2461.1,0.19209
2462.2,0.19222
2463.4,0.19237
2464.6,0.19254
2465.7,0.19267
2466.9,0.19279
2468.1,0.19291
2469.3,0.19304
2470.4,0.1932
2471.6,0.19334
2472.8,0.19346
2474.0,0.19362
2475.1,0.19377
2476.3,0.1939
2477.5,0.19403
2478.7,0.19417
2479.9,0.19433
2481.1,0.19451
2482.3,0.19464
2483.4,0.19476
2484.6,0.1949
2485.8,0.19507
2487.0,0.19521
2488.2,0.19535
2489.4,0.19551
2490.6,0.19564
2491.8,0.19575
2493.0,0.19591
2494.2,0.19604
2495.4,0.19618
2496.6,0.19629
2497.8,0.19644
2499.0,0.19658
2500.2,0.19672
2501.4,0.19687
2502.6,0.19704
2503.8,0.19719
2505.0,0.19734
2506.3,0.19747
2507.5,0.19758
2508.7,0.19768
2509.9,0.19781
2511.1,0.19797
2512.3,0.19814
2513.5,0.19828
2514.8,0.19845
2516.0,0.19863
2517.2,0.19878
2518.4,0.19888
2519.6,0.19898
2520.9,0.19909
2522.1,0.19923
2523.3,0.19939
2524.6,0.19953
2525.8,0.19966
2527.0,0.19981
2528.3,0.19993
2529.5,0.20006
2530.7,0.20019
2531.9,0.20035
2533.2,0.2005
2534.4,0.20061
2535.7,0.20071
2536.9,0.20087
2538.1,0.201
2539.4,0.20114
2540.6,0.2013
2541.9,0.20144
2543.1,0.20157
2544.4,0.20167
2545.6,0.2018
2546.9,0.20196
2548.1,0.20209
2549.4,0.20219
2550.6,0.20228
2551.9,0.20245
2553.1,0.20263
2554.4,0.20273
2555.7,0.20281
2556.9,0.20297
2558.2,0.20311
2559.4,0.20326
2560.7,0.20346
2562.0,0.20364
2563.2,0.20374
2564.5,0.20386
2565.8,0.20393
2567.1,0.20404
2568.3,0.20418
2569.6,0.20434
2570.9,0.20443
2572.1,0.20449
2573.4,0.20472
2574.7,0.20491
2576.0,0.20494
2577.3,0.20507
2578.5,0.20517
2579.8,0.20527
2581.1,0.20544
2582.4,0.20559
2583.7,0.20578
2585.0,0.20591
2586.3,0.20594
2587.5,0.2061
2588.8,0.20623
2590.1,0.20631
2591.4,0.20638
2592.7,0.20654
2594.0,0.20681
2595.3,0.20715
2596.6,0.20714
2597.9,0.20705
2599.2,0.20707
2600.5,0.20721
2601.8,0.20736
2603.1,0.20748
2604.4,0.20761
2605.8,0.20781
2607.1,0.20794
2608.4,0.20801
2609.7,0.20811
2611.0,0.20818
2612.3,0.20825
2613.6,0.20841
2614.9,0.20853
2616.3,0.20872
2617.6,0.20889
2618.9,0.20892
2620.2,0.20905
2621.6,0.20917
2622.9,0.20918
2624.2,0.20933
2625.5,0.20945
2626.9,0.20964
2628.2,0.2097
2629.5,0.2098
2630.9,0.21001
2632.2,0.21005
2633.5,0.21007
2634.9,0.2102
2636.2,0.21028
2637.6,0.21038
2638.9,0.21051
2640.2,0.21061
2641.6,0.21071
2642.9,0.21082
2644.3,0.21091
2645.6,0.21104
2647.0,0.21113
2648.3,0.21118
2649.7,0.21126
2651.0,0.21142
2652.4,0.2116
2653.8,0.21172
2655.1,0.2118
2656.5,0.21191
2657.8,0.21198
2659.2,0.21212
2660.6,0.21226
2661.9,0.21239
2663.3,0.21248
2664.7,0.21275
2666.0,0.213
2667.4,0.21318
2668.8,0.21323
2670.1,0.21348
2671.5,0.21373
2672.9,0.21369
2674.3,0.21378
2675.7,0.21395
2677.0,0.2141
2678.4,0.21409
2679.8,0.21411
2681.2,0.21409
2682.6,0.2141
2684.0,0.21421
2685.4,0.21422
2686.8,0.21426
2688.1,0.21427
2689.5,0.21432
2690.9,0.21438
2692.3,0.21447
2693.7,0.21466
2695.1,0.21479
2696.5,0.21478
2697.9,0.21482
2699.3,0.21486
2700.8,0.21498
2702.1,0.21512
2703.6,0.21518
2705.0,0.21522
2706.4,0.21525
2707.8,0.2153
2709.2,0.21542
2710.6,0.21553
2712.1,0.21556
2713.5,0.21543
2714.9,0.21539
2716.3,0.21539
2717.7,0.21549
2719.2,0.21573
2720.6,0.21595
2722.0,0.21582
2723.4,0.2157
2724.9,0.21578
2726.3,0.21573
2727.7,0.21565
2729.2,0.21564
2730.6,0.21565
2732.1,0.21568
2733.5,0.21568
2734.9,0.21576
2736.4,0.21575
2737.8,0.21572
2739.3,0.21586
2740.7,0.21594
2742.2,0.21586
2743.6,0.21575
2745.1,0.21571
2746.5,0.21572
2748.0,0.2157
2749.4,0.2157
2750.9,0.21567
2752.4,0.21569
2753.8,0.21573
2755.3,0.21588
2756.7,0.21589
2758.2,0.21574
2759.7,0.21566
2761.1,0.21568
2762.6,0.21575
2764.1,0.21573
2765.6,0.21564
2767.0,0.21565
2768.5,0.21567
2770.0,0.21567
2771.5,0.2157
2773.0,0.21567
2774.4,0.2156
2775.9,0.21556
2777.4,0.21555
2778.9,0.21556
2780.4,0.21553
2781.9,0.21552
2783.4,0.21547
2784.9,0.21547
2786.4,0.21551
2787.9,0.21553
2789.4,0.21546
2790.9,0.21541
2792.4,0.21538
2793.9,0.21536
2795.4,0.21533
2796.9,0.21532
2798.4,0.21531
2799.9,0.21529
2801.4,0.21533
2802.9,0.21542
2804.4,0.21541
2806.0,0.21532
2807.5,0.21528
2809.0,0.21527
2810.5,0.21523
2812.1,0.21518
2813.6,0.21514
2815.1,0.21514
2816.6,0.21513
2818.2,0.21512
2819.7,0.21513
2821.2,0.21513
2822.8,0.21509
2824.3,0.21503
2825.9,0.215
2827.4,0.21502
2828.9,0.21501
2830.5,0.21498
2832.0,0.21494
2833.6,0.21494
2835.1,0.21493
2836.7,0.21495
2838.2,0.21495
2839.8,0.21489
2841.3,0.21488
2842.9,0.21491
2844.4,0.21488
2846.0,0.21483
2847.6,0.21482
2849.1,0.21482
2850.7,0.21479
2852.3,0.21477
2853.8,0.21478
2855.4,0.21478
2857.0,0.21473
2858.6,0.2147
2860.1,0.21466
2861.7,0.21467
2863.3,0.21467
2864.9,0.21465
2866.5,0.21463
2868.1,0.21463
2869.6,0.21462
2871.2,0.21461
2872.8,0.21458
2874.4,0.21454
2876.0,0.21452
2877.6,0.21454
2879.2,0.21453
2880.8,0.21449
2882.4,0.21446
2884.0,0.21446
2885.6,0.21446
2887.2,0.21445
2888.8,0.21446
2890.4,0.21447
2892.0,0.21444
2893.6,0.21443
2895.3,0.21445
2896.9,0.21446
2898.5,0.21445
2900.1,0.2145
2901.8,0.21453
2903.4,0.21454
2905.0,0.21454
2906.6,0.21455
2908.3,0.21459
2909.9,0.2146
2911.5,0.2146
2913.2,0.21464
2914.8,0.21464
2916.4,0.21464
2918.1,0.21464
2919.7,0.2147
2921.4,0.21475
2923.0,0.21479
2924.7,0.21482
2926.3,0.21484
2928.0,0.21486
2929.6,0.2149
2931.3,0.2149
2932.9,0.21489
2934.6,0.21494
2936.3,0.21498
2937.9,0.21501
2939.6,0.21506
2941.3,0.2151
2942.9,0.21514
2944.6,0.21518
2946.3,0.21523
2947.9,0.21526
2949.6,0.21529
2951.3,0.21535
2953.0,0.21542
2954.7,0.21547
2956.3,0.21551
2958.0,0.21553
2959.7,0.21558
2961.4,0.21563
2963.1,0.2157
2964.8,0.21576
2966.5,0.2158
2968.2,0.21583
2969.9,0.21589
2971.6,0.21595
2973.3,0.21601
2975.0,0.21608
2976.7,0.21616
2978.4,0.21622
2980.1,0.21627
2981.9,0.21632
2983.6,0.21638
2985.3,0.21644
2987.0,0.2165
2988.7,0.21657
2990.4,0.21661
2992.2,0.21665
2993.9,0.2167
2995.6,0.21674
2997.4,0.2168
2999.1,0.21685
3000.8,0.2169
3002.6,0.21693
3004.3,0.21699
3006.1,0.21704
3007.8,0.21711
3009.5,0.21715
3011.3,0.2172
3013.0,0.21726
3014.8,0.21733
3016.5,0.21737
3018.3,0.21741
3020.1,0.21744
3021.8,0.2175
3023.6,0.21752
3025.3,0.21754
3027.1,0.21759
3028.9,0.21766
3030.6,0.21771
3032.4,0.21772
3034.2,0.21775
3036.0,0.2178
3037.7,0.21782
3039.5,0.21789
3041.3,0.21792
3043.1,0.21795
3044.9,0.21799
3046.7,0.21802
3048.5,0.21805
3050.3,0.2181
3052.1,0.21812
3053.8,0.21813
3055.6,0.21814
3057.4,0.21816
3059.3,0.2182
3061.1,0.21824
3062.9,0.21826
3064.7,0.2183
3066.5,0.21831
3068.3,0.21831
3070.1,0.2183
3071.9,0.21831
3073.8,0.21833
3075.6,0.21836
3077.4,0.21835
3079.2,0.21836
3081.1,0.21836
3082.9,0.21838
3084.7,0.21838
3086.6,0.2184
3088.4,0.21844
3090.2,0.21846
3092.1,0.21844
3093.9,0.21847
3095.8,0.21851
3097.6,0.21853
3099.5,0.21855
3101.3,0.21858
3103.2,0.21862
3105.1,0.21864
3106.9,0.21865
3108.8,0.21868
3110.6,0.21871
3112.5,0.21872
3114.4,0.21874
3116.2,0.21878
3118.1,0.21879
3120.0,0.21881
3121.9,0.21885
3123.8,0.21889
3125.6,0.2189
3127.5,0.21893
3129.4,0.21895
3131.3,0.21901
3133.2,0.21904
3135.1,0.21907
3137.0,0.21908
3138.9,0.21911
3140.8,0.21914
3142.7,0.21916
3144.6,0.21919
3146.5,0.21923
3148.4,0.21926
3150.3,0.21929
3152.2,0.21931
3154.1,0.21934
3156.1,0.21936
3158.0,0.2194
3159.9,0.21944
3161.8,0.21946
3163.8,0.21947
3165.7,0.2195
3167.6,0.21954
3169.6,0.21957
3171.5,0.21958
3173.5,0.21963
3175.4,0.21968
3177.3,0.21973
3179.3,0.21977
3181.2,0.2198
3183.2,0.21982
3185.1,0.21983
3187.1,0.21985
3189.1,0.21988
3191.0,0.21994
3193.0,0.22
3195.0,0.22004
3196.9,0.22007
3198.9,0.2201
3200.9,0.22013
3202.9,0.22016
3204.8,0.22016
3206.8,0.22017
3208.8,0.22021
3210.8,0.22027
3212.8,0.22032
3214.8,0.22032
3216.8,0.22032
3218.8,0.22033
3220.8,0.22038
3222.8,0.22041
3224.8,0.22043
3226.8,0.22044
3228.8,0.22049
3230.8,0.22053
3232.8,0.22057
3234.8,0.22058
3236.8,0.2206
3238.9,0.22062
3240.9,0.22061
3242.9,0.22061
3244.9,0.22066
3247.0,0.22068
3249.0,0.2207
3251.1,0.22076
3253.1,0.22081
3255.1,0.22083
3257.2,0.22084
3259.2,0.22085
3261.3,0.22087
3263.3,0.22087
3265.4,0.22087
3267.4,0.22088
3269.5,0.22091
3271.6,0.22093
3273.6,0.22093
3275.7,0.22094
3277.8,0.22095
3279.8,0.22097
3281.9,0.22098
3284.0,0.221
3286.1,0.22102
3288.2,0.22102
3290.2,0.22104
3292.3,0.22106
3294.4,0.22107
3296.5,0.22104
3298.6,0.22103
3300.7,0.22102
3302.8,0.22101
3304.9,0.22102
3307.0,0.22103
3309.1,0.22102
3311.3,0.22104
3313.4,0.22104
3315.5,0.22105
3317.6,0.22103
3319.7,0.22101
3321.9,0.22101
3324.0,0.22103
3326.1,0.221
3328.3,0.22097
3330.4,0.22094
3332.5,0.22089
3334.7,0.22085
3336.8,0.2208
3339.0,0.2207
3341.1,0.2206
3343.3,0.22052
3345.4,0.22046
3347.6,0.22035
3349.8,0.22023
3351.9,0.22009
3354.1,0.21991
3356.3,0.21971
3358.4,0.21949
3360.6,0.2192
3362.8,0.21886
3365.0,0.21844
3367.2,0.21797
3369.4,0.21751
3371.5,0.21718
3373.7,0.21694
3375.9,0.21681
3378.1,0.21675
3380.3,0.21678
3382.5,0.2169
3384.7,0.21705
3386.9,0.21712
3389.2,0.21714
3391.4,0.21705
3393.6,0.21689
3395.8,0.2166
3398.1,0.21626
3400.3,0.21586
3402.5,0.2154
3404.7,0.21487
3407.0,0.21432
3409.2,0.21375
3411.5,0.2132
3413.7,0.21271
3416.0,0.21238
3418.2,0.21225
3420.5,0.21232
3422.7,0.21254
3425.0,0.21289
3427.3,0.21337
3429.5,0.21395
3431.8,0.21455
3434.1,0.21512
3436.3,0.21557
3438.6,0.21592
3440.9,0.21616
3443.2,0.21638
3445.5,0.21657
3447.8,0.21676
3450.1,0.21691
3452.4,0.21708
3454.6,0.21724
3456.9,0.21738
3459.3,0.21749
3461.6,0.21761
3463.9,0.21769
3466.2,0.21773
3468.5,0.21771
3470.8,0.21766
3473.2,0.21759
3475.5,0.21753
3477.8,0.21747
3480.1,0.2174
3482.5,0.2173
3484.8,0.21718
3487.2,0.21701
3489.5,0.21679
3491.9,0.2165
3494.2,0.21616
3496.6,0.21571
3498.9,0.21527
3501.3,0.21491
3503.7,0.21471
3506.0,0.21471
3508.4,0.21495
3510.8,0.21548
3513.2,0.21619
3515.5,0.21683
3517.9,0.21735
3520.3,0.21771
3522.7,0.21796
3525.1,0.21813
3527.5,0.21828
3529.9,0.21837
3532.3,0.21843
3534.7,0.21846
3537.1,0.21849
3539.5,0.2185
3541.9,0.21851
3544.4,0.21849
3546.8,0.21848
3549.2,0.21847
3551.7,0.21846
3554.1,0.21843
3556.5,0.21841
3559.0,0.21838
3561.4,0.21837
3563.9,0.21833
3566.3,0.2183
3568.8,0.21825
3571.2,0.21818
3573.7,0.21811
3576.1,0.21805
3578.6,0.21801
3581.1,0.21795
3583.6,0.21787
3586.0,0.2178
3588.5,0.21775
3591.0,0.2177
3593.5,0.21761
3596.0,0.21755
3598.5,0.21746
3601.0,0.21737
3603.5,0.21728
3606.0,0.21721
3608.5,0.21712
3611.0,0.21704
3613.5,0.21697
3616.1,0.2169
3618.6,0.21682
3621.1,0.21673
3623.6,0.21664
3626.2,0.21656
3628.7,0.21647
3631.3,0.2164
3633.8,0.21632
3636.3,0.21623
3638.9,0.21611
3641.4,0.21602
3644.0,0.21594
3646.6,0.21585
3649.1,0.21574
3651.7,0.21564
3654.3,0.21555
3656.9,0.21547
3659.4,0.21537
3662.0,0.21528
3664.6,0.21516
3667.2,0.21506
3669.8,0.21496
3672.4,0.21486
3675.0,0.21476
3677.6,0.21467
3680.2,0.21458
3682.8,0.21449
3685.4,0.21439
3688.1,0.21428
3690.7,0.21417
3693.3,0.21406
3695.9,0.21395
3698.6,0.21385
3701.2,0.21374
3703.9,0.21364
3706.5,0.21353
3709.2,0.21344
3711.8,0.21331
3714.5,0.21319
3717.1,0.2131
3719.8,0.213
3722.5,0.21286
3725.2,0.21274
3727.8,0.21263
3730.5,0.21253
3733.2,0.21242
3735.9,0.2123
3738.6,0.21217
3741.3,0.21203
3744.0,0.2119
3746.7,0.2118
3749.4,0.21168
3752.1,0.21157
3754.8,0.21143
3757.6,0.21131
3760.3,0.21119
3763.0,0.21108
3765.7,0.21095
3768.5,0.21084
3771.2,0.2107
3774.0,0.21059
3776.7,0.21045
3779.5,0.21032
3782.2,0.21019
3785.0,0.21008
3787.7,0.20994
3790.5,0.20979
3793.3,0.20966
3796.1,0.20954
3798.8,0.20938
3801.6,0.20925
3804.4,0.20912
3807.2,0.209
3810.0,0.20886
3812.8,0.20874
3815.6,0.2086
3818.4,0.20846
3821.2,0.20831
3824.1,0.20818
3826.9,0.20804
3829.7,0.2079
3832.5,0.20774
3835.4,0.20761
3838.2,0.20746
3841.1,0.20731
3843.9,0.20717
3846.8,0.20703
3849.6,0.20687
3852.5,0.20672
3855.3,0.20656
3858.2,0.20641
3861.1,0.20623
3863.9,0.20606
3866.8,0.20588
3869.7,0.20572
3872.6,0.20557
3875.5,0.20543
3878.4,0.20528
3881.3,0.20514
3884.2,0.20496
3887.1,0.2048
3890.0,0.20464
3893.0,0.20447
3895.9,0.20431
3898.8,0.20415
3901.7,0.20398
3904.7,0.20381
3907.6,0.20364
3910.6,0.2035
3913.5,0.20334
3916.5,0.20317
3919.4,0.20299
3922.4,0.20284
3925.4,0.20268
3928.4,0.20253
3931.3,0.20237
3934.3,0.20219
3937.3,0.20201
3940.3,0.20186
3943.3,0.2017
3946.3,0.20155
3949.3,0.2014
3952.3,0.20125
3955.3,0.20107
3958.3,0.2009
3961.4,0.20072
3964.4,0.20056
3967.4,0.20039
3970.5,0.20021
3973.5,0.2
3976.6,0.19981
3979.6,0.19962
3982.6,0.19945
3985.7,0.19926
3988.8,0.19907
3991.9,0.19889
3994.9,0.19872
3998.0,0.19853
4001.1,0.19835
4004.2,0.19818
4007.3,0.19802
4010.4,0.19785
4013.5,0.19768
4016.6,0.1975
4019.7,0.19733
4022.8,0.19714
4025.9,0.19695
4029.1,0.19677
4032.2,0.19659
4035.3,0.1964
4038.5,0.19622
4041.6,0.19603
4044.8,0.19585
4047.9,0.19567
4051.1,0.19549
4054.3,0.1953
4057.4,0.19512
4060.6,0.19494
4063.8,0.19475
4067.0,0.19457
4070.2,0.19438
4073.4,0.19417
4076.6,0.19397
4079.8,0.19379
4083.0,0.19363
4086.2,0.19343
4089.4,0.19324
4092.7,0.19304
4095.9,0.19286
4099.1,0.19268
4102.4,0.1925
4105.6,0.1923
4108.9,0.19211
4112.1,0.19191
4115.4,0.19173
4118.7,0.19155
4122.0,0.19137
4125.2,0.19117
4128.5,0.19099
4131.8,0.19078
4135.1,0.19059
4138.4,0.19037
4141.7,0.19015
4145.0,0.18998
4148.3,0.1898
4151.6,0.18961
4155.0,0.18942
4158.3,0.1892
4161.6,0.18901
4165.0,0.18879
4168.3,0.18858
4171.7,0.18839
4175.0,0.1882
4178.4,0.188
4181.8,0.18782
4185.2,0.18764
4188.5,0.18745
4191.9,0.18723
4195.3,0.18704
4198.7,0.18685
4202.1,0.18666
4205.5,0.18647
4208.9,0.18629
4212.4,0.18608
4215.8,0.18588
4219.2,0.1857
4222.6,0.18553
4226.1,0.18534
4229.5,0.18515
4233.0,0.18494
4236.5,0.18474
4239.9,0.18452
4243.4,0.18433
4246.9,0.18412
4250.3,0.1839
4253.8,0.18367
4257.3,0.18347
4260.8,0.18331
4264.3,0.18314
4267.8,0.18295
4271.3,0.18277
4274.9,0.18256
4278.4,0.18234
4281.9,0.18212
4285.5,0.18191
4289.0,0.18169
4292.6,0.18147
4296.1,0.18125
4299.7,0.18106
4303.3,0.18085
4306.8,0.18065
4310.4,0.18043
4314.0,0.1802
4317.6,0.17996
4321.2,0.17974
4324.8,0.17953
4328.4,0.17934
4332.0,0.1791
4335.6,0.17888
4339.3,0.17868
4342.9,0.17848
4346.5,0.17825
4350.2,0.17804
4353.8,0.17783
4357.5,0.17764
4361.1,0.17743
4364.8,0.17721
4368.5,0.17701
4372.2,0.17683
4375.9,0.17663
4379.6,0.17643
4383.3,0.17622
4387.0,0.17602
4390.7,0.17582
4394.4,0.17563
4398.1,0.17541
4401.9,0.17519
4405.6,0.17498
4409.4,0.17479
4413.1,0.17458
4416.9,0.17439
4420.6,0.17418
4424.4,0.174
4428.2,0.17379
4432.0,0.17357
4435.8,0.17335
4439.6,0.17315
4443.4,0.17294
4447.2,0.17277
4451.0,0.17257
4454.8,0.1724
4458.6,0.17219
4462.5,0.17196
4466.3,0.17174
4470.2,0.17154
4474.0,0.17133
4477.9,0.17112
4481.8,0.17092
4485.6,0.17073
4489.5,0.17051
4493.4,0.17029
4497.3,0.17005
4501.2,0.16986
4505.1,0.16966
4509.0,0.16946
4513.0,0.16925
4516.9,0.16906
4520.9,0.16883
4524.8,0.16861
4528.7,0.16839
4532.7,0.16817
4536.7,0.16794
4540.6,0.16774
4544.6,0.16751
4548.6,0.16729
4552.6,0.16706
4556.6,0.16685
4560.6,0.16661
4564.6,0.16639
4568.6,0.16619
4572.7,0.16597
4576.7,0.16571
4580.8,0.16549
4584.8,0.16528
4588.9,0.16506
4592.9,0.16483
4597.0,0.16461
4601.1,0.16437
4605.2,0.16415
4609.3,0.16393
4613.4,0.16372
4617.5,0.16349
4621.6,0.16325
4625.7,0.16302
4629.8,0.16282
4634.0,0.1626
4638.1,0.16237
4642.3,0.16209
4646.4,0.16186
4650.6,0.16165
4654.8,0.16143
4659.0,0.1612
4663.1,0.16097
4667.3,0.16073
4671.5,0.1605
4675.8,0.16026
4680.0,0.16005
4684.2,0.15981
4688.4,0.15956
4692.7,0.15931
4696.9,0.15909
4701.2,0.15887
4705.5,0.15864
4709.7,0.15839
4714.0,0.15816
4718.3,0.15792
4722.6,0.15768
4726.9,0.15745
4731.2,0.15721
4735.5,0.15697
4739.9,0.15671
4744.2,0.15647
4748.5,0.15625
4752.9,0.15601
4757.3,0.15577
4761.6,0.15552
4766.0,0.1553
4770.4,0.15506
4774.8,0.15485
4779.2,0.15461
4783.6,0.15439
4788.0,0.15416
4792.4,0.15394
4796.9,0.1537
4801.3,0.15347
4805.8,0.15324
4810.2,0.15301
4814.7,0.15276
4819.1,0.15252
4823.6,0.15227
4828.1,0.15204
4832.6,0.15181
4837.1,0.15157
4841.6,0.15134
4846.2,0.15113
4850.7,0.15088
4855.3,0.15064
4859.8,0.15039
4864.4,0.15015
4868.9,0.14991
4873.5,0.14965
4878.1,0.14938
4882.7,0.14914
4887.3,0.14888
4891.9,0.14861
4896.5,0.14836
4901.1,0.14811
4905.8,0.14785
4910.4,0.14759
4915.1,0.1473
4919.7,0.14703
4924.4,0.14676
4929.1,0.14649
4933.8,0.1462
4938.5,0.14593
4943.2,0.14565
4947.9,0.14539
4952.6,0.14512
4957.4,0.14487
4962.1,0.14461
4966.9,0.14436
4971.6,0.1441
4976.4,0.14385
4981.2,0.14363
4986.0,0.14342
4990.8,0.14318
4995.6,0.14295
5000.4,0.14272
5005.2,0.14251
5010.0,0.1423
5014.9,0.14207
5019.8,0.14186
5024.6,0.14166
5029.5,0.14143
5034.4,0.14119
5039.3,0.14095
5044.2,0.14073
5049.1,0.1405
5054.0,0.14028
5058.9,0.14005
5063.9,0.13984
5068.8,0.13962
5073.8,0.13942
5078.8,0.13925
5083.7,0.13908
5088.7,0.1389
5093.7,0.13872
5098.7,0.13851
5103.7,0.13832
5108.8,0.13812
5113.8,0.13795
5118.9,0.13776
5123.9,0.13758
5129.0,0.13737
5134.1,0.13719
5139.1,0.13701
5144.3,0.13684
5149.4,0.13664
5154.5,0.13644
5159.6,0.13623
5164.7,0.13604
5169.9,0.13585
5175.0,0.13566
5180.2,0.13545
5185.4,0.13527
5190.6,0.13507
5195.8,0.13486
5201.0,0.13464
5206.2,0.13441
5211.5,0.1342
5216.7,0.13399
5222.0,0.13373
5227.2,0.13349
5232.5,0.13324
5237.8,0.13302
5243.1,0.13277
5248.4,0.13253
5253.7,0.13229
5259.0,0.13205
5264.4,0.13181
5269.7,0.1316
5275.1,0.13139
5280.5,0.13117
5285.8,0.13096
5291.2,0.1308
5296.6,0.1306
5302.0,0.13042
5307.5,0.13024
5312.9,0.13008
5318.4,0.12992
5323.8,0.12977
5329.3,0.12963
5334.8,0.12949
5340.3,0.12937
5345.8,0.12931
5351.3,0.12923
5356.8,0.12911
5362.4,0.12901
5367.9,0.12895
5373.5,0.12887
5379.0,0.12878
5384.6,0.12869
5390.2,0.12863
5395.8,0.12855
5401.5,0.12848
5407.1,0.1284
5412.7,0.12831
5418.4,0.12825
5424.1,0.12819
5429.7,0.12801
5435.4,0.12786
5441.1,0.12772
5446.8,0.12761
5452.6,0.12748
5458.3,0.12738
5464.1,0.12727
5469.8,0.12712
5475.6,0.12698
5481.4,0.12688
5487.2,0.1267
5493.0,0.12655
5498.8,0.12641
5504.7,0.12627
5510.5,0.12611
5516.4,0.12596
5522.3,0.12579
5528.1,0.12565
5534.0,0.12548
5540.0,0.1253
5545.9,0.12513
5551.8,0.12499
5557.8,0.1248
5563.7,0.12464
5569.7,0.12448
5575.7,0.12436
5581.7,0.1242
5587.7,0.124
5593.7,0.1238
5599.8,0.12364
5605.8,0.12342
5611.9,0.12325
5618.0,0.12308
5624.1,0.1229
5630.2,0.1227
5636.3,0.12256
5642.4,0.12244
5648.6,0.12223
5654.7,0.12204
5660.9,0.12185
5667.1,0.12164
5673.3,0.12153
5679.5,0.12135
5685.7,0.12117
5692.0,0.12104
5698.2,0.12089
5704.5,0.12075
5710.8,0.12063
5717.1,0.12036
5723.4,0.12006
5729.7,0.11973
5736.1,0.11942
5742.4,0.11914
5748.8,0.11894
5755.1,0.11874
5761.5,0.1187
5768.0,0.11866
5774.4,0.11844
5780.8,0.11827
5787.3,0.11814
5793.7,0.11798
5800.2,0.11781
5806.7,0.11762
5813.2,0.1175
5819.7,0.11743
5826.3,0.11725
5832.8,0.11696
5839.4,0.11673
5846.0,0.11652
5852.6,0.11635
5859.2,0.11619
5865.8,0.11606
5872.5,0.1159
5879.1,0.11588
5885.8,0.11567
5892.5,0.11544
5899.2,0.11523
5905.9,0.11489
5912.6,0.11466
5919.4,0.11447
5926.2,0.11428
5932.9,0.11417
5939.7,0.11399
5946.5,0.11368
5953.4,0.11342
5960.2,0.1132
5967.1,0.11302
5974.0,0.11278
5980.8,0.11254
5987.8,0.11236
5994.7,0.11209
6001.6,0.11181
6008.6,0.11161
6015.5,0.11144
6022.5,0.11122
6029.5,0.11102
6036.5,0.11083
6043.6,0.11081
6050.6,0.11071
6057.7,0.11032
6064.8,0.11007
6071.9,0.10994
6079.0,0.10968
6086.1,0.10939
6093.3,0.10915
6100.5,0.10895
6107.6,0.1088
6114.9,0.10866
6122.1,0.10832
6129.3,0.10804
6136.5,0.10786
6143.8,0.10766
6151.1,0.10744
6158.4,0.10729
6165.7,0.10708
6173.1,0.10688
6180.4,0.10676
6187.8,0.1066
6195.2,0.10637
6202.6,0.1062
6210.0,0.10602
6217.5,0.10587
6225.0,0.10572
6232.4,0.10555
6239.9,0.10537
6247.5,0.10521
6255.0,0.10508
6262.5,0.10495
6270.1,0.10481
6277.7,0.10468
6285.3,0.10455
6292.9,0.10444
6300.6,0.10431
6308.3,0.10421
6315.9,0.1041
6323.6,0.104
6331.4,0.10391
6339.1,0.1039
6346.9,0.10383
6354.6,0.10366
6362.4,0.10355
6370.3,0.10349
6378.1,0.10332
6385.9,0.10318
6393.8,0.10306
6401.7,0.10298
6409.6,0.10302
6417.6,0.10296
6425.5,0.10269
6433.5,0.10251
6441.5,0.1023
6449.5,0.10213
6457.5,0.10195
6465.6,0.10181
6473.6,0.10169
6481.7,0.10157
6489.8,0.10147
6498.0,0.10127
6506.1,0.10093
6514.3,0.10073
6522.5,0.10056
6530.7,0.10034
6539.0,0.10016
6547.2,0.10004
6555.5,0.0999
6563.8,0.09976
6572.1,0.09964
6580.4,0.09946
6588.8,0.09926
6597.2,0.09908
6605.6,0.09888
6614.0,0.09872
6622.5,0.09855
6630.9,0.09847
6639.4,0.09829
6647.9,0.09796
6656.5,0.09766
6665.0,0.09743
6673.6,0.09719
6682.2,0.09696
6690.8,0.09662
6699.5,0.09635
6708.1,0.09612
6716.8,0.09586
6725.5,0.09554
6734.3,0.09522
6743.0,0.09489
6751.8,0.09459
6760.6,0.09424
6769.4,0.09391
6778.3,0.09352
6787.1,0.09313
6796.0,0.09267
6805.0,0.09222
6813.9,0.09185
6822.9,0.09152
6831.9,0.0911
6840.9,0.09072
6849.9,0.0904
6859.0,0.09011
6868.0,0.08967
6877.2,0.08917
6886.3,0.08871
6895.5,0.08828
6904.6,0.08785
6913.8,0.08743
6923.1,0.08699
6932.3,0.08656
6941.6,0.08614
6950.9,0.08579
6960.2,0.08543
6969.6,0.085
6979.0,0.08461
6988.4,0.08431
6997.8,0.08398
7007.3,0.0837
7016.8,0.08346
7026.3,0.08325
7035.8,0.08306
7045.4,0.08294
7054.9,0.08274
7064.5,0.08257
7074.2,0.08242
7083.9,0.0823
7093.5,0.0822
7103.3,0.08214
7113.0,0.08205
7122.8,0.08197
7132.6,0.08189
7142.4,0.08188
7152.2,0.0818
7162.1,0.08172
7172.0,0.08162
7182.0,0.08151
7191.9,0.08139
7201.9,0.0813
7211.9,0.08116
7222.0,0.081
7232.0,0.08083
7242.1,0.08068
7252.3,0.08051
7262.4,0.08035
7272.6,0.08018
7282.8,0.08001
7293.1,0.07981
7303.3,0.07966
7313.6,0.0795
7324.0,0.07933
7334.3,0.0792
7344.7,0.0791
7355.1,0.07896
7365.6,0.07882
7376.1,0.07865
7386.6,0.07851
7397.1,0.07835
7407.7,0.07821
7418.3,0.07806
7428.9,0.07792
7439.6,0.07778
7450.2,0.07766
7461.0,0.07754
7471.7,0.0774
7482.5,0.07721
7493.3,0.07705
7504.1,0.07688
7515.0,0.07673
7525.9,0.07658
7536.9,0.07643
7547.9,0.07626
7558.9,0.07612
7569.9,0.07596
7581.0,0.07581
7592.0,0.07564
7603.2,0.07548
7614.4,0.07531
7625.5,0.07515
7636.8,0.07498
7648.0,0.07485
7659.3,0.07467
7670.7,0.0745
7682.0,0.07433
7693.4,0.07418
7704.9,0.07401
7716.3,0.07388
7727.8,0.07373
7739.4,0.07359
7750.9,0.07343
7762.5,0.07331
7774.2,0.07315
7785.8,0.07299
7797.5,0.07285
7809.3,0.07271
7821.1,0.07255
7832.9,0.07238
7844.7,0.07219
7856.6,0.07202
7868.5,0.07181
7880.5,0.07161
7892.5,0.07139
7904.5,0.07116
7916.6,0.07092
7928.7,0.07073
7940.8,0.07052
7953.0,0.07033
7965.2,0.07009
7977.5,0.06986
7989.8,0.06965
8002.1,0.06943
8014.5,0.06919
8026.9,0.06898
8039.3,0.06873
8051.8,0.06851
8064.3,0.06829
8076.9,0.06811
8089.5,0.06789
8102.1,0.06769
8114.8,0.06749
8127.5,0.0673
8140.3,0.06707
8153.1,0.06686
8165.9,0.06663
8178.8,0.06638
8191.7,0.06613
8204.7,0.06591
8217.7,0.06566
8230.7,0.06538
8243.8,0.06503
8257.0,0.06471
8270.1,0.06437
8283.3,0.06406
8296.6,0.06369
8309.9,0.06333
8323.2,0.06296
8336.6,0.06262
8350.0,0.06227
8363.5,0.06193
8377.0,0.0616
8390.5,0.06133
8404.2,0.06109
8417.8,0.06088
8431.5,0.06064
8445.2,0.06044
8459.0,0.06023
8472.8,0.06003
8486.7,0.05981
8500.6,0.0596
8514.5,0.05939
8528.5,0.0592
8542.6,0.05899
8556.7,0.05882
8570.8,0.05864
8585.0,0.05848
8599.3,0.05833
8613.5,0.05819
8627.9,0.05801
8642.3,0.05787
8656.7,0.05773
8671.2,0.05761
8685.7,0.0575
8700.3,0.05738
8714.9,0.05723
8729.5,0.05715
8744.3,0.05706
8759.0,0.05697
8773.9,0.05686
8788.7,0.05676
8803.7,0.05663
8818.6,0.05653
8833.7,0.05638
8848.7,0.05623
8863.8,0.05603
8879.0,0.05585
8894.3,0.05567
8909.5,0.05549
8924.9,0.05526
8940.3,0.05509
8955.7,0.05492
8971.2,0.05471
8986.8,0.05449
9002.3,0.05425
9018.0,0.05395
9033.7,0.05365
9049.5,0.05334
9065.3,0.05305
9081.2,0.05272
9097.1,0.05236
9113.1,0.05196
9129.1,0.05158
9145.2,0.05119
9161.4,0.05089
9177.6,0.05054
9193.9,0.05016
9210.2,0.04978
9226.6,0.04944
9243.0,0.04904
9259.5,0.04864
9276.1,0.04824
9292.7,0.04792
9309.4,0.04756
9326.2,0.04723
9343.0,0.04691
9359.8,0.04663
9376.8,0.04634
9393.8,0.04608
9410.8,0.04579
9427.9,0.04552
9445.1,0.04529
9462.3,0.04508
9479.6,0.04484
9497.0,0.04468
9514.4,0.04451
9531.9,0.04436
9549.4,0.04417
9567.0,0.04394
9584.7,0.04365
9602.5,0.0434
9620.3,0.04315
9638.2,0.04291
9656.1,0.04264
9674.2,0.04238
9692.2,0.04213
9710.4,0.04196
9728.6,0.04174
9746.9,0.04148
9765.2,0.0412
9783.7,0.04098
9802.2,0.04074
9820.7,0.04051
9839.4,0.04026
9858.1,0.04006
9876.8,0.03983
9895.7,0.03958
9914.6,0.03932
9933.6,0.0391
9952.7,0.03884
9971.8,0.03857
9991.0,0.03828
10010.3,0.03801
10029.7,0.03772
10049.1,0.03744
10068.6,0.03713
10088.2,0.03688
10107.9,0.03658
10127.6,0.03631
10147.5,0.03605
10167.3,0.03581
10187.3,0.03554
10207.4,0.03535
10227.5,0.03515
10247.7,0.03497
10268.0,0.0348
10288.4,0.03469
10308.8,0.03456
10329.4,0.03452
10350.0,0.03445
10370.7,0.03435
10391.5,0.03419
10412.3,0.03405
10433.3,0.03382
10454.3,0.0336
10475.4,0.03336
10496.7,0.03319
10517.9,0.03296
10539.3,0.03274
10560.8,0.03252
10582.3,0.03236
10604.0,0.03214
10625.7,0.03192
10647.5,0.03164
10669.4,0.03138
10691.4,0.03113
10713.5,0.03091
10735.7,0.03064
10758.0,0.03042
10780.3,0.03014
10802.8,0.02986
10825.4,0.02952
10848.0,0.02918
10870.8,0.02886
10893.6,0.0286
10916.5,0.0283
10939.5,0.02798
10962.7,0.02763
10985.9,0.02736
11009.2,0.02708
11032.7,0.02685
11056.2,0.02659
11079.8,0.02638
11103.5,0.02615
11127.4,0.02591
11151.3,0.02566
11175.3,0.02542
11199.5,0.02514
11223.7,0.02488
11248.0,0.02461
11272.5,0.02435
11297.1,0.02407
11321.7,0.02381
11346.5,0.02349
11371.4,0.02319
11396.4,0.0228
11421.5,0.02245
11446.7,0.02215
11472.0,0.02182
11497.5,0.02137
11523.0,0.02097
11548.7,0.02058
11574.4,0.02018
11600.3,0.01974
11626.3,0.01936
11652.5,0.01893
11678.7,0.01853
11705.1,0.01812
11731.6,0.01777
11758.2,0.01739
11784.9,0.01704
11811.7,0.01665
11838.7,0.01627
11865.8,0.01584
11893.0,0.01554
11920.3,0.01521
11947.8,0.01493
11975.4,0.01461
12003.1,0.01437
12031.0,0.01416
12059.0,0.01392
12087.1,0.01364
12115.3,0.01342
12143.7,0.0132
12172.2,0.01299
12200.8,0.01273
12229.6,0.01257
12258.5,0.0124
12287.6,0.01227
12316.8,0.01209
12346.1,0.01196
12375.5,0.01187
12405.2,0.01186
12434.9,0.01181
12464.8,0.01185
12494.8,0.01186
12525.0,0.01195
12555.3,0.01213
12585.8,0.01239
12616.4,0.01268
12647.2,0.01306
12678.1,0.01348
12709.2,0.0141
12740.4,0.01474
12771.8,0.0155
12803.3,0.01636
12835.0,0.01736
12866.9,0.01849
12898.9,0.01979
12931.1,0.02114
12963.4,0.02266
12995.9,0.02419
13028.5,0.0258
13061.3,0.02756
13094.3,0.02944
13127.5,0.03135
13160.8,0.03342
13194.3,0.03552
13228.0,0.03763
13261.8,0.03972
13295.8,0.04189
13330.0,0.04398
13364.3,0.04612
13398.8,0.04822
13433.6,0.05021
13468.5,0.05209
13503.5,0.05394
13538.8,0.05561
13574.2,0.05715
13609.9,0.05852
13645.7,0.05984
13681.7,0.06113
13717.9,0.06232
13754.3,0.06335
13790.8,0.06439
13827.6,0.06533
13864.6,0.0662
13901.8,0.06699
13939.2,0.06781
13976.7,0.06853
14014.5,0.06919
14052.5,0.06984
14090.7,0.07046
14129.0,0.07097
14167.6,0.07148
14206.5,0.07197
14245.5,0.07239
14284.7,0.07272
14324.2,0.07305
14363.9,0.0734
14403.8,0.07368
14443.9,0.07393
14484.3,0.07414
14524.8,0.07431
14565.6,0.07447
14606.7,0.07461
14647.9,0.07467
14689.4,0.07469
14731.2,0.07475
14773.1,0.07464
14815.3,0.07449
14857.8,0.07442
14900.5,0.07439
14943.4,0.07427
14986.6,0.07395
15030.0,0.07366
15073.7,0.07349
15117.7,0.0733
15161.9,0.07304
15206.3,0.07273
15251.1,0.07247
15296.1,0.07217
15341.3,0.07188
15386.8,0.07156
15432.6,0.07129
15478.7,0.071
15525.0,0.07067
15571.7,0.07026
15618.6,0.06989
15665.8,0.06946
15713.2,0.06895
15761.0,0.0684
15809.0,0.06793
15857.4,0.06747
15906.0,0.0671
15955.0,0.06667
16004.2,0.0662
16053.8,0.06574
16103.6,0.06538
16153.8,0.065
16204.3,0.06463
16255.1,0.06444
16306.2,0.0644
16357.6,0.06444
16409.4,0.06467
16461.5,0.065
16513.9,0.06545
16566.7,0.06594
16619.8,0.06662
16673.2,0.06744
16727.0,0.06842
16781.1,0.0694
16835.6,0.07053
16890.5,0.07159
16945.7,0.07268
17001.2,0.0737
17057.2,0.07479
17113.4,0.07582
17170.1,0.07678
17227.2,0.07765
17284.6,0.07848
17342.4,0.07937
17400.6,0.08025
17459.2,0.08089
17518.2,0.08157
17577.5,0.0822
17637.3,0.08267
17697.5,0.08311
17758.1,0.08354
17819.2,0.084
17880.6,0.08441
17942.5,0.08459
18004.8,0.0849
18067.5,0.08523
18130.7,0.0856
18194.3,0.08586
18258.4,0.08614
18322.9,0.08647
18387.9,0.08675
18453.3,0.08694
18519.2,0.08719
18585.6,0.08745
18652.4,0.08766
18719.8,0.0878
18787.6,0.08783
18855.9,0.0879
18924.7,0.08805
18994.1,0.08823
19063.9,0.0883
19134.2,0.08817
19205.1,0.08814
19276.5,0.0881
19348.4,0.08802
19420.9,0.08793
19493.9,0.08779
19567.5,0.08753
19641.6,0.08722
19716.3,0.08667
19791.5,0.08609
19867.3,0.08591
19943.8,0.08553
20020.8,0.08471
20098.4,0.08397
20176.6,0.08325
20255.4,0.08297
20334.8,0.0823
20414.9,0.08154
20495.6,0.08099
20576.9,0.0805
20658.9,0.08007
20741.6,0.07965
20824.8,0.0793
20908.8,0.07889
20993.5,0.07842
21078.8,0.07811
21164.8,0.07789
21251.6,0.07794
21339.1,0.078
21427.2,0.07809
21516.1,0.0782
21605.8,0.07834
21696.2,0.07868
21787.3,0.07902
21879.3,0.07901
21972.0,0.07949
22065.4,0.08017
22159.7,0.08069
22254.8,0.08114
22350.8,0.08172
22447.5,0.08266
22545.1,0.08356
22643.6,0.08386
22742.9,0.08414
22843.1,0.08499
22944.2,0.08574
23046.1,0.08596
23149.0,0.08629
23252.8,0.08623
23357.6,0.08608
23463.3,0.08598
23569.9,0.08547
23677.5,0.08483
23786.1,0.08449
23895.8,0.08357
24006.4,0.0824
24118.0,0.08098
24230.7,0.07969
24344.5,0.0785
24459.3,0.07718
24575.3,0.07588
24692.3,0.07459
24810.4,0.0731
24929.7,0.07183
25050.1,0.07033
25171.7,0.06904
25294.5,0.06774
25418.5,0.0665
25543.7,0.06518
25670.2,0.06424
25797.9,0.06331
25926.9,0.06224
26057.2,0.06137
26188.8,0.06041
26321.7,0.05909
26456.0,0.05804
26591.7,0.05738
26728.8,0.05699
26867.2,0.05659
27007.2,0.05677
27148.6,0.05679
27291.5,0.0566
27435.9,0.05582
27581.8,0.05566
27729.3,0.05575
27878.4,0.05593
28029.1,0.05634
28181.4,0.05658
28335.4,0.05636
28491.1,0.05642
28648.5,0.05714
28807.7,0.05788
28968.6,0.05836
29131.3,0.05912
29295.9,0.06009
29462.4,0.06101
29630.7,0.06165
29801.0,0.06278
29973.3,0.06436
30147.5,0.06605
30323.8,0.06742
30502.2,0.06892
30682.7,0.07012
30865.3,0.07131
31050.2,0.07293
31237.2,0.07421
31426.5,0.07585
31618.2,0.07824
31812.1,0.08048
32008.5,0.0826
32207.3,0.08464
32408.6,0.0864
32612.4,0.08756
32818.8,0.08925
33027.9,0.09135
33239.6,0.09183
33454.1,0.09223
33671.3,0.09287
33891.4,0.09348
34114.3,0.09394
34340.3,0.0939
34569.2,0.09443
34801.2,0.09506
35036.3,0.09613
35274.7,0.0959
35516.3,0.09488
35761.2,0.09501
36009.6,0.09576
36261.4,0.09499
36516.7,0.09475
36775.7,0.09515
37038.4,0.09553
37304.9,0.09561
37575.2,0.09555
37849.5,0.09552
38127.8,0.09582
38410.2,0.09606
38696.8,0.09616
38987.8,0.09574
39283.2,0.09515
39583.0,0.09516
39887.5,0.09367
40196.7,0.0926
40510.8,0.09423
40829.8,0.09569
41153.8,0.09484
41483.0,0.092
41817.6,0.08958
42157.5,0.08887
42503.1,0.08863
42854.4,0.0877
43211.5,0.08747
43574.6,0.0857
43943.9,0.08404
44319.5,0.08256
44701.5,0.08285
45090.2,0.08486
45485.8,0.08524
45888.3,0.08462
46298.0,0.08524
46715.1,0.08504
47139.8,0.0863
47572.3,0.08668
48012.8,0.08731
48461.5,0.08763
48918.7,0.08803
49384.6,0.08416
49859.4,0.08416
