Composition,
Date Added,2014-01-21
Formula,
Grain Size Description,<1000.0um
Grain Size,"(250.0, 1000.0)"
Locality,"Mahalona River, Indonesia"
Minimum Wavelength,833
Sample Name,MAH-04-B
Maximum Wavelength,25050
Database of Origin,RELAB
Other Information,
References,
Resolution,4.0
Material class,Mixture
Sample Description,"Bedload sediment from the Mahalona River, Sample #4 - 250-1000 microns"
Sample ID,BIR1LT059
Original Sample ID,LT-JFM-059
Viewing Geometry,unknown
Wavelength,Response
833.3,0.08416
833.5,0.08513
833.6,0.08609
833.7,0.0855
833.9,0.08491
834.0,0.08474
834.1,0.08501
834.3,0.08505
834.4,0.08505
834.5,0.08488
834.7,0.0858
834.8,0.08564
835.0,0.08531
835.1,0.0858
835.2,0.0871
835.3,0.08699
835.5,0.08563
835.6,0.08514
835.8,0.08536
835.9,0.08502
836.0,0.08481
836.2,0.08455
836.3,0.08545
836.4,0.08514
836.6,0.08422
836.7,0.08419
836.8,0.08511
837.0,0.08527
837.1,0.08496
837.2,0.08604
837.4,0.0858
837.5,0.08519
837.6,0.08462
837.8,0.084
837.9,0.08441
838.0,0.08562
838.2,0.08506
838.3,0.08465
838.5,0.08528
838.6,0.08532
838.7,0.08445
838.9,0.08404
839.0,0.08502
839.1,0.08597
839.3,0.08571
839.4,0.08466
839.5,0.08488
839.7,0.08544
839.8,0.08603
840.0,0.08626
840.1,0.08606
840.2,0.08541
840.4,0.08573
840.5,0.08616
840.6,0.08496
840.8,0.08482
840.9,0.08492
841.0,0.08496
841.2,0.08464
841.3,0.08401
841.5,0.08327
841.6,0.08343
841.7,0.08505
841.9,0.08625
842.0,0.08574
842.1,0.08508
842.3,0.08519
842.4,0.08533
842.5,0.08484
842.7,0.08473
842.8,0.0844
843.0,0.08506
843.1,0.08529
843.2,0.08395
843.4,0.08402
843.5,0.08504
843.6,0.0856
843.8,0.08547
843.9,0.08514
844.0,0.08555
844.2,0.08513
844.3,0.08431
844.5,0.08405
844.6,0.08522
844.7,0.0851
844.9,0.0841
845.0,0.08426
845.2,0.08562
845.3,0.08588
845.4,0.08551
845.6,0.08469
845.7,0.08417
845.8,0.08457
846.0,0.08513
846.1,0.08518
846.3,0.08471
846.4,0.084
846.5,0.08472
846.7,0.08575
846.8,0.08594
847.0,0.08529
847.1,0.08495
847.2,0.08587
847.4,0.08619
847.5,0.08633
847.6,0.08622
847.8,0.08569
847.9,0.08589
848.1,0.08518
848.2,0.08498
848.3,0.0864
848.5,0.08515
848.6,0.08378
848.8,0.08384
848.9,0.08412
849.0,0.08518
849.2,0.08642
849.3,0.08598
849.5,0.08567
849.6,0.08596
849.7,0.086
849.9,0.08513
850.0,0.08551
850.1,0.08553
850.3,0.0851
850.4,0.08623
850.6,0.08708
850.7,0.0859
850.8,0.08439
851.0,0.08503
851.1,0.08596
851.3,0.08579
851.4,0.08616
851.5,0.08675
851.7,0.08719
851.8,0.08652
852.0,0.08557
852.1,0.08551
852.2,0.08553
852.4,0.08525
852.5,0.0853
852.7,0.08568
852.8,0.0863
852.9,0.08638
853.1,0.08628
853.2,0.08627
853.4,0.08533
853.5,0.0855
853.6,0.08597
853.8,0.08539
853.9,0.08477
854.1,0.08587
854.2,0.08622
854.3,0.08657
854.5,0.08636
854.6,0.08608
854.8,0.08566
854.9,0.08508
855.0,0.08583
855.2,0.08633
855.3,0.08625
855.5,0.08578
855.6,0.08541
855.8,0.08543
855.9,0.08584
856.0,0.08632
856.2,0.08607
856.3,0.08537
856.5,0.0852
856.6,0.08604
856.8,0.08599
856.9,0.08521
857.0,0.08581
857.2,0.0856
857.3,0.08501
857.5,0.08463
857.6,0.08528
857.7,0.08674
857.9,0.08695
858.0,0.08624
858.2,0.08513
858.3,0.0842
858.5,0.08504
858.6,0.0863
858.7,0.08623
858.9,0.08545
859.0,0.08407
859.2,0.08353
859.3,0.0851
859.4,0.08649
859.6,0.08646
859.7,0.08606
859.9,0.08532
860.0,0.08556
860.2,0.08588
860.3,0.08544
860.4,0.08541
860.6,0.08531
860.7,0.08423
860.9,0.08373
861.0,0.0842
861.2,0.0854
861.3,0.08607
861.4,0.08564
861.6,0.08553
861.7,0.08508
861.9,0.08528
862.0,0.0852
862.2,0.08422
862.3,0.08479
862.5,0.08555
862.6,0.08492
862.7,0.08438
862.9,0.08485
863.0,0.08549
863.2,0.08591
863.3,0.08607
863.5,0.08596
863.6,0.08547
863.7,0.0845
863.9,0.08408
864.0,0.08427
864.2,0.08534
864.3,0.08622
864.5,0.08619
864.6,0.08586
864.8,0.08558
864.9,0.08551
865.0,0.0857
865.2,0.08664
865.3,0.08709
865.5,0.08673
865.6,0.08621
865.8,0.08564
865.9,0.08581
866.0,0.0861
866.2,0.08579
866.3,0.08516
866.5,0.0853
866.6,0.08634
866.8,0.08632
866.9,0.08527
867.1,0.08556
867.2,0.08551
867.3,0.08473
867.5,0.08489
867.6,0.08509
867.8,0.08532
867.9,0.08497
868.1,0.08476
868.2,0.08407
868.4,0.08413
868.5,0.08511
868.7,0.0852
868.8,0.08483
869.0,0.08518
869.1,0.08587
869.2,0.08596
869.4,0.08596
869.5,0.08559
869.7,0.08524
869.8,0.08491
870.0,0.08522
870.1,0.08564
870.3,0.08553
870.4,0.08438
870.6,0.08449
870.7,0.08545
870.8,0.08577
871.0,0.085
871.1,0.08484
871.3,0.08542
871.4,0.08541
871.6,0.08542
871.7,0.08559
871.9,0.08625
872.0,0.08654
872.2,0.08594
872.3,0.08501
872.5,0.0852
872.6,0.08586
872.8,0.08544
872.9,0.08447
873.0,0.08471
873.2,0.08479
873.3,0.08508
873.5,0.08513
873.6,0.08536
873.8,0.08538
873.9,0.08514
874.1,0.08532
874.2,0.08541
874.4,0.08556
874.5,0.08571
874.7,0.08531
874.8,0.08487
875.0,0.08518
875.1,0.08578
875.3,0.08568
875.4,0.08519
875.5,0.08525
875.7,0.08592
875.8,0.08587
876.0,0.08576
876.2,0.08572
876.3,0.08576
876.4,0.08557
876.6,0.08532
876.7,0.08604
876.9,0.08649
877.0,0.08626
877.2,0.08519
877.3,0.08478
877.5,0.08567
877.6,0.08534
877.8,0.0853
877.9,0.08576
878.1,0.08583
878.2,0.08606
878.4,0.08595
878.5,0.08571
878.7,0.08591
878.8,0.08656
879.0,0.0866
879.1,0.08607
879.3,0.08607
879.4,0.08679
879.6,0.08681
879.7,0.0864
879.9,0.08631
880.0,0.08582
880.2,0.08596
880.3,0.08597
880.5,0.08549
880.6,0.08592
880.8,0.08649
880.9,0.08567
881.1,0.08549
881.2,0.08614
881.4,0.08668
881.5,0.0864
881.7,0.08562
881.8,0.08495
882.0,0.08466
882.1,0.08528
882.3,0.08572
882.4,0.08597
882.6,0.08615
882.7,0.08623
882.9,0.08628
883.0,0.08554
883.2,0.08562
883.3,0.08583
883.5,0.08596
883.6,0.08564
883.8,0.08566
883.9,0.0863
884.1,0.08632
884.2,0.08573
884.4,0.08566
884.5,0.0861
884.7,0.08666
884.8,0.08687
885.0,0.08665
885.1,0.08568
885.3,0.08568
885.4,0.08632
885.6,0.08657
885.7,0.08575
885.9,0.08551
886.0,0.08597
886.2,0.0862
886.3,0.08652
886.5,0.08692
886.6,0.08664
886.8,0.08632
886.9,0.08654
887.1,0.08649
887.2,0.08649
887.4,0.08606
887.5,0.08579
887.7,0.08578
887.8,0.08643
888.0,0.08678
888.2,0.08592
888.3,0.08584
888.5,0.0865
888.6,0.08651
888.8,0.08621
888.9,0.08635
889.1,0.08598
889.2,0.08514
889.4,0.08521
889.5,0.08577
889.7,0.08592
889.8,0.08607
890.0,0.08658
890.1,0.08603
890.3,0.08551
890.4,0.08568
890.6,0.08629
890.8,0.08655
890.9,0.08607
891.0,0.08599
891.2,0.08652
891.4,0.08674
891.5,0.08658
891.7,0.08584
891.8,0.08501
892.0,0.08513
892.1,0.08568
892.3,0.08571
892.4,0.08567
892.6,0.08601
892.7,0.08621
892.9,0.08649
893.0,0.0862
893.2,0.08539
893.4,0.08554
893.5,0.0858
893.7,0.08615
893.8,0.08695
894.0,0.08732
894.1,0.0868
894.3,0.08644
894.4,0.08661
894.6,0.0868
894.7,0.08718
894.9,0.08667
895.0,0.08631
895.2,0.08626
895.4,0.0862
895.5,0.08621
895.7,0.08635
895.8,0.08665
896.0,0.08695
896.1,0.08633
896.3,0.08594
896.4,0.08641
896.6,0.08632
896.8,0.08608
896.9,0.08607
897.1,0.08575
897.2,0.08535
897.4,0.08587
897.5,0.08619
897.7,0.08605
897.8,0.08607
898.0,0.08623
898.2,0.08616
898.3,0.08562
898.5,0.08524
898.6,0.08532
898.8,0.08581
898.9,0.08601
899.1,0.08545
899.2,0.08519
899.4,0.08579
899.6,0.08648
899.7,0.08671
899.9,0.08615
900.0,0.08631
900.2,0.0869
900.3,0.0864
900.5,0.08542
900.7,0.08514
900.8,0.08574
901.0,0.08588
901.1,0.08596
901.3,0.08606
901.4,0.08575
901.6,0.08563
901.8,0.08612
901.9,0.08611
902.1,0.08556
902.2,0.08535
902.4,0.08592
902.5,0.08618
902.7,0.08611
902.8,0.08578
903.0,0.08587
903.2,0.08619
903.3,0.08573
903.5,0.08602
903.6,0.08622
903.8,0.08636
904.0,0.08623
904.1,0.08626
904.3,0.08602
904.4,0.08641
904.6,0.0868
904.7,0.08598
904.9,0.08551
905.0,0.08585
905.2,0.08618
905.4,0.08668
905.5,0.08679
905.7,0.08623
905.8,0.08599
906.0,0.08575
906.2,0.08583
906.3,0.08621
906.5,0.08606
906.6,0.08617
906.8,0.08668
907.0,0.08689
907.1,0.08649
907.3,0.08634
907.4,0.0869
907.6,0.08713
907.7,0.08636
907.9,0.08571
908.1,0.08602
908.2,0.08648
908.4,0.0864
908.5,0.08614
908.7,0.08666
908.9,0.08663
909.0,0.08615
909.2,0.08615
909.3,0.08628
909.5,0.0865
909.7,0.08642
909.8,0.08617
910.0,0.08616
910.1,0.08637
910.3,0.08631
910.5,0.08601
910.6,0.08598
910.8,0.08646
910.9,0.08647
911.1,0.08657
911.3,0.08645
911.4,0.08674
911.6,0.08676
911.7,0.08632
911.9,0.08661
912.1,0.08692
912.2,0.08648
912.4,0.08649
912.5,0.08674
912.7,0.08659
912.9,0.08587
913.0,0.08587
913.2,0.08651
913.3,0.08654
913.5,0.08638
913.7,0.08619
913.8,0.08636
914.0,0.08669
914.2,0.08649
914.3,0.08665
914.5,0.0869
914.6,0.08638
914.8,0.0858
915.0,0.08606
915.1,0.08636
915.3,0.08655
915.4,0.08687
915.6,0.08665
915.8,0.08629
915.9,0.08594
916.1,0.08598
916.3,0.08642
916.4,0.08672
916.6,0.0863
916.7,0.0863
916.9,0.08676
917.1,0.08673
917.2,0.08649
917.4,0.08665
917.5,0.08651
917.7,0.08637
917.9,0.08643
918.0,0.08665
918.2,0.08697
918.4,0.08674
918.5,0.0867
918.7,0.08685
918.8,0.08667
919.0,0.0866
919.2,0.08643
919.3,0.08658
919.5,0.08644
919.7,0.08599
919.8,0.08615
920.0,0.08668
920.2,0.08646
920.3,0.08652
920.5,0.08699
920.6,0.087
920.8,0.08654
921.0,0.08653
921.1,0.08653
921.3,0.08616
921.5,0.08633
921.6,0.0867
921.8,0.08709
922.0,0.08701
922.1,0.08673
922.3,0.08654
922.4,0.0865
922.6,0.08679
922.8,0.08686
922.9,0.08685
923.1,0.08722
923.3,0.08725
923.4,0.08719
923.6,0.08686
923.8,0.08709
923.9,0.08731
924.1,0.08722
924.3,0.08663
924.4,0.08659
924.6,0.08765
924.7,0.08783
924.9,0.08729
925.1,0.08719
925.2,0.08696
925.4,0.08648
925.6,0.08649
925.7,0.0868
925.9,0.08693
926.1,0.08679
926.2,0.08664
926.4,0.08655
926.6,0.08663
926.7,0.08708
926.9,0.0874
927.1,0.08744
927.2,0.08722
927.4,0.08689
927.6,0.08693
927.7,0.08704
927.9,0.08693
928.0,0.08702
928.2,0.087
928.4,0.08662
928.5,0.08692
928.7,0.08725
928.9,0.08703
929.0,0.08702
929.2,0.08713
929.4,0.08734
929.5,0.08731
929.7,0.08708
929.9,0.08685
930.0,0.08675
930.2,0.08695
930.4,0.08699
930.5,0.08677
930.7,0.08682
930.9,0.08715
931.0,0.08736
931.2,0.08701
931.4,0.0864
931.6,0.08643
931.7,0.08666
931.9,0.08647
932.1,0.08653
932.2,0.08712
932.4,0.08757
932.6,0.0875
932.7,0.08729
932.9,0.08695
933.1,0.08664
933.2,0.08694
933.4,0.08726
933.6,0.08705
933.7,0.0867
933.9,0.08676
934.1,0.08699
934.2,0.0872
934.4,0.08709
934.6,0.08714
934.8,0.08732
934.9,0.08734
935.1,0.08731
935.3,0.08723
935.4,0.0874
935.6,0.08755
935.8,0.08762
935.9,0.08766
936.1,0.08744
936.3,0.08747
936.4,0.08793
936.6,0.08775
936.8,0.08723
936.9,0.08704
937.1,0.08723
937.3,0.08733
937.5,0.08732
937.6,0.08742
937.8,0.08741
938.0,0.08718
938.1,0.08712
938.3,0.08734
938.5,0.08753
938.6,0.08761
938.8,0.08764
939.0,0.08752
939.2,0.08767
939.3,0.08786
939.5,0.0876
939.7,0.08732
939.8,0.08726
940.0,0.08735
940.2,0.08743
940.3,0.08753
940.5,0.08757
940.7,0.08743
940.8,0.08716
941.0,0.08735
941.2,0.0878
941.4,0.08782
941.5,0.08766
941.7,0.08732
941.9,0.08757
942.0,0.08789
942.2,0.08772
942.4,0.08733
942.6,0.08746
942.7,0.0875
942.9,0.08732
943.1,0.08743
943.3,0.08772
943.4,0.0878
943.6,0.08755
943.8,0.08746
943.9,0.08767
944.1,0.0876
944.3,0.08776
944.5,0.08814
944.6,0.08812
944.8,0.08805
945.0,0.08788
945.1,0.08747
945.3,0.08739
945.5,0.08762
945.7,0.08762
945.8,0.0871
946.0,0.08708
946.2,0.08751
946.3,0.08749
946.5,0.08756
946.7,0.08778
946.9,0.08813
947.0,0.08815
947.2,0.08805
947.4,0.08804
947.6,0.08801
947.7,0.08778
947.9,0.08784
948.1,0.08826
948.3,0.08824
948.4,0.08774
948.6,0.0878
948.8,0.08783
949.0,0.08784
949.1,0.08799
949.3,0.08821
949.5,0.08824
949.6,0.08828
949.8,0.08813
950.0,0.08846
950.2,0.08851
950.3,0.08819
950.5,0.08831
950.7,0.0884
950.9,0.08827
951.0,0.08819
951.2,0.08815
951.4,0.08791
951.6,0.08762
951.7,0.08764
951.9,0.08802
952.1,0.08814
952.3,0.08824
952.4,0.08818
952.6,0.08848
952.8,0.08878
953.0,0.08816
953.1,0.08806
953.3,0.08843
953.5,0.08862
953.7,0.0883
953.8,0.08814
954.0,0.08831
954.2,0.08855
954.4,0.08853
954.5,0.08852
954.7,0.08848
954.9,0.08826
955.1,0.08815
955.2,0.08838
955.4,0.08877
955.6,0.08852
955.8,0.08828
956.0,0.08849
956.1,0.08857
956.3,0.08872
956.5,0.0887
956.7,0.08842
956.8,0.08842
957.0,0.08871
957.2,0.08879
957.4,0.08847
957.5,0.08852
957.7,0.08867
957.9,0.08861
958.1,0.08868
958.2,0.08899
958.4,0.08919
958.6,0.08917
958.8,0.08933
959.0,0.08941
959.1,0.08903
959.3,0.08868
959.5,0.08866
959.7,0.08878
959.8,0.08894
960.0,0.08924
960.2,0.0891
960.4,0.08897
960.5,0.08909
960.7,0.08923
960.9,0.08916
961.1,0.08909
961.3,0.08934
961.4,0.08916
961.6,0.0887
961.8,0.08876
962.0,0.08893
962.2,0.08931
962.3,0.08939
962.5,0.08925
962.7,0.08932
962.9,0.0896
963.0,0.08941
963.2,0.0891
963.4,0.08911
963.6,0.08926
963.8,0.08937
963.9,0.08942
964.1,0.0895
964.3,0.08959
964.5,0.08956
964.7,0.08951
964.8,0.08948
965.0,0.08974
965.2,0.08952
965.4,0.08919
965.6,0.08912
965.7,0.08919
965.9,0.08954
966.1,0.08959
966.3,0.0895
966.5,0.08951
966.6,0.08949
966.8,0.08942
967.0,0.08931
967.2,0.08952
967.4,0.08972
967.5,0.08969
967.7,0.0897
967.9,0.08951
968.1,0.08963
968.3,0.0899
968.4,0.08992
968.6,0.08985
968.8,0.08994
969.0,0.09008
969.2,0.08985
969.3,0.08973
969.5,0.08962
969.7,0.08962
969.9,0.08978
970.1,0.0897
970.3,0.08962
970.4,0.08959
970.6,0.08986
970.8,0.09025
971.0,0.09028
971.2,0.08997
971.3,0.08978
971.5,0.08995
971.7,0.09003
971.9,0.09013
972.1,0.09031
972.3,0.09037
972.4,0.09034
972.6,0.09016
972.8,0.09001
973.0,0.09028
973.2,0.09021
973.3,0.08995
973.5,0.08988
973.7,0.08992
973.9,0.08999
974.1,0.0899
974.3,0.08993
974.5,0.09012
974.6,0.09019
974.8,0.09029
975.0,0.09044
975.2,0.09034
975.4,0.09028
975.5,0.09018
975.7,0.09
975.9,0.08997
976.1,0.09018
976.3,0.09033
976.5,0.09034
976.7,0.09033
976.8,0.09008
977.0,0.0901
977.2,0.09052
977.4,0.09063
977.6,0.09048
977.8,0.09033
977.9,0.0903
978.1,0.09039
978.3,0.09029
978.5,0.09035
978.7,0.09061
978.9,0.09045
979.0,0.09034
979.2,0.09061
979.4,0.09075
979.6,0.09042
979.8,0.09019
980.0,0.09035
980.2,0.09067
980.3,0.09083
980.5,0.09085
980.7,0.09077
980.9,0.0905
981.1,0.09047
981.3,0.09048
981.5,0.09069
981.7,0.09088
981.8,0.09086
982.0,0.09073
982.2,0.09066
982.4,0.09059
982.6,0.09069
982.8,0.09104
983.0,0.09094
983.1,0.09091
983.3,0.091
983.5,0.09086
983.7,0.09084
983.9,0.09088
984.1,0.09071
984.3,0.09088
984.4,0.09106
984.6,0.09117
984.8,0.09132
985.0,0.09108
985.2,0.09078
985.4,0.09104
985.6,0.09107
985.8,0.09081
985.9,0.09067
986.1,0.0909
986.3,0.09102
986.5,0.09103
986.7,0.09141
986.9,0.09153
987.1,0.09138
987.3,0.0915
987.4,0.09132
987.6,0.09101
987.8,0.09102
988.0,0.09112
988.2,0.09114
988.4,0.09122
988.6,0.0914
988.8,0.09128
989.0,0.09112
989.1,0.0912
989.3,0.09127
989.5,0.09146
989.7,0.09142
989.9,0.09131
990.1,0.09127
990.3,0.09111
990.5,0.09115
990.7,0.09152
990.8,0.09178
991.0,0.09172
991.2,0.09173
991.4,0.09161
991.6,0.09145
991.8,0.09143
992.0,0.09162
992.2,0.09187
992.4,0.09175
992.5,0.09151
992.7,0.09145
992.9,0.09145
993.1,0.09149
993.3,0.09145
993.5,0.09168
993.7,0.09183
993.9,0.0917
994.1,0.09153
994.3,0.09167
994.5,0.09187
994.6,0.09194
994.8,0.0918
995.0,0.09176
995.2,0.09165
995.4,0.09177
995.6,0.09184
995.8,0.0919
996.0,0.09194
996.2,0.09187
996.4,0.09192
996.5,0.09202
996.7,0.09197
996.9,0.09199
997.1,0.09197
997.3,0.09182
997.5,0.09193
997.7,0.09193
997.9,0.09206
998.1,0.09209
998.3,0.09203
998.5,0.09203
998.7,0.09196
998.9,0.09199
999.0,0.09199
999.2,0.09215
999.4,0.09232
999.6,0.0924
999.8,0.09211
1000.0,0.09201
1000.2,0.09227
1000.4,0.09243
1000.6,0.0923
1000.8,0.09227
1001.0,0.09244
1001.2,0.09242
1001.4,0.09219
1001.6,0.09217
1001.8,0.09251
1001.9,0.09238
1002.1,0.09217
1002.3,0.09214
1002.5,0.09228
1002.7,0.09234
1002.9,0.0924
1003.1,0.09251
1003.3,0.09257
1003.5,0.09238
1003.7,0.09224
1003.9,0.09218
1004.1,0.09234
1004.3,0.09254
1004.5,0.09255
1004.7,0.0926
1004.9,0.09251
1005.0,0.09243
1005.3,0.09261
1005.4,0.09271
1005.6,0.0926
1005.8,0.09254
1006.0,0.09267
1006.2,0.09266
1006.4,0.09258
1006.6,0.09259
1006.8,0.09281
1007.0,0.093
1007.2,0.09288
1007.4,0.09309
1007.6,0.09314
1007.8,0.09282
1008.0,0.09268
1008.2,0.09267
1008.4,0.09273
1008.6,0.09296
1008.8,0.09301
1009.0,0.09298
1009.2,0.09287
1009.4,0.09275
1009.5,0.09295
1009.8,0.093
1010.0,0.0928
1010.1,0.09269
1010.3,0.09273
1010.5,0.09277
1010.7,0.09301
1010.9,0.09326
1011.1,0.09325
1011.3,0.09295
1011.5,0.09286
1011.7,0.09306
1011.9,0.09303
1012.1,0.09291
1012.3,0.09276
1012.5,0.0928
1012.7,0.09302
1012.9,0.0931
1013.1,0.09311
1013.3,0.09306
1013.5,0.09303
1013.7,0.09296
1013.9,0.09307
1014.1,0.09317
1014.3,0.09323
1014.5,0.09333
1014.7,0.09344
1014.9,0.09329
1015.1,0.09326
1015.3,0.09328
1015.5,0.09323
1015.7,0.09335
1015.9,0.09345
1016.1,0.09365
1016.3,0.09358
1016.5,0.09333
1016.7,0.09326
1016.9,0.09322
1017.1,0.0932
1017.3,0.09318
1017.5,0.09324
1017.7,0.0933
1017.9,0.09337
1018.1,0.09341
1018.3,0.09342
1018.5,0.09369
1018.7,0.0938
1018.9,0.09361
1019.1,0.09347
1019.3,0.09349
1019.5,0.09351
1019.7,0.09335
1019.9,0.09323
1020.1,0.09343
1020.3,0.09356
1020.5,0.0937
1020.7,0.09393
1020.9,0.09385
1021.1,0.09378
1021.3,0.0938
1021.5,0.09375
1021.7,0.09378
1021.9,0.09381
1022.1,0.09386
1022.3,0.09381
1022.5,0.09382
1022.7,0.09393
1022.9,0.09378
1023.1,0.09362
1023.3,0.09387
1023.5,0.09403
1023.7,0.09409
1023.9,0.0941
1024.1,0.09392
1024.3,0.09381
1024.5,0.09391
1024.7,0.09372
1024.9,0.09352
1025.1,0.09367
1025.3,0.09388
1025.5,0.09402
1025.7,0.09417
1025.9,0.09407
1026.1,0.09397
1026.3,0.09387
1026.5,0.09391
1026.8,0.09414
1026.9,0.09417
1027.2,0.09421
1027.4,0.09428
1027.6,0.09426
1027.8,0.0942
1028.0,0.09417
1028.2,0.09417
1028.4,0.09416
1028.6,0.09408
1028.8,0.09419
1029.0,0.09434
1029.2,0.09431
1029.4,0.09412
1029.6,0.09402
1029.8,0.09417
1030.0,0.09445
1030.2,0.09448
1030.4,0.09436
1030.6,0.09436
1030.8,0.09443
1031.0,0.09452
1031.2,0.09465
1031.4,0.09471
1031.7,0.09456
1031.8,0.09444
1032.1,0.09451
1032.3,0.09463
1032.5,0.09471
1032.7,0.09478
1032.9,0.0947
1033.1,0.09468
1033.3,0.09471
1033.5,0.09464
1033.7,0.09433
1033.9,0.09427
1034.1,0.09458
1034.3,0.09468
1034.5,0.09463
1034.7,0.09459
1034.9,0.0945
1035.2,0.09459
1035.4,0.09476
1035.6,0.09483
1035.8,0.09481
1036.0,0.09485
1036.2,0.09483
1036.4,0.09472
1036.6,0.0947
1036.8,0.09477
1037.0,0.09481
1037.2,0.09476
1037.4,0.09484
1037.6,0.0949
1037.8,0.09482
1038.1,0.09483
1038.3,0.09494
1038.5,0.09502
1038.7,0.09509
1038.9,0.0949
1039.1,0.09475
1039.3,0.09484
1039.5,0.09488
1039.7,0.09483
1039.9,0.09486
1040.1,0.09499
1040.3,0.09503
1040.6,0.09494
1040.8,0.09496
1041.0,0.09502
1041.2,0.09501
1041.4,0.09492
1041.6,0.09498
1041.8,0.09501
1042.0,0.09503
1042.2,0.09513
1042.4,0.09524
1042.6,0.09536
1042.8,0.09529
1043.1,0.09524
1043.3,0.0952
1043.5,0.09506
1043.7,0.09508
1043.9,0.0951
1044.1,0.09505
1044.3,0.09515
1044.5,0.09526
1044.8,0.09526
1045.0,0.09537
1045.2,0.09543
1045.4,0.0954
1045.6,0.09534
1045.8,0.09532
1046.0,0.09539
1046.2,0.09542
1046.4,0.09549
1046.6,0.0954
1046.9,0.0954
1047.1,0.09557
1047.3,0.09563
1047.5,0.09558
1047.7,0.09561
1047.9,0.09563
1048.1,0.09565
1048.3,0.09566
1048.6,0.0957
1048.8,0.09555
1049.0,0.09546
1049.2,0.09559
1049.4,0.09561
1049.6,0.09563
1049.8,0.09558
1050.0,0.09558
1050.3,0.09558
1050.5,0.09559
1050.7,0.09566
1050.9,0.09562
1051.1,0.0956
1051.3,0.09567
1051.5,0.09576
1051.7,0.09577
1051.9,0.09569
1052.2,0.0957
1052.4,0.09578
1052.6,0.0959
1052.8,0.09598
1053.0,0.09593
1053.2,0.09592
1053.4,0.096
1053.7,0.09599
1053.9,0.09586
1054.1,0.0958
1054.3,0.09587
1054.5,0.09601
1054.7,0.09609
1054.9,0.09599
1055.2,0.09594
1055.4,0.09592
1055.6,0.09598
1055.8,0.09614
1056.0,0.09616
1056.2,0.09597
1056.4,0.09597
1056.7,0.09607
1056.9,0.09604
1057.1,0.09599
1057.3,0.09606
1057.5,0.09613
1057.8,0.09622
1058.0,0.09634
1058.2,0.09633
1058.4,0.09602
1058.6,0.09591
1058.8,0.096
1059.0,0.096
1059.3,0.09613
1059.5,0.09626
1059.7,0.09627
1059.9,0.09627
1060.1,0.09618
1060.3,0.09624
1060.6,0.09646
1060.8,0.09646
1061.0,0.09646
1061.2,0.09632
1061.4,0.09624
1061.7,0.0962
1061.9,0.09624
1062.1,0.09633
1062.3,0.09629
1062.5,0.09625
1062.7,0.09633
1062.9,0.09642
1063.2,0.09654
1063.4,0.0965
1063.6,0.09643
1063.8,0.09651
1064.0,0.09658
1064.3,0.09664
1064.5,0.09663
1064.7,0.09656
1064.9,0.09662
1065.1,0.09673
1065.3,0.09678
1065.6,0.09679
1065.8,0.09671
1066.0,0.09663
1066.2,0.09676
1066.4,0.09694
1066.7,0.09679
1066.9,0.09667
1067.1,0.09665
1067.3,0.09672
1067.6,0.09685
1067.8,0.09676
1068.0,0.0966
1068.2,0.09677
1068.4,0.09693
1068.7,0.09684
1068.9,0.09669
1069.1,0.09668
1069.3,0.09669
1069.5,0.09687
1069.8,0.09713
1070.0,0.097
1070.2,0.09693
1070.4,0.09704
1070.6,0.09692
1070.8,0.09692
1071.1,0.0969
1071.3,0.09682
1071.5,0.09693
1071.7,0.09695
1072.0,0.09709
1072.2,0.09715
1072.4,0.09702
1072.6,0.09705
1072.8,0.09721
1073.1,0.09729
1073.3,0.09717
1073.5,0.09721
1073.7,0.09735
1074.0,0.09733
1074.2,0.09725
1074.4,0.09708
1074.6,0.09697
1074.8,0.097
1075.1,0.0971
1075.3,0.09722
1075.5,0.09727
1075.7,0.09721
1076.0,0.0972
1076.2,0.0973
1076.4,0.09742
1076.6,0.09736
1076.9,0.09738
1077.1,0.09746
1077.3,0.0975
1077.5,0.09763
1077.8,0.09772
1078.0,0.0977
1078.2,0.09763
1078.4,0.09752
1078.7,0.0975
1078.9,0.09756
1079.1,0.09756
1079.3,0.09755
1079.6,0.09754
1079.8,0.09759
1080.0,0.09761
1080.2,0.09757
1080.4,0.09751
1080.7,0.09752
1080.9,0.09751
1081.1,0.09763
1081.3,0.09778
1081.6,0.09761
1081.8,0.09754
1082.0,0.09772
1082.3,0.09779
1082.5,0.09777
1082.7,0.09763
1082.9,0.09772
1083.2,0.09791
1083.4,0.09781
1083.6,0.09767
1083.8,0.09764
1084.1,0.09774
1084.3,0.09776
1084.5,0.09773
1084.8,0.09781
1085.0,0.09796
1085.2,0.0979
1085.4,0.09788
1085.7,0.09799
1085.9,0.09813
1086.1,0.0981
1086.3,0.09794
1086.6,0.09794
1086.8,0.09806
1087.0,0.09817
1087.3,0.09816
1087.5,0.09806
1087.7,0.09805
1087.9,0.09805
1088.2,0.09809
1088.4,0.09816
1088.6,0.09815
1088.8,0.09802
1089.1,0.09793
1089.3,0.09808
1089.5,0.09825
1089.8,0.09827
1090.0,0.09826
1090.2,0.09813
1090.4,0.09816
1090.7,0.09834
1090.9,0.09834
1091.1,0.09832
1091.4,0.09847
1091.6,0.09849
1091.8,0.09842
1092.1,0.0985
1092.3,0.09853
1092.5,0.09854
1092.8,0.09857
1093.0,0.0985
1093.2,0.09842
1093.4,0.09843
1093.7,0.09842
1093.9,0.09845
1094.1,0.09849
1094.4,0.0985
1094.6,0.09859
1094.8,0.09862
1095.1,0.09848
1095.3,0.09852
1095.5,0.09865
1095.8,0.0987
1096.0,0.09865
1096.2,0.0986
1096.4,0.09871
1096.7,0.09879
1096.9,0.09858
1097.1,0.09862
1097.4,0.09889
1097.6,0.09889
1097.8,0.09885
1098.1,0.09889
1098.3,0.09887
1098.5,0.099
1098.8,0.09909
1099.0,0.09908
1099.2,0.09904
1099.5,0.0991
1099.7,0.09904
1099.9,0.099
1100.2,0.09903
1100.4,0.09898
1100.6,0.09885
1100.9,0.09896
1101.1,0.09907
1101.3,0.099
1101.6,0.09899
1101.8,0.09904
1102.0,0.09911
1102.3,0.0991
1102.5,0.09895
1102.7,0.09895
1103.0,0.09909
1103.2,0.09912
1103.4,0.0992
1103.7,0.0992
1103.9,0.09919
1104.2,0.09931
1104.4,0.09938
1104.6,0.09937
1104.9,0.0993
1105.1,0.0994
1105.3,0.09949
1105.6,0.09936
1105.8,0.09935
1106.0,0.09944
1106.3,0.0995
1106.5,0.09953
1106.7,0.09954
1107.0,0.09946
1107.2,0.09942
1107.4,0.09939
1107.7,0.09949
1107.9,0.09958
1108.2,0.09962
1108.4,0.09965
1108.6,0.09954
1108.9,0.0995
1109.1,0.09956
1109.3,0.09965
1109.6,0.09972
1109.8,0.09966
1110.1,0.09963
1110.3,0.09973
1110.5,0.09978
1110.8,0.09979
1111.0,0.09971
1111.3,0.09977
1111.5,0.0999
1111.7,0.09996
1112.0,0.09998
1112.2,0.09992
1112.4,0.09992
1112.7,0.09984
1112.9,0.09987
1113.2,0.09994
1113.4,0.09992
1113.6,0.09992
1113.9,0.09993
1114.1,0.09996
1114.3,0.09997
1114.6,0.09985
1114.8,0.09981
1115.1,0.09996
1115.3,0.09996
1115.6,0.0999
1115.8,0.09998
1116.0,0.10013
1116.3,0.10024
1116.5,0.10036
1116.8,0.10027
1117.0,0.10029
1117.2,0.10032
1117.5,0.10031
1117.7,0.10035
1118.0,0.10032
1118.2,0.10028
1118.4,0.10033
1118.7,0.10033
1118.9,0.10032
1119.2,0.1004
1119.4,0.10046
1119.7,0.10045
1119.9,0.10035
1120.1,0.1004
1120.4,0.10053
1120.6,0.10058
1120.9,0.10061
1121.1,0.10058
1121.3,0.10057
1121.6,0.10062
1121.8,0.10072
1122.1,0.1007
1122.3,0.10072
1122.6,0.10065
1122.8,0.10062
1123.0,0.10068
1123.3,0.10073
1123.5,0.10067
1123.8,0.10073
1124.0,0.10084
1124.3,0.10087
1124.5,0.10084
1124.8,0.10087
1125.0,0.10094
1125.2,0.10102
1125.5,0.10104
1125.7,0.10107
1126.0,0.10104
1126.2,0.10092
1126.5,0.10106
1126.7,0.10109
1126.9,0.10101
1127.2,0.10098
1127.4,0.10103
1127.7,0.10107
1127.9,0.1011
1128.2,0.1011
1128.4,0.1011
1128.7,0.10107
1128.9,0.10107
1129.2,0.10114
1129.4,0.10116
1129.7,0.10117
1129.9,0.10119
1130.1,0.10127
1130.4,0.10135
1130.6,0.10142
1130.9,0.10153
1131.1,0.1014
1131.4,0.10131
1131.6,0.10138
1131.9,0.10135
1132.1,0.10137
1132.4,0.1015
1132.6,0.10142
1132.9,0.10143
1133.1,0.10148
1133.3,0.10143
1133.6,0.10153
1133.8,0.10162
1134.1,0.10156
1134.3,0.10149
1134.6,0.1015
1134.8,0.10145
1135.1,0.10153
1135.3,0.10175
1135.6,0.10181
1135.8,0.10177
1136.1,0.10178
1136.3,0.10176
1136.6,0.10166
1136.8,0.10157
1137.1,0.10166
1137.3,0.1019
1137.6,0.10191
1137.8,0.10185
1138.1,0.10178
1138.3,0.10179
1138.6,0.10179
1138.8,0.10177
1139.1,0.1019
1139.3,0.10202
1139.6,0.102
1139.8,0.10197
1140.1,0.102
1140.3,0.10206
1140.6,0.10221
1140.8,0.10225
1141.1,0.10221
1141.3,0.10214
1141.6,0.10219
1141.8,0.10225
1142.1,0.10219
1142.3,0.10216
1142.6,0.10213
1142.8,0.10221
1143.1,0.1023
1143.3,0.10239
1143.6,0.10244
1143.9,0.1024
1144.1,0.10246
1144.4,0.10249
1144.6,0.10237
1144.9,0.1023
1145.1,0.10233
1145.4,0.10244
1145.6,0.10254
1145.9,0.10255
1146.1,0.10253
1146.4,0.10262
1146.6,0.10263
1146.9,0.10266
1147.2,0.10278
1147.4,0.10273
1147.7,0.10261
1147.9,0.10266
1148.2,0.10272
1148.4,0.1028
1148.7,0.1029
1148.9,0.1029
1149.2,0.1028
1149.4,0.10282
1149.7,0.1029
1149.9,0.10282
1150.2,0.10279
1150.4,0.10293
1150.7,0.10293
1151.0,0.10299
1151.2,0.10317
1151.5,0.10316
1151.7,0.10311
1152.0,0.10309
1152.2,0.10307
1152.5,0.10304
1152.8,0.10297
1153.0,0.10309
1153.3,0.10323
1153.5,0.10328
1153.8,0.10324
1154.0,0.10321
1154.3,0.10327
1154.6,0.10327
1154.8,0.10329
1155.1,0.10331
1155.3,0.10333
1155.6,0.10343
1155.8,0.10341
1156.1,0.10334
1156.4,0.10338
1156.6,0.10344
1156.9,0.10343
1157.1,0.10349
1157.4,0.10353
1157.7,0.1035
1157.9,0.10354
1158.2,0.10355
1158.4,0.10349
1158.7,0.10359
1158.9,0.10366
1159.2,0.10361
1159.5,0.1037
1159.7,0.10374
1160.0,0.10377
1160.2,0.10377
1160.5,0.10379
1160.8,0.10385
1161.0,0.10389
1161.3,0.10394
1161.5,0.10389
1161.8,0.10385
1162.1,0.10393
1162.3,0.10398
1162.6,0.10396
1162.8,0.10398
1163.1,0.10401
1163.4,0.10398
1163.6,0.10409
1163.9,0.10415
1164.2,0.10409
1164.4,0.10421
1164.7,0.10442
1164.9,0.10434
1165.2,0.10419
1165.4,0.10422
1165.7,0.10427
1166.0,0.1043
1166.2,0.10434
1166.5,0.10441
1166.8,0.10437
1167.0,0.10435
1167.3,0.10436
1167.6,0.10436
1167.8,0.10436
1168.1,0.10441
1168.3,0.1045
1168.6,0.10446
1168.9,0.10451
1169.1,0.10456
1169.4,0.10458
1169.7,0.10461
1169.9,0.10466
1170.2,0.1047
1170.4,0.10476
1170.7,0.10474
1171.0,0.10475
1171.3,0.10474
1171.5,0.10473
1171.8,0.10473
1172.0,0.10478
1172.3,0.10489
1172.6,0.10495
1172.8,0.10497
1173.1,0.10502
1173.4,0.10503
1173.6,0.10508
1173.9,0.10511
1174.2,0.10505
1174.4,0.10498
1174.7,0.10507
1175.0,0.1052
1175.2,0.10528
1175.5,0.10525
1175.8,0.10514
1176.0,0.10516
1176.3,0.1053
1176.6,0.10537
1176.8,0.10533
1177.1,0.10536
1177.4,0.10554
1177.6,0.10555
1177.9,0.10538
1178.2,0.10532
1178.4,0.10543
1178.7,0.10552
1179.0,0.10561
1179.2,0.10572
1179.5,0.10574
1179.8,0.10569
1180.0,0.10561
1180.3,0.10559
1180.6,0.10565
1180.8,0.10573
1181.1,0.1058
1181.4,0.10584
1181.7,0.10588
1181.9,0.10589
1182.2,0.10587
1182.5,0.10585
1182.7,0.10586
1183.0,0.10596
1183.3,0.10609
1183.5,0.10615
1183.8,0.10614
1184.1,0.10616
1184.4,0.10622
1184.6,0.10618
1184.9,0.10612
1185.2,0.10615
1185.4,0.10622
1185.7,0.10631
1186.0,0.10634
1186.3,0.10628
1186.5,0.10629
1186.8,0.10636
1187.1,0.10639
1187.3,0.10646
1187.6,0.10661
1187.9,0.10657
1188.2,0.10651
1188.4,0.10647
1188.7,0.10643
1189.0,0.10652
1189.3,0.10659
1189.5,0.1067
1189.8,0.10684
1190.1,0.10684
1190.3,0.10684
1190.6,0.10683
1190.9,0.10682
1191.2,0.10683
1191.4,0.10683
1191.7,0.10679
1192.0,0.10682
1192.3,0.10697
1192.5,0.10704
1192.8,0.10701
1193.1,0.10695
1193.3,0.1069
1193.6,0.10695
1193.9,0.10711
1194.2,0.10714
1194.4,0.10719
1194.7,0.10724
1195.0,0.10725
1195.3,0.10717
1195.6,0.10715
1195.8,0.10723
1196.1,0.10723
1196.4,0.10732
1196.7,0.10738
1196.9,0.10738
1197.2,0.10734
1197.5,0.10742
1197.8,0.10752
1198.0,0.1076
1198.3,0.10761
1198.6,0.10762
1198.9,0.10758
1199.2,0.10755
1199.4,0.10763
1199.7,0.10769
1200.0,0.1077
1200.3,0.10776
1200.5,0.10779
1200.8,0.10782
1201.1,0.10788
1201.4,0.10783
1201.7,0.10782
1201.9,0.10794
1202.2,0.10797
1202.5,0.10797
1202.8,0.10798
1203.0,0.10795
1203.3,0.10797
1203.6,0.10803
1203.9,0.10807
1204.2,0.10819
1204.4,0.10822
1204.7,0.10821
1205.0,0.1082
1205.3,0.10821
1205.6,0.10826
1205.8,0.10835
1206.1,0.10844
1206.4,0.10849
1206.7,0.10848
1207.0,0.10841
1207.2,0.10841
1207.5,0.10846
1207.8,0.10851
1208.1,0.10862
1208.4,0.10868
1208.7,0.10858
1208.9,0.10849
1209.2,0.10857
1209.5,0.10864
1209.8,0.10867
1210.1,0.10877
1210.3,0.10886
1210.6,0.1089
1210.9,0.10891
1211.2,0.10898
1211.5,0.10902
1211.8,0.10898
1212.0,0.10894
1212.3,0.10896
1212.6,0.10903
1212.9,0.10909
1213.2,0.10901
1213.5,0.10901
1213.7,0.1091
1214.0,0.10919
1214.3,0.10924
1214.6,0.10932
1214.9,0.10935
1215.2,0.10937
1215.4,0.10949
1215.7,0.10948
1216.0,0.10944
1216.3,0.10947
1216.6,0.10953
1216.9,0.10956
1217.2,0.10958
1217.4,0.10958
1217.7,0.10959
1218.0,0.10962
1218.3,0.1097
1218.6,0.10977
1218.9,0.1097
1219.2,0.10966
1219.4,0.10977
1219.7,0.10984
1220.0,0.10987
1220.3,0.1099
1220.6,0.1099
1220.9,0.10993
1221.2,0.11002
1221.5,0.11006
1221.8,0.11005
1222.0,0.11001
1222.3,0.11005
1222.6,0.1101
1222.9,0.11008
1223.2,0.11011
1223.5,0.11024
1223.8,0.1103
1224.1,0.11023
1224.3,0.11022
1224.6,0.11026
1224.9,0.11035
1225.2,0.11039
1225.5,0.11046
1225.8,0.11054
1226.1,0.11054
1226.4,0.11055
1226.7,0.11051
1227.0,0.11049
1227.3,0.11052
1227.5,0.11059
1227.8,0.1106
1228.1,0.11074
1228.4,0.11089
1228.7,0.11084
1229.0,0.11079
1229.3,0.11082
1229.6,0.11088
1229.9,0.11092
1230.2,0.11097
1230.4,0.111
1230.7,0.11092
1231.0,0.11096
1231.3,0.11105
1231.6,0.11101
1231.9,0.11097
1232.2,0.11106
1232.5,0.11115
1232.8,0.11119
1233.1,0.11125
1233.4,0.11129
1233.7,0.1113
1234.0,0.11132
1234.3,0.11134
1234.6,0.11132
1234.8,0.11135
1235.1,0.11147
1235.4,0.11155
1235.7,0.11153
1236.0,0.11149
1236.3,0.11152
1236.6,0.11155
1236.9,0.11157
1237.2,0.11164
1237.5,0.11169
1237.8,0.11173
1238.1,0.11173
1238.4,0.1117
1238.7,0.11175
1239.0,0.1118
1239.3,0.11192
1239.6,0.11199
1239.9,0.11197
1240.2,0.112
1240.5,0.11202
1240.8,0.11207
1241.1,0.11214
1241.3,0.11213
1241.7,0.11215
1241.9,0.11224
1242.2,0.11224
1242.5,0.11227
1242.8,0.11237
1243.1,0.1124
1243.4,0.11246
1243.7,0.11246
1244.0,0.11248
1244.3,0.1126
1244.6,0.1126
1244.9,0.11259
1245.2,0.1126
1245.5,0.1126
1245.8,0.11267
1246.1,0.11273
1246.4,0.11277
1246.7,0.11276
1247.0,0.11278
1247.3,0.1129
1247.6,0.1129
1247.9,0.11289
1248.2,0.11287
1248.5,0.11288
1248.8,0.11297
1249.1,0.113
1249.4,0.11308
1249.7,0.11321
1250.0,0.11317
1250.3,0.11316
1250.6,0.11313
1250.9,0.11317
1251.2,0.1133
1251.5,0.11333
1251.8,0.11335
1252.1,0.11332
1252.4,0.11328
1252.8,0.11337
1253.1,0.11351
1253.3,0.11355
1253.7,0.11357
1254.0,0.11365
1254.3,0.11368
1254.6,0.11366
1254.9,0.11365
1255.2,0.11373
1255.5,0.11382
1255.8,0.11385
1256.1,0.11384
1256.4,0.11379
1256.7,0.11373
1257.0,0.11381
1257.3,0.11391
1257.6,0.11392
1257.9,0.11398
1258.2,0.11403
1258.5,0.11407
1258.8,0.11411
1259.1,0.11412
1259.4,0.11411
1259.8,0.11412
1260.1,0.11415
1260.4,0.11425
1260.7,0.11436
1261.0,0.11432
1261.3,0.1143
1261.6,0.11433
1261.9,0.11438
1262.2,0.11448
1262.5,0.11445
1262.8,0.11453
1263.1,0.11459
1263.4,0.11452
1263.7,0.11448
1264.1,0.11447
1264.4,0.11458
1264.7,0.11463
1265.0,0.11458
1265.3,0.11469
1265.6,0.11478
1265.9,0.11478
1266.2,0.1148
1266.5,0.11487
1266.8,0.1149
1267.1,0.1149
1267.4,0.1149
1267.8,0.11492
1268.1,0.11501
1268.4,0.1151
1268.7,0.11518
1269.0,0.11526
1269.3,0.11528
1269.6,0.11523
1269.9,0.11519
1270.2,0.11517
1270.6,0.11527
1270.9,0.11532
1271.2,0.11537
1271.5,0.11535
1271.8,0.11536
1272.1,0.11541
1272.4,0.11544
1272.7,0.11545
1273.1,0.11552
1273.4,0.11559
1273.7,0.11558
1274.0,0.11557
1274.3,0.11569
1274.6,0.1158
1274.9,0.11575
1275.2,0.11567
1275.6,0.11563
1275.9,0.11563
1276.2,0.11569
1276.5,0.11579
1276.8,0.1158
1277.1,0.1158
1277.4,0.11588
1277.8,0.116
1278.1,0.11603
1278.4,0.11601
1278.7,0.11603
1279.0,0.11604
1279.3,0.11609
1279.7,0.1161
1280.0,0.11611
1280.3,0.11622
1280.6,0.11626
1280.9,0.11626
1281.2,0.11626
1281.6,0.11628
1281.9,0.11632
1282.2,0.11639
1282.5,0.11648
1282.8,0.1165
1283.1,0.11643
1283.4,0.11633
1283.8,0.11642
1284.1,0.11656
1284.4,0.11657
1284.7,0.11648
1285.0,0.11656
1285.4,0.11667
1285.7,0.11662
1286.0,0.1166
1286.3,0.11668
1286.6,0.11677
1286.9,0.1168
1287.3,0.11686
1287.6,0.11696
1287.9,0.11696
1288.2,0.11702
1288.6,0.1171
1288.9,0.11709
1289.2,0.11712
1289.5,0.11727
1289.8,0.11725
1290.2,0.11725
1290.5,0.11728
1290.8,0.11734
1291.1,0.11735
1291.4,0.11737
1291.8,0.11744
1292.1,0.11745
1292.4,0.11751
1292.7,0.11756
1293.1,0.11761
1293.4,0.11772
1293.7,0.1178
1294.0,0.11785
1294.3,0.11786
1294.7,0.11786
1295.0,0.11791
1295.3,0.1179
1295.6,0.11794
1296.0,0.11808
1296.3,0.11819
1296.6,0.11816
1296.9,0.11814
1297.3,0.11814
1297.6,0.11816
1297.9,0.11823
1298.2,0.11831
1298.6,0.11837
1298.9,0.11844
1299.2,0.11846
1299.5,0.11845
1299.9,0.11851
1300.2,0.11862
1300.5,0.11866
1300.8,0.11868
1301.2,0.11869
1301.5,0.11869
1301.8,0.11873
1302.1,0.11872
1302.5,0.11879
1302.8,0.11886
1303.1,0.11885
1303.4,0.11887
1303.8,0.11889
1304.1,0.11897
1304.4,0.11905
1304.8,0.1191
1305.1,0.11914
1305.4,0.11915
1305.8,0.1191
1306.1,0.11909
1306.4,0.1191
1306.7,0.11916
1307.1,0.11929
1307.4,0.11935
1307.7,0.11936
1308.1,0.11941
1308.4,0.11942
1308.7,0.11943
1309.1,0.11951
1309.4,0.11959
1309.7,0.11959
1310.0,0.11963
1310.4,0.11968
1310.7,0.1197
1311.0,0.1197
1311.4,0.11971
1311.7,0.1197
1312.0,0.1198
1312.4,0.11993
1312.7,0.12002
1313.0,0.12005
1313.4,0.12006
1313.7,0.12002
1314.0,0.12
1314.4,0.12007
1314.7,0.12011
1315.0,0.12019
1315.4,0.1203
1315.7,0.12033
1316.0,0.12032
1316.4,0.12035
1316.7,0.12039
1317.0,0.12039
1317.4,0.12042
1317.7,0.12043
1318.0,0.12045
1318.4,0.12053
1318.7,0.12059
1319.0,0.1206
1319.4,0.12062
1319.7,0.12069
1320.1,0.12076
1320.4,0.12078
1320.7,0.12077
1321.1,0.12075
1321.4,0.12075
1321.7,0.12092
1322.1,0.12101
1322.4,0.12095
1322.7,0.12092
1323.1,0.121
1323.4,0.12108
1323.8,0.12112
1324.1,0.12114
1324.4,0.12122
1324.8,0.12133
1325.1,0.12134
1325.4,0.12131
1325.8,0.12136
1326.1,0.1214
1326.5,0.12145
1326.8,0.12146
1327.1,0.12149
1327.5,0.12157
1327.8,0.12157
1328.2,0.12151
1328.5,0.12155
1328.8,0.1216
1329.2,0.12165
1329.5,0.12169
1329.9,0.12171
1330.2,0.12175
1330.6,0.12176
1330.9,0.12182
1331.2,0.12191
1331.6,0.12191
1331.9,0.12186
1332.3,0.12184
1332.6,0.12192
1332.9,0.12201
1333.3,0.12211
1333.6,0.1221
1334.0,0.12206
1334.3,0.12214
1334.7,0.12222
1335.0,0.12226
1335.3,0.12228
1335.7,0.12226
1336.0,0.12228
1336.4,0.12239
1336.7,0.12246
1337.1,0.12241
1337.4,0.12242
1337.8,0.12252
1338.1,0.12257
1338.4,0.12259
1338.8,0.12262
1339.1,0.12264
1339.5,0.12271
1339.8,0.12272
1340.2,0.12273
1340.5,0.12272
1340.9,0.12268
1341.2,0.12271
1341.6,0.12277
1341.9,0.12279
1342.3,0.12285
1342.6,0.12295
1342.9,0.12297
1343.3,0.12297
1343.7,0.12301
1344.0,0.123
1344.3,0.12302
1344.7,0.12307
1345.0,0.12315
1345.4,0.12313
1345.7,0.1231
1346.1,0.12314
1346.4,0.1232
1346.8,0.1232
1347.1,0.12322
1347.5,0.12323
1347.8,0.12328
1348.2,0.12333
1348.5,0.12332
1348.9,0.12337
1349.2,0.12341
1349.6,0.1234
1349.9,0.1234
1350.3,0.12334
1350.7,0.12335
1351.0,0.12341
1351.4,0.12335
1351.7,0.12332
1352.1,0.1234
1352.4,0.12342
1352.8,0.12338
1353.1,0.12332
1353.5,0.12328
1353.8,0.12319
1354.2,0.1231
1354.5,0.12309
1354.9,0.12312
1355.2,0.12311
1355.6,0.12303
1355.9,0.12299
1356.3,0.12301
1356.7,0.1231
1357.0,0.12307
1357.4,0.12302
1357.7,0.12302
1358.1,0.123
1358.4,0.12305
1358.8,0.12308
1359.2,0.12308
1359.5,0.12308
1359.9,0.12313
1360.2,0.12318
1360.6,0.12316
1360.9,0.12312
1361.3,0.12315
1361.7,0.1232
1362.0,0.12321
1362.4,0.12323
1362.7,0.12326
1363.1,0.12331
1363.4,0.12336
1363.8,0.12344
1364.2,0.12346
1364.5,0.12344
1364.9,0.12343
1365.2,0.12349
1365.6,0.12351
1365.9,0.12346
1366.3,0.1234
1366.7,0.12334
1367.0,0.12333
1367.4,0.12332
1367.8,0.12326
1368.1,0.12323
1368.5,0.12319
1368.8,0.12314
1369.2,0.12312
1369.6,0.12309
1369.9,0.12301
1370.3,0.12296
1370.7,0.12293
1371.0,0.12289
1371.4,0.12278
1371.7,0.1227
1372.1,0.12272
1372.5,0.12272
1372.8,0.12268
1373.2,0.12272
1373.6,0.12272
1373.9,0.12273
1374.3,0.12275
1374.6,0.12274
1375.0,0.1227
1375.4,0.12263
1375.7,0.12257
1376.1,0.12249
1376.5,0.12237
1376.8,0.12226
1377.2,0.12218
1377.6,0.12208
1377.9,0.12183
1378.3,0.12158
1378.7,0.12135
1379.0,0.12089
1379.4,0.12015
1379.8,0.11889
1380.1,0.11692
1380.5,0.11453
1380.9,0.11236
1381.2,0.11096
1381.6,0.11036
1382.0,0.11042
1382.3,0.11103
1382.7,0.1119
1383.1,0.11277
1383.4,0.11344
1383.8,0.11403
1384.2,0.11448
1384.6,0.11471
1384.9,0.11465
1385.3,0.11436
1385.7,0.11398
1386.0,0.11343
1386.4,0.11277
1386.8,0.11229
1387.2,0.11206
1387.5,0.11197
1387.9,0.11205
1388.3,0.11219
1388.6,0.1123
1389.0,0.11247
1389.4,0.11261
1389.8,0.11267
1390.1,0.11265
1390.5,0.11265
1390.9,0.11265
1391.2,0.11252
1391.6,0.11236
1392.0,0.1122
1392.4,0.11203
1392.7,0.11201
1393.1,0.112
1393.5,0.11193
1393.9,0.11191
1394.2,0.11192
1394.6,0.112
1395.0,0.11223
1395.4,0.11252
1395.7,0.1128
1396.1,0.11316
1396.5,0.1136
1396.9,0.11395
1397.2,0.11428
1397.6,0.1146
1398.0,0.11486
1398.4,0.11514
1398.8,0.11546
1399.1,0.1157
1399.5,0.11594
1399.9,0.11617
1400.3,0.11636
1400.6,0.11659
1401.0,0.11683
1401.4,0.11701
1401.8,0.11718
1402.2,0.11732
1402.5,0.11744
1402.9,0.11763
1403.3,0.11789
1403.7,0.11813
1404.1,0.11827
1404.4,0.11844
1404.8,0.11863
1405.2,0.11889
1405.6,0.11917
1406.0,0.11938
1406.3,0.11954
1406.7,0.11972
1407.1,0.11987
1407.5,0.12004
1407.9,0.12024
1408.3,0.12043
1408.6,0.12054
1409.0,0.12064
1409.4,0.12075
1409.8,0.12088
1410.2,0.12102
1410.6,0.12115
1410.9,0.12129
1411.3,0.12144
1411.7,0.12156
1412.1,0.1217
1412.5,0.12184
1412.8,0.12191
1413.2,0.122
1413.6,0.12212
1414.0,0.12222
1414.4,0.12225
1414.8,0.12232
1415.2,0.12246
1415.6,0.12251
1415.9,0.12258
1416.3,0.12274
1416.7,0.12279
1417.1,0.12286
1417.5,0.12297
1417.9,0.12306
1418.3,0.12314
1418.7,0.12322
1419.0,0.12333
1419.4,0.1234
1419.8,0.1234
1420.2,0.12342
1420.6,0.12353
1421.0,0.12362
1421.4,0.12372
1421.8,0.1238
1422.2,0.12387
1422.5,0.12393
1422.9,0.124
1423.3,0.12405
1423.7,0.12407
1424.1,0.1241
1424.5,0.1242
1424.9,0.12428
1425.3,0.12427
1425.7,0.12429
1426.1,0.12444
1426.5,0.12458
1426.8,0.12464
1427.2,0.12469
1427.6,0.12471
1428.0,0.12473
1428.4,0.12476
1428.8,0.12484
1429.2,0.12492
1429.6,0.12496
1430.0,0.12501
1430.4,0.12502
1430.8,0.12503
1431.2,0.12508
1431.6,0.12516
1432.0,0.12516
1432.4,0.12519
1432.8,0.12529
1433.2,0.12541
1433.6,0.12545
1433.9,0.12549
1434.3,0.12561
1434.8,0.12566
1435.1,0.12573
1435.5,0.12582
1435.9,0.12589
1436.3,0.12596
1436.7,0.12605
1437.1,0.12615
1437.5,0.12624
1437.9,0.12635
1438.3,0.12644
1438.7,0.12644
1439.1,0.12652
1439.5,0.12661
1439.9,0.12664
1440.3,0.12675
1440.7,0.12687
1441.1,0.12701
1441.5,0.1271
1441.9,0.12725
1442.3,0.12735
1442.7,0.12734
1443.1,0.12735
1443.5,0.12743
1443.9,0.12754
1444.3,0.12762
1444.7,0.12771
1445.1,0.12778
1445.6,0.12787
1445.9,0.12798
1446.3,0.12806
1446.8,0.12817
1447.2,0.12828
1447.6,0.12838
1448.0,0.12848
1448.4,0.12855
1448.8,0.12862
1449.2,0.12869
1449.6,0.12879
1450.0,0.12882
1450.4,0.1289
1450.8,0.12898
1451.2,0.12903
1451.6,0.12917
1452.0,0.12926
1452.4,0.12926
1452.8,0.12931
1453.2,0.12947
1453.7,0.12957
1454.1,0.12958
1454.5,0.12965
1454.9,0.12973
1455.3,0.12981
1455.7,0.12994
1456.1,0.12998
1456.5,0.12998
1456.9,0.13009
1457.3,0.13016
1457.7,0.13018
1458.2,0.13026
1458.6,0.13032
1459.0,0.13038
1459.4,0.13042
1459.8,0.13047
1460.2,0.13055
1460.6,0.13062
1461.0,0.13061
1461.4,0.1307
1461.8,0.13081
1462.3,0.13087
1462.7,0.13093
1463.1,0.131
1463.5,0.13099
1463.9,0.13098
1464.3,0.13105
1464.7,0.13115
1465.2,0.13121
1465.6,0.13126
1466.0,0.13133
1466.4,0.13138
1466.8,0.13142
1467.2,0.13149
1467.6,0.13156
1468.1,0.13163
1468.5,0.13166
1468.9,0.13164
1469.3,0.13166
1469.7,0.13174
1470.1,0.1318
1470.6,0.13188
1471.0,0.13194
1471.4,0.132
1471.8,0.13207
1472.2,0.13209
1472.6,0.13213
1473.1,0.13217
1473.5,0.13221
1473.9,0.13226
1474.3,0.13232
1474.7,0.13236
1475.2,0.13237
1475.6,0.13244
1476.0,0.13247
1476.4,0.13249
1476.8,0.13254
1477.3,0.13262
1477.7,0.13271
1478.1,0.1328
1478.5,0.13286
1478.9,0.13286
1479.4,0.13287
1479.8,0.13289
1480.2,0.13297
1480.6,0.13297
1481.1,0.133
1481.5,0.1331
1481.9,0.13316
1482.3,0.13317
1482.8,0.13322
1483.2,0.13324
1483.6,0.13327
1484.0,0.13333
1484.4,0.13335
1484.9,0.13337
1485.3,0.13342
1485.7,0.13344
1486.2,0.13349
1486.6,0.1336
1487.0,0.13363
1487.4,0.13361
1487.9,0.13367
1488.3,0.13374
1488.7,0.13373
1489.1,0.13376
1489.6,0.13382
1490.0,0.13389
1490.4,0.13394
1490.8,0.13395
1491.3,0.13399
1491.7,0.13405
1492.1,0.13408
1492.6,0.13409
1493.0,0.13417
1493.4,0.13422
1493.9,0.13425
1494.3,0.13426
1494.7,0.13429
1495.2,0.13438
1495.6,0.13446
1496.0,0.1345
1496.4,0.13449
1496.9,0.13452
1497.3,0.13458
1497.7,0.13462
1498.2,0.13464
1498.6,0.13468
1499.0,0.13474
1499.5,0.13479
1499.9,0.13482
1500.3,0.13483
1500.8,0.13491
1501.2,0.13492
1501.7,0.13492
1502.1,0.13494
1502.5,0.13497
1502.9,0.13504
1503.4,0.13508
1503.8,0.13513
1504.3,0.1352
1504.7,0.13529
1505.1,0.1353
1505.6,0.13532
1506.0,0.13534
1506.4,0.13536
1506.9,0.13538
1507.3,0.13542
1507.8,0.13543
1508.2,0.13542
1508.6,0.13549
1509.1,0.13559
1509.5,0.13564
1510.0,0.13568
1510.4,0.13572
1510.8,0.13578
1511.3,0.13587
1511.7,0.13587
1512.2,0.13584
1512.6,0.13587
1513.0,0.13595
1513.5,0.13599
1513.9,0.136
1514.4,0.13606
1514.8,0.13611
1515.3,0.13617
1515.7,0.13622
1516.1,0.13617
1516.6,0.13615
1517.0,0.13621
1517.5,0.13624
1517.9,0.13626
1518.4,0.13634
1518.8,0.13643
1519.3,0.13647
1519.7,0.13649
1520.1,0.1365
1520.6,0.13653
1521.0,0.13652
1521.5,0.13656
1521.9,0.13664
1522.4,0.13668
1522.8,0.13673
1523.3,0.13677
1523.7,0.1368
1524.2,0.1368
1524.6,0.13681
1525.1,0.13683
1525.5,0.13687
1525.9,0.13693
1526.4,0.13698
1526.8,0.13702
1527.3,0.13706
1527.8,0.13705
1528.2,0.13705
1528.7,0.13708
1529.1,0.13716
1529.6,0.13719
1530.0,0.13719
1530.5,0.13722
1530.9,0.13727
1531.4,0.13731
1531.8,0.13733
1532.3,0.13739
1532.7,0.13743
1533.2,0.13746
1533.6,0.13754
1534.1,0.13756
1534.5,0.13758
1535.0,0.13761
1535.4,0.13761
1535.9,0.1376
1536.3,0.13767
1536.8,0.13774
1537.3,0.13778
1537.7,0.1378
1538.2,0.13778
1538.6,0.13782
1539.1,0.13789
1539.6,0.13791
1540.0,0.13791
1540.5,0.13796
1540.9,0.13802
1541.4,0.138
1541.8,0.138
1542.3,0.13807
1542.8,0.13814
1543.2,0.13812
1543.7,0.1381
1544.1,0.13817
1544.6,0.13823
1545.1,0.13825
1545.5,0.13831
1546.0,0.13838
1546.4,0.13839
1546.9,0.1384
1547.4,0.1384
1547.8,0.13841
1548.3,0.13847
1548.8,0.1385
1549.2,0.13854
1549.7,0.13859
1550.1,0.13861
1550.6,0.13865
1551.1,0.1387
1551.5,0.13872
1552.0,0.1387
1552.4,0.13871
1552.9,0.13879
1553.4,0.13887
1553.8,0.13888
1554.3,0.13882
1554.8,0.13885
1555.3,0.13894
1555.7,0.13902
1556.2,0.13903
1556.7,0.13905
1557.1,0.1391
1557.6,0.13912
1558.1,0.13913
1558.5,0.13912
1559.0,0.13915
1559.5,0.13921
1559.9,0.13923
1560.4,0.1393
1560.9,0.13933
1561.3,0.13931
1561.8,0.13932
1562.3,0.13934
1562.8,0.13938
1563.2,0.13947
1563.7,0.13954
1564.2,0.13954
1564.6,0.13953
1565.1,0.13959
1565.6,0.13964
1566.1,0.13963
1566.5,0.13962
1567.0,0.13965
1567.5,0.13968
1567.9,0.13974
1568.4,0.13977
1568.9,0.13977
1569.4,0.13977
1569.8,0.13977
1570.3,0.13981
1570.8,0.13986
1571.3,0.13993
1571.8,0.13999
1572.2,0.14
1572.7,0.14002
1573.2,0.14008
1573.7,0.1401
1574.1,0.14013
1574.6,0.14014
1575.1,0.14012
1575.6,0.14011
1576.1,0.14018
1576.5,0.14026
1577.0,0.14026
1577.5,0.14025
1578.0,0.14029
1578.4,0.14031
1578.9,0.14034
1579.4,0.1404
1579.9,0.1404
1580.4,0.14041
1580.9,0.14047
1581.3,0.1405
1581.8,0.14053
1582.3,0.14053
1582.8,0.14055
1583.3,0.14056
1583.8,0.1406
1584.2,0.14065
1584.7,0.14069
1585.2,0.14069
1585.7,0.14066
1586.2,0.14065
1586.7,0.14073
1587.2,0.14077
1587.6,0.14082
1588.1,0.1409
1588.6,0.1409
1589.1,0.14091
1589.6,0.14097
1590.1,0.14099
1590.6,0.14104
1591.0,0.14106
1591.5,0.14106
1592.0,0.14107
1592.5,0.14104
1593.0,0.14106
1593.5,0.14113
1594.0,0.14116
1594.5,0.14116
1595.0,0.14118
1595.4,0.1412
1595.9,0.14126
1596.4,0.14131
1596.9,0.14133
1597.4,0.14133
1597.9,0.14132
1598.4,0.14138
1598.9,0.14143
1599.4,0.14147
1599.9,0.14146
1600.4,0.14146
1600.9,0.14148
1601.4,0.14154
1601.9,0.14157
1602.3,0.1416
1602.8,0.14165
1603.3,0.14167
1603.8,0.14167
1604.3,0.14165
1604.8,0.14165
1605.3,0.14174
1605.8,0.14183
1606.3,0.14182
1606.8,0.14179
1607.3,0.1418
1607.8,0.14181
1608.3,0.14186
1608.8,0.1419
1609.3,0.14192
1609.8,0.14191
1610.3,0.14191
1610.8,0.14193
1611.3,0.14196
1611.8,0.14198
1612.3,0.14199
1612.8,0.14201
1613.3,0.14205
1613.8,0.14214
1614.3,0.14219
1614.8,0.1422
1615.3,0.1422
1615.8,0.14219
1616.3,0.14224
1616.8,0.14226
1617.3,0.14224
1617.8,0.14229
1618.4,0.14233
1618.9,0.14232
1619.4,0.14233
1619.9,0.14234
1620.4,0.14233
1620.9,0.14237
1621.4,0.14243
1621.9,0.14243
1622.4,0.14245
1622.9,0.14247
1623.4,0.14244
1623.9,0.14244
1624.4,0.14249
1624.9,0.14254
1625.5,0.14255
1626.0,0.1426
1626.5,0.14265
1627.0,0.14264
1627.5,0.14268
1628.0,0.14272
1628.5,0.14271
1629.0,0.14269
1629.6,0.14269
1630.1,0.14273
1630.6,0.14276
1631.1,0.1428
1631.6,0.14284
1632.1,0.14287
1632.6,0.1429
1633.1,0.14292
1633.7,0.1429
1634.2,0.14286
1634.7,0.14289
1635.2,0.14296
1635.7,0.14296
1636.2,0.14291
1636.8,0.1429
1637.3,0.14295
1637.8,0.14297
1638.3,0.14299
1638.8,0.14303
1639.3,0.14305
1639.9,0.14308
1640.4,0.14306
1640.9,0.14309
1641.4,0.14314
1641.9,0.14311
1642.4,0.1431
1643.0,0.14316
1643.5,0.14319
1644.0,0.14316
1644.5,0.14315
1645.1,0.14315
1645.6,0.14317
1646.1,0.14323
1646.6,0.14327
1647.2,0.14326
1647.7,0.14323
1648.2,0.14325
1648.7,0.14329
1649.2,0.14331
1649.8,0.14331
1650.3,0.14333
1650.8,0.14333
1651.3,0.14334
1651.9,0.14334
1652.4,0.14337
1652.9,0.14341
1653.4,0.1434
1654.0,0.14338
1654.5,0.14339
1655.0,0.14337
1655.6,0.14337
1656.1,0.1434
1656.6,0.14341
1657.2,0.14344
1657.7,0.14345
1658.2,0.14342
1658.7,0.14345
1659.3,0.14351
1659.8,0.14352
1660.3,0.14349
1660.9,0.14349
1661.4,0.14349
1661.9,0.14352
1662.5,0.14353
1663.0,0.1435
1663.5,0.14349
1664.1,0.14352
1664.6,0.14353
1665.1,0.14355
1665.7,0.14355
1666.2,0.14356
1666.7,0.14354
1667.3,0.14355
1667.8,0.14359
1668.3,0.14363
1668.9,0.14368
1669.4,0.14369
1670.0,0.14368
1670.5,0.14371
1671.0,0.14371
1671.6,0.1437
1672.1,0.1437
1672.7,0.14373
1673.2,0.14377
1673.7,0.14376
1674.3,0.14377
1674.8,0.14379
1675.4,0.14377
1675.9,0.14377
1676.4,0.1438
1677.0,0.14381
1677.5,0.14379
1678.1,0.14378
1678.6,0.14377
1679.2,0.14376
1679.7,0.1438
1680.2,0.14386
1680.8,0.14389
1681.3,0.14389
1681.9,0.1439
1682.4,0.14394
1683.0,0.14398
1683.5,0.144
1684.1,0.14397
1684.6,0.14397
1685.2,0.14396
1685.7,0.14395
1686.3,0.14395
1686.8,0.14396
1687.3,0.14398
1687.9,0.14404
1688.4,0.14408
1689.0,0.14406
1689.6,0.14406
1690.1,0.14409
1690.7,0.14411
1691.2,0.14412
1691.8,0.14411
1692.3,0.14407
1692.9,0.14411
1693.4,0.14414
1694.0,0.14411
1694.5,0.14407
1695.1,0.14405
1695.6,0.14412
1696.2,0.14416
1696.7,0.14415
1697.3,0.14413
1697.8,0.14413
1698.4,0.14415
1699.0,0.1442
1699.5,0.14421
1700.1,0.14422
1700.6,0.14425
1701.2,0.14425
1701.8,0.14429
1702.3,0.14424
1702.9,0.1442
1703.4,0.14424
1704.0,0.14424
1704.6,0.1442
1705.1,0.14422
1705.7,0.14431
1706.2,0.14434
1706.8,0.14431
1707.4,0.14432
1707.9,0.14432
1708.5,0.14433
1709.0,0.14438
1709.6,0.14438
1710.2,0.14437
1710.7,0.14439
1711.3,0.14438
1711.9,0.14435
1712.4,0.14432
1713.0,0.14433
1713.6,0.14431
1714.1,0.1443
1714.7,0.14433
1715.3,0.14435
1715.8,0.14437
1716.4,0.14436
1717.0,0.14434
1717.5,0.14431
1718.1,0.14431
1718.7,0.14435
1719.2,0.14438
1719.8,0.14435
1720.4,0.14431
1721.0,0.14428
1721.5,0.14428
1722.1,0.14429
1722.7,0.14431
1723.2,0.14433
1723.8,0.14433
1724.4,0.14432
1725.0,0.14434
1725.5,0.14432
1726.1,0.14429
1726.7,0.14429
1727.3,0.14435
1727.8,0.14434
1728.4,0.14432
1729.0,0.14432
1729.6,0.14429
1730.1,0.14433
1730.7,0.14434
1731.3,0.1443
1731.9,0.14434
1732.5,0.14439
1733.0,0.14439
1733.6,0.14442
1734.2,0.14451
1734.8,0.14453
1735.4,0.14448
1735.9,0.14449
1736.5,0.14452
1737.1,0.14454
1737.7,0.14458
1738.3,0.14465
1738.8,0.14468
1739.4,0.14464
1740.0,0.14463
1740.6,0.14467
1741.2,0.14468
1741.8,0.1447
1742.3,0.14475
1742.9,0.14479
1743.5,0.14479
1744.1,0.14479
1744.7,0.14475
1745.3,0.14472
1745.9,0.14473
1746.5,0.1448
1747.1,0.14485
1747.6,0.14486
1748.2,0.14482
1748.8,0.14485
1749.4,0.1449
1750.0,0.14493
1750.6,0.14495
1751.2,0.14493
1751.8,0.14491
1752.4,0.14493
1753.0,0.14493
1753.6,0.14499
1754.1,0.14505
1754.7,0.14505
1755.3,0.145
1755.9,0.145
1756.5,0.14501
1757.1,0.14501
1757.7,0.14504
1758.3,0.1451
1758.9,0.14511
1759.5,0.14507
1760.1,0.14504
1760.7,0.14505
1761.3,0.14506
1761.9,0.14508
1762.5,0.1451
1763.1,0.14507
1763.7,0.14507
1764.3,0.14509
1764.9,0.14513
1765.5,0.14516
1766.1,0.14518
1766.7,0.14522
1767.3,0.14523
1767.9,0.14528
1768.5,0.1453
1769.1,0.14528
1769.7,0.14526
1770.3,0.14528
1770.9,0.14532
1771.5,0.14537
1772.1,0.14536
1772.7,0.14534
1773.3,0.14539
1773.9,0.14539
1774.6,0.14539
1775.2,0.1454
1775.8,0.14539
1776.4,0.14545
1777.0,0.14551
1777.6,0.14548
1778.2,0.14548
1778.8,0.1455
1779.4,0.14551
1780.0,0.14554
1780.7,0.14555
1781.3,0.14555
1781.9,0.14558
1782.5,0.14559
1783.1,0.14559
1783.7,0.14558
1784.3,0.14554
1784.9,0.14555
1785.6,0.14556
1786.2,0.14557
1786.8,0.14559
1787.4,0.14561
1788.0,0.14561
1788.6,0.1456
1789.3,0.14562
1789.9,0.14562
1790.5,0.14566
1791.1,0.1457
1791.7,0.14574
1792.3,0.14571
1793.0,0.14568
1793.6,0.14568
1794.2,0.14566
1794.8,0.14565
1795.4,0.14566
1796.1,0.14567
1796.7,0.14565
1797.3,0.14567
1797.9,0.14571
1798.6,0.14571
1799.2,0.14566
1799.8,0.14567
1800.4,0.14572
1801.1,0.14574
1801.7,0.14572
1802.3,0.14572
1802.9,0.14572
1803.6,0.14568
1804.2,0.14568
1804.8,0.14573
1805.4,0.14577
1806.1,0.14573
1806.7,0.14569
1807.3,0.14569
1808.0,0.14568
1808.6,0.14567
1809.2,0.14568
1809.9,0.1457
1810.5,0.14567
1811.1,0.14564
1811.8,0.14567
1812.4,0.14569
1813.0,0.14569
1813.7,0.14565
1814.3,0.14563
1814.9,0.14564
1815.6,0.14564
1816.2,0.14567
1816.8,0.14566
1817.5,0.14563
1818.1,0.14564
1818.8,0.14565
1819.4,0.1457
1820.0,0.14571
1820.7,0.14566
1821.3,0.14566
1821.9,0.14569
1822.6,0.14575
1823.2,0.14577
1823.9,0.14574
1824.5,0.14574
1825.2,0.14571
1825.8,0.14569
1826.4,0.14576
1827.1,0.14579
1827.7,0.14579
1828.4,0.14582
1829.0,0.14582
1829.7,0.14578
1830.3,0.14579
1831.0,0.1458
1831.6,0.14576
1832.3,0.14576
1832.9,0.1458
1833.6,0.14577
1834.2,0.14578
1834.8,0.1458
1835.5,0.1458
1836.1,0.1458
1836.8,0.14579
1837.4,0.14576
1838.1,0.14575
1838.8,0.14577
1839.4,0.14577
1840.1,0.14573
1840.7,0.1457
1841.4,0.14572
1842.0,0.14571
1842.7,0.1457
1843.3,0.14572
1844.0,0.14572
1844.6,0.14573
1845.3,0.14573
1845.9,0.14565
1846.6,0.14562
1847.3,0.14562
1847.9,0.14564
1848.6,0.14562
1849.2,0.1456
1849.9,0.14556
1850.6,0.14556
1851.2,0.14556
1851.9,0.14552
1852.6,0.14547
1853.2,0.14548
1853.9,0.14547
1854.5,0.14542
1855.2,0.14538
1855.9,0.14536
1856.5,0.14534
1857.2,0.14533
1857.9,0.14532
1858.5,0.14532
1859.2,0.1453
1859.9,0.14523
1860.5,0.14519
1861.2,0.14517
1861.9,0.14515
1862.5,0.14513
1863.2,0.1451
1863.9,0.14504
1864.5,0.14495
1865.2,0.1449
1865.9,0.14485
1866.6,0.14482
1867.2,0.14479
1867.9,0.14476
1868.6,0.1447
1869.2,0.1446
1869.9,0.14453
1870.6,0.14442
1871.3,0.14431
1871.9,0.14421
1872.6,0.14407
1873.3,0.14398
1874.0,0.1439
1874.7,0.14375
1875.3,0.14358
1876.0,0.14343
1876.7,0.14327
1877.4,0.14312
1878.0,0.14292
1878.7,0.1427
1879.4,0.14249
1880.1,0.14227
1880.8,0.14204
1881.4,0.14177
1882.1,0.14152
1882.8,0.14126
1883.5,0.14098
1884.2,0.14074
1884.9,0.14049
1885.6,0.14026
1886.2,0.14002
1886.9,0.13975
1887.6,0.13948
1888.3,0.13923
1889.0,0.13896
1889.7,0.13866
1890.4,0.13836
1891.1,0.13811
1891.8,0.13783
1892.4,0.13754
1893.1,0.13726
1893.8,0.13699
1894.5,0.13672
1895.2,0.13645
1895.9,0.13613
1896.6,0.13583
1897.3,0.13559
1898.0,0.13533
1898.7,0.13506
1899.4,0.13482
1900.1,0.13459
1900.8,0.13431
1901.5,0.13405
1902.2,0.13385
1902.9,0.13366
1903.6,0.13351
1904.3,0.13334
1905.0,0.13313
1905.7,0.13299
1906.4,0.13287
1907.1,0.13271
1907.8,0.13252
1908.5,0.13239
1909.2,0.13231
1909.9,0.13224
1910.6,0.13213
1911.3,0.13201
1912.0,0.13196
1912.7,0.13195
1913.4,0.13192
1914.1,0.13188
1914.8,0.13185
1915.5,0.13182
1916.2,0.13179
1916.9,0.13179
1917.6,0.13181
1918.3,0.1318
1919.1,0.13183
1919.8,0.13184
1920.5,0.13187
1921.2,0.13199
1921.9,0.13205
1922.6,0.13206
1923.3,0.13209
1924.0,0.13216
1924.8,0.1322
1925.5,0.13226
1926.2,0.13231
1926.9,0.13239
1927.6,0.1325
1928.3,0.13255
1929.1,0.13256
1929.8,0.13258
1930.5,0.13271
1931.2,0.13282
1931.9,0.13283
1932.7,0.13283
1933.4,0.13287
1934.1,0.13294
1934.8,0.13301
1935.5,0.13306
1936.3,0.13311
1937.0,0.13317
1937.7,0.13323
1938.4,0.13325
1939.2,0.1333
1939.9,0.13334
1940.6,0.13341
1941.3,0.13344
1942.1,0.13349
1942.8,0.13355
1943.5,0.13357
1944.2,0.13359
1945.0,0.13361
1945.7,0.13364
1946.4,0.13369
1947.2,0.13375
1947.9,0.13384
1948.6,0.1339
1949.4,0.13392
1950.1,0.13398
1950.8,0.13401
1951.6,0.13403
1952.3,0.13405
1953.0,0.13403
1953.8,0.13402
1954.5,0.13407
1955.2,0.13413
1956.0,0.13415
1956.7,0.13414
1957.5,0.13417
1958.2,0.13416
1958.9,0.13417
1959.7,0.13421
1960.4,0.13426
1961.2,0.13427
1961.9,0.13426
1962.6,0.13425
1963.4,0.13426
1964.1,0.13424
1964.9,0.13423
1965.6,0.13425
1966.4,0.13427
1967.1,0.13429
1967.9,0.13429
1968.6,0.13423
1969.3,0.13421
1970.1,0.13427
1970.8,0.13431
1971.6,0.13429
1972.3,0.13424
1973.1,0.13424
1973.8,0.13428
1974.6,0.13431
1975.3,0.13432
1976.1,0.13433
1976.9,0.13433
1977.6,0.13434
1978.4,0.13437
1979.1,0.13439
1979.9,0.13442
1980.6,0.13443
1981.4,0.13444
1982.2,0.13449
1982.9,0.1345
1983.7,0.13451
1984.4,0.13455
1985.2,0.13456
1985.9,0.13458
1986.7,0.13463
1987.5,0.13471
1988.2,0.13472
1989.0,0.13473
1989.8,0.13478
1990.5,0.1348
1991.3,0.13483
1992.1,0.13492
1992.8,0.13499
1993.6,0.13497
1994.3,0.13503
1995.1,0.13509
1995.9,0.13513
1996.7,0.1352
1997.4,0.13524
1998.2,0.13529
1999.0,0.13533
1999.7,0.13537
2000.5,0.13546
2001.3,0.13555
2002.1,0.13564
2002.8,0.13568
2003.6,0.13574
2004.4,0.13579
2005.2,0.13583
2005.9,0.1359
2006.7,0.13598
2007.5,0.13605
2008.3,0.13613
2009.0,0.13621
2009.8,0.1363
2010.6,0.13636
2011.4,0.13639
2012.2,0.13642
2012.9,0.1365
2013.7,0.13658
2014.5,0.13663
2015.3,0.13666
2016.1,0.13667
2016.8,0.13671
2017.6,0.13674
2018.4,0.13672
2019.2,0.13676
2020.0,0.1368
2020.8,0.13683
2021.6,0.13685
2022.3,0.13689
2023.1,0.13691
2023.9,0.13691
2024.7,0.13693
2025.5,0.13694
2026.3,0.13697
2027.1,0.13701
2027.9,0.13701
2028.7,0.13702
2029.5,0.13704
2030.3,0.13708
2031.1,0.13713
2031.9,0.13714
2032.7,0.13716
2033.5,0.13718
2034.3,0.1372
2035.1,0.13725
2035.8,0.13728
2036.7,0.13731
2037.4,0.13736
2038.3,0.13742
2039.1,0.1375
2039.9,0.13754
2040.7,0.13757
2041.5,0.13762
2042.3,0.13767
2043.1,0.13771
2043.9,0.13776
2044.7,0.13782
2045.5,0.13787
2046.3,0.13796
2047.1,0.13806
2047.9,0.13813
2048.7,0.13817
2049.5,0.13822
2050.4,0.13829
2051.2,0.13837
2052.0,0.13842
2052.8,0.13849
2053.6,0.13857
2054.4,0.13865
2055.2,0.13871
2056.0,0.13875
2056.9,0.13878
2057.7,0.13882
2058.5,0.13888
2059.3,0.13897
2060.1,0.13898
2060.9,0.13898
2061.8,0.13905
2062.6,0.1391
2063.4,0.13912
2064.2,0.13916
2065.0,0.13918
2065.9,0.13918
2066.7,0.13916
2067.5,0.13908
2068.3,0.13906
2069.2,0.13908
2070.0,0.1391
2070.8,0.13911
2071.6,0.13909
2072.5,0.13903
2073.3,0.13896
2074.1,0.13891
2075.0,0.13885
2075.8,0.13876
2076.6,0.1387
2077.5,0.13861
2078.3,0.1385
2079.1,0.13839
2080.0,0.13828
2080.8,0.13816
2081.6,0.13803
2082.5,0.13791
2083.3,0.13776
2084.1,0.13766
2085.0,0.13755
2085.8,0.13741
2086.6,0.13728
2087.5,0.13716
2088.3,0.13704
2089.2,0.13693
2090.0,0.13681
2090.9,0.13668
2091.7,0.13655
2092.6,0.13645
2093.4,0.13633
2094.2,0.13625
2095.1,0.13614
2095.9,0.13603
2096.8,0.13595
2097.6,0.1359
2098.5,0.13584
2099.3,0.13583
2100.2,0.13582
2101.0,0.13575
2101.9,0.13568
2102.7,0.13566
2103.6,0.13564
2104.4,0.13558
2105.3,0.1356
2106.1,0.1356
2107.0,0.13556
2107.9,0.13548
2108.7,0.13543
2109.6,0.13536
2110.4,0.13528
2111.3,0.13527
2112.1,0.13526
2113.0,0.13521
2113.9,0.1352
2114.7,0.13518
2115.6,0.13511
2116.5,0.13515
2117.3,0.1352
2118.2,0.13516
2119.1,0.13511
2119.9,0.13514
2120.8,0.1351
2121.7,0.13505
2122.5,0.13504
2123.4,0.13499
2124.3,0.13487
2125.1,0.13477
2126.0,0.1347
2126.9,0.1346
2127.8,0.13448
2128.6,0.1344
2129.5,0.13437
2130.4,0.13429
2131.3,0.1342
2132.1,0.13413
2133.0,0.13409
2133.9,0.13408
2134.8,0.13413
2135.6,0.13421
2136.5,0.13426
2137.4,0.13432
2138.3,0.13439
2139.2,0.13444
2140.1,0.1345
2140.9,0.13458
2141.8,0.13464
2142.7,0.13468
2143.6,0.13476
2144.5,0.13484
2145.4,0.1349
2146.3,0.13495
2147.1,0.13498
2148.0,0.13503
2148.9,0.1351
2149.8,0.13514
2150.7,0.13516
2151.6,0.13521
2152.5,0.13523
2153.4,0.13527
2154.3,0.1353
2155.2,0.13531
2156.1,0.13529
2157.0,0.13528
2157.9,0.13527
2158.8,0.13526
2159.7,0.13527
2160.6,0.1352
2161.5,0.13511
2162.4,0.13506
2163.3,0.13503
2164.2,0.13499
2165.1,0.13494
2166.0,0.13489
2166.9,0.13481
2167.8,0.13468
2168.7,0.1346
2169.6,0.1345
2170.5,0.13438
2171.4,0.13423
2172.3,0.13407
2173.2,0.13393
2174.1,0.13381
2175.1,0.13369
2176.0,0.13354
2176.9,0.13335
2177.8,0.13316
2178.7,0.13297
2179.6,0.1328
2180.6,0.13262
2181.5,0.13241
2182.4,0.13219
2183.3,0.13198
2184.2,0.13175
2185.1,0.13159
2186.1,0.13142
2187.0,0.1312
2187.9,0.13099
2188.8,0.13084
2189.8,0.13072
2190.7,0.13061
2191.6,0.13056
2192.5,0.13049
2193.5,0.13044
2194.4,0.13046
2195.3,0.13048
2196.3,0.13048
2197.2,0.1305
2198.1,0.13051
2199.1,0.1305
2200.0,0.13049
2200.9,0.13051
2201.9,0.13054
2202.8,0.13049
2203.7,0.13044
2204.7,0.13047
2205.6,0.13048
2206.5,0.13044
2207.5,0.13042
2208.4,0.13043
2209.4,0.13044
2210.3,0.13043
2211.2,0.13043
2212.2,0.13045
2213.1,0.13043
2214.1,0.13038
2215.0,0.1304
2216.0,0.13037
2216.9,0.13028
2217.9,0.13021
2218.8,0.1301
2219.8,0.12998
2220.7,0.12987
2221.7,0.12973
2222.6,0.12953
2223.6,0.12932
2224.5,0.12913
2225.5,0.1289
2226.4,0.12863
2227.4,0.12833
2228.4,0.12801
2229.3,0.12768
2230.3,0.12736
2231.2,0.12701
2232.2,0.12659
2233.1,0.12621
2234.1,0.12586
2235.1,0.12541
2236.0,0.12492
2237.0,0.12448
2238.0,0.12407
2238.9,0.12366
2239.9,0.12322
2240.9,0.12285
2241.8,0.12257
2242.8,0.12229
2243.8,0.12199
2244.8,0.12169
2245.7,0.12138
2246.7,0.1211
2247.7,0.12082
2248.6,0.12051
2249.6,0.12018
2250.6,0.11989
2251.6,0.11968
2252.6,0.11946
2253.5,0.11923
2254.5,0.119
2255.5,0.11878
2256.5,0.11853
2257.5,0.11828
2258.4,0.11801
2259.4,0.11768
2260.4,0.11736
2261.4,0.11696
2262.4,0.11647
2263.4,0.11596
2264.4,0.11537
2265.4,0.11468
2266.3,0.11401
2267.3,0.11333
2268.3,0.11266
2269.3,0.11203
2270.3,0.11145
2271.3,0.11095
2272.3,0.11056
2273.3,0.1102
2274.3,0.10985
2275.3,0.10963
2276.3,0.10937
2277.3,0.10903
2278.3,0.10875
2279.3,0.10845
2280.3,0.10813
2281.3,0.10781
2282.3,0.10744
2283.3,0.10711
2284.3,0.10678
2285.3,0.10641
2286.3,0.10602
2287.3,0.10562
2288.3,0.10524
2289.4,0.10486
2290.4,0.10446
2291.4,0.10417
2292.4,0.10397
2293.4,0.10378
2294.4,0.10358
2295.4,0.10343
2296.4,0.10329
2297.5,0.10318
2298.5,0.10306
2299.5,0.10288
2300.5,0.10268
2301.6,0.10254
2302.6,0.10239
2303.6,0.10218
2304.6,0.10189
2305.6,0.10157
2306.7,0.1013
2307.7,0.10104
2308.7,0.10072
2309.8,0.10035
2310.8,0.09995
2311.8,0.09957
2312.8,0.09921
2313.9,0.09885
2314.9,0.09852
2315.9,0.09821
2317.0,0.0979
2318.0,0.09758
2319.1,0.09719
2320.1,0.09683
2321.1,0.09651
2322.2,0.09617
2323.2,0.09587
2324.3,0.09569
2325.3,0.0956
2326.3,0.09562
2327.4,0.09577
2328.4,0.096
2329.5,0.0962
2330.5,0.09632
2331.6,0.09638
2332.6,0.09638
2333.7,0.09636
2334.7,0.09632
2335.8,0.09625
2336.8,0.09624
2337.9,0.09637
2338.9,0.09656
2340.0,0.09681
2341.0,0.09721
2342.1,0.09773
2343.1,0.09833
2344.2,0.099
2345.3,0.09976
2346.3,0.10058
2347.4,0.10135
2348.5,0.10206
2349.5,0.10272
2350.6,0.10333
2351.7,0.1039
2352.7,0.10439
2353.8,0.10487
2354.9,0.10529
2355.9,0.10561
2357.0,0.10589
2358.1,0.10618
2359.1,0.10639
2360.2,0.10652
2361.3,0.10661
2362.4,0.10665
2363.4,0.10659
2364.5,0.1065
2365.6,0.10638
2366.7,0.10619
2367.8,0.10593
2368.9,0.10561
2369.9,0.10526
2371.0,0.1049
2372.1,0.10456
2373.2,0.10425
2374.3,0.10397
2375.4,0.10371
2376.4,0.10348
2377.5,0.10324
2378.6,0.10298
2379.7,0.10276
2380.8,0.1026
2381.9,0.10244
2383.0,0.1023
2384.1,0.10224
2385.2,0.10219
2386.3,0.10213
2387.4,0.10207
2388.5,0.10201
2389.6,0.10195
2390.7,0.10187
2391.8,0.10176
2392.9,0.10166
2394.0,0.10158
2395.1,0.1015
2396.2,0.10143
2397.3,0.10138
2398.4,0.10134
2399.5,0.10132
2400.6,0.10135
2401.8,0.10139
2402.9,0.10146
2404.0,0.10149
2405.1,0.10143
2406.2,0.10139
2407.3,0.10137
2408.5,0.10137
2409.6,0.10139
2410.7,0.10137
2411.8,0.10133
2412.9,0.1013
2414.1,0.10123
2415.2,0.10114
2416.3,0.10102
2417.4,0.10086
2418.6,0.10074
2419.7,0.10066
2420.8,0.10057
2422.0,0.10046
2423.1,0.10035
2424.2,0.10019
2425.4,0.10004
2426.5,0.09994
2427.6,0.09985
2428.8,0.09968
2429.9,0.09949
2431.1,0.09928
2432.2,0.09906
2433.3,0.09889
2434.5,0.09875
2435.6,0.09867
2436.8,0.09866
2437.9,0.09864
2439.1,0.09861
2440.2,0.09858
2441.4,0.09856
2442.5,0.09853
2443.6,0.09848
2444.8,0.09848
2445.9,0.09853
2447.1,0.09856
2448.3,0.09854
2449.4,0.09855
2450.6,0.09857
2451.7,0.09862
2452.9,0.09869
2454.1,0.09879
2455.2,0.09886
2456.4,0.09889
2457.6,0.09888
2458.7,0.09886
2459.9,0.09887
2461.1,0.09878
2462.2,0.09865
2463.4,0.09853
2464.6,0.09839
2465.7,0.0982
2466.9,0.09801
2468.1,0.09785
2469.3,0.09767
2470.4,0.09741
2471.6,0.09712
2472.8,0.0968
2474.0,0.09644
2475.1,0.09612
2476.3,0.09578
2477.5,0.09545
2478.7,0.09513
2479.9,0.09482
2481.1,0.09455
2482.3,0.09434
2483.4,0.09414
2484.6,0.09394
2485.8,0.09377
2487.0,0.0936
2488.2,0.09343
2489.4,0.09324
2490.6,0.09303
2491.8,0.09278
2493.0,0.09247
2494.2,0.09208
2495.4,0.09178
2496.6,0.09159
2497.8,0.09132
2499.0,0.09099
2500.2,0.09071
2501.4,0.09049
2502.6,0.09025
2503.8,0.09001
2505.0,0.08981
2506.3,0.08965
2507.5,0.08954
2508.7,0.08946
2509.9,0.08938
2511.1,0.08938
2512.3,0.08943
2513.5,0.08945
2514.8,0.0895
2516.0,0.08957
2517.2,0.08966
2518.4,0.08978
2519.6,0.08992
2520.9,0.09009
2522.1,0.09022
2523.3,0.09036
2524.6,0.09056
2525.8,0.09075
2527.0,0.09091
2528.2,0.09104
2529.5,0.09115
2530.7,0.09125
2531.9,0.09137
2533.2,0.09144
2534.4,0.09146
2535.7,0.09146
2536.9,0.09145
2538.1,0.09143
2539.4,0.09139
2540.6,0.09133
2541.9,0.09127
2543.1,0.09127
2544.4,0.09128
2545.6,0.09126
2546.9,0.09119
2548.1,0.09109
2549.4,0.09105
2550.6,0.09097
2551.9,0.09084
2553.1,0.09068
2554.4,0.09053
2555.6,0.09046
2556.9,0.09043
2558.2,0.09037
2559.4,0.09033
2560.7,0.09032
2562.0,0.09034
2563.2,0.09038
2564.5,0.09044
2565.8,0.09051
2567.0,0.09063
2568.3,0.09072
2569.6,0.09074
2570.9,0.09081
2572.1,0.09087
2573.4,0.09091
2574.7,0.09102
2576.0,0.09112
2577.3,0.09118
2578.5,0.09119
2579.8,0.09126
2581.1,0.09133
2582.4,0.09138
2583.7,0.09146
2585.0,0.09155
2586.2,0.0916
2587.5,0.09167
2588.8,0.09174
2590.1,0.09176
2591.4,0.09179
2592.7,0.09184
2594.0,0.09184
2595.3,0.09187
2596.6,0.09194
2597.9,0.09191
2599.2,0.09183
2600.5,0.09182
2601.8,0.0918
2603.1,0.09176
2604.4,0.0917
2605.7,0.09156
2607.1,0.09148
2608.4,0.09143
2609.7,0.09136
2611.0,0.09132
2612.3,0.09123
2613.6,0.09117
2614.9,0.0911
2616.3,0.091
2617.6,0.09088
2618.9,0.09078
2620.2,0.09067
2621.6,0.09056
2622.9,0.09046
2624.2,0.09034
2625.5,0.09016
2626.9,0.08997
2628.2,0.0898
2629.5,0.0896
2630.9,0.08937
2632.2,0.08912
2633.5,0.08885
2634.9,0.08861
2636.2,0.0883
2637.6,0.08795
2638.9,0.08754
2640.2,0.08715
2641.6,0.08671
2642.9,0.0862
2644.3,0.08566
2645.6,0.08505
2647.0,0.0844
2648.3,0.08375
2649.7,0.08312
2651.0,0.08244
2652.4,0.08181
2653.8,0.08124
2655.1,0.08068
2656.5,0.08015
2657.8,0.07962
2659.2,0.07904
2660.6,0.07845
2661.9,0.0778
2663.3,0.07706
2664.7,0.07627
2666.0,0.07535
2667.4,0.07412
2668.8,0.07256
2670.1,0.07054
2671.5,0.06828
2672.9,0.06614
2674.3,0.0643
2675.6,0.06258
2677.0,0.06081
2678.4,0.05897
2679.8,0.05722
2681.2,0.0556
2682.6,0.05396
2684.0,0.0522
2685.4,0.05042
2686.8,0.04862
2688.1,0.04679
2689.5,0.04491
2690.9,0.04285
2692.3,0.04072
2693.7,0.03852
2695.1,0.03621
2696.5,0.03372
2697.9,0.03088
2699.3,0.02792
2700.7,0.02563
2702.1,0.02419
2703.6,0.02293
2705.0,0.02177
2706.4,0.02089
2707.8,0.02022
2709.2,0.01968
2710.6,0.0193
2712.0,0.01908
2713.5,0.01898
2714.9,0.01906
2716.3,0.01925
2717.7,0.01948
2719.1,0.01963
2720.6,0.01971
2722.0,0.01976
2723.4,0.01978
2724.9,0.01974
2726.3,0.01964
2727.7,0.01953
2729.2,0.01942
2730.6,0.01928
2732.0,0.01915
2733.5,0.01901
2734.9,0.01887
2736.4,0.01872
2737.8,0.01852
2739.3,0.01839
2740.7,0.01829
2742.2,0.01819
2743.6,0.01815
2745.1,0.01809
2746.5,0.01805
2748.0,0.01806
2749.4,0.01803
2750.9,0.01797
2752.3,0.01795
2753.8,0.01794
2755.3,0.01786
2756.7,0.01775
2758.2,0.01767
2759.7,0.01762
2761.1,0.01763
2762.6,0.01761
2764.1,0.01762
2765.6,0.0177
2767.0,0.0177
2768.5,0.0177
2770.0,0.01774
2771.5,0.01765
2772.9,0.01751
2774.4,0.01748
2775.9,0.01749
2777.4,0.01741
2778.9,0.01731
2780.4,0.01728
2781.9,0.01723
2783.4,0.01712
2784.9,0.01701
2786.4,0.01689
2787.9,0.01679
2789.4,0.01676
2790.9,0.01671
2792.4,0.01661
2793.9,0.01657
2795.4,0.01659
2796.9,0.01652
2798.4,0.0165
2799.9,0.01653
2801.4,0.01652
2802.9,0.01652
2804.4,0.01658
2806.0,0.01659
2807.5,0.01657
2809.0,0.01659
2810.5,0.01667
2812.1,0.01673
2813.6,0.0168
2815.1,0.01684
2816.6,0.0169
2818.2,0.01692
2819.7,0.01696
2821.2,0.01712
2822.8,0.0172
2824.3,0.01725
2825.8,0.01729
2827.4,0.01736
2828.9,0.01751
2830.5,0.01765
2832.0,0.01773
2833.6,0.01779
2835.1,0.01789
2836.7,0.01798
2838.2,0.01804
2839.8,0.0181
2841.3,0.01813
2842.9,0.01814
2844.4,0.01822
2846.0,0.01827
2847.6,0.01834
2849.1,0.01839
2850.7,0.01834
2852.3,0.01831
2853.8,0.01833
2855.4,0.01839
2857.0,0.01842
2858.6,0.0184
2860.1,0.01839
2861.7,0.01843
2863.3,0.01849
2864.9,0.01849
2866.4,0.01845
2868.0,0.01845
2869.6,0.01849
2871.2,0.01846
2872.8,0.01841
2874.4,0.01842
2876.0,0.01846
2877.6,0.01848
2879.2,0.01854
2880.8,0.01853
2882.4,0.01851
2884.0,0.01852
2885.6,0.0185
2887.2,0.01847
2888.8,0.0185
2890.4,0.01853
2892.0,0.01854
2893.6,0.01856
2895.3,0.0186
2896.9,0.01863
2898.5,0.0186
2900.1,0.01854
2901.7,0.01853
2903.4,0.01852
2905.0,0.01856
2906.6,0.01856
2908.3,0.01855
2909.9,0.01855
2911.5,0.01857
2913.1,0.01852
2914.8,0.01847
2916.4,0.01854
2918.1,0.0186
2919.7,0.01858
2921.4,0.01859
2923.0,0.01864
2924.7,0.01866
2926.3,0.01863
2928.0,0.01859
2929.6,0.01862
2931.3,0.01866
2932.9,0.01868
2934.6,0.01873
2936.3,0.01876
2937.9,0.01878
2939.6,0.01877
2941.2,0.01874
2942.9,0.01872
2944.6,0.01873
2946.3,0.01877
2947.9,0.0188
2949.6,0.01883
2951.3,0.01887
2953.0,0.01896
2954.6,0.01897
2956.3,0.01892
2958.0,0.01889
2959.7,0.01893
2961.4,0.01897
2963.1,0.01905
2964.8,0.01909
2966.5,0.01907
2968.2,0.01906
2969.9,0.01909
2971.6,0.01911
2973.3,0.01919
2975.0,0.01922
2976.7,0.01926
2978.4,0.01926
2980.1,0.01929
2981.8,0.01932
2983.6,0.01936
2985.3,0.0194
2987.0,0.01942
2988.7,0.01941
2990.4,0.01945
2992.2,0.01951
2993.9,0.01959
2995.6,0.01961
2997.4,0.0196
2999.1,0.01966
3000.8,0.01968
3002.6,0.01968
3004.3,0.01976
3006.0,0.01983
3007.8,0.01983
3009.5,0.01985
3011.3,0.01989
3013.0,0.01994
3014.8,0.01996
3016.5,0.02
3018.3,0.02005
3020.0,0.0201
3021.8,0.02016
3023.6,0.02012
3025.3,0.02015
3027.1,0.0202
3028.9,0.02022
3030.6,0.02026
3032.4,0.02035
3034.2,0.02039
3036.0,0.02041
3037.7,0.02045
3039.5,0.02051
3041.3,0.02056
3043.1,0.02057
3044.9,0.02059
3046.7,0.02069
3048.4,0.02078
3050.2,0.02078
3052.0,0.02083
3053.8,0.02089
3055.6,0.02088
3057.4,0.02093
3059.2,0.02103
3061.1,0.02107
3062.9,0.02103
3064.7,0.02109
3066.5,0.02114
3068.3,0.02118
3070.1,0.02124
3071.9,0.02126
3073.8,0.02135
3075.6,0.02145
3077.4,0.02147
3079.2,0.02155
3081.1,0.02159
3082.9,0.02163
3084.7,0.02164
3086.6,0.02163
3088.4,0.0217
3090.2,0.02172
3092.1,0.02179
3093.9,0.02184
3095.8,0.02183
3097.6,0.02188
3099.5,0.02193
3101.3,0.02199
3103.2,0.02205
3105.0,0.02209
3106.9,0.02207
3108.8,0.02215
3110.6,0.02223
3112.5,0.02228
3114.4,0.0223
3116.2,0.02238
3118.1,0.02244
3120.0,0.02247
3121.9,0.02256
3123.7,0.02259
3125.6,0.02265
3127.5,0.02269
3129.4,0.02272
3131.3,0.0228
3133.2,0.02288
3135.1,0.02291
3137.0,0.02289
3138.9,0.02295
3140.8,0.02305
3142.7,0.02313
3144.6,0.02323
3146.5,0.02327
3148.4,0.02331
3150.3,0.02338
3152.2,0.02344
3154.1,0.02347
3156.1,0.02351
3158.0,0.02358
3159.9,0.02363
3161.8,0.02368
3163.8,0.0238
3165.7,0.02392
3167.6,0.02397
3169.6,0.024
3171.5,0.02408
3173.4,0.02412
3175.4,0.02418
3177.3,0.02426
3179.3,0.02432
3181.2,0.02437
3183.2,0.02451
3185.1,0.02463
3187.1,0.02468
3189.1,0.02473
3191.0,0.02475
3193.0,0.02477
3194.9,0.02486
3196.9,0.02499
3198.9,0.02503
3200.9,0.02509
3202.9,0.02519
3204.8,0.02524
3206.8,0.02524
3208.8,0.0253
3210.8,0.02537
3212.8,0.02543
3214.8,0.0255
3216.8,0.02557
3218.8,0.02564
3220.8,0.0257
3222.8,0.02577
3224.8,0.02583
3226.8,0.02591
3228.8,0.02593
3230.8,0.02601
3232.8,0.02611
3234.8,0.02613
3236.8,0.02619
3238.9,0.02627
3240.9,0.02633
3242.9,0.02632
3244.9,0.02641
3247.0,0.02651
3249.0,0.02656
3251.0,0.02664
3253.1,0.02667
3255.1,0.0267
3257.2,0.02683
3259.2,0.02691
3261.3,0.02695
3263.3,0.02705
3265.4,0.02715
3267.4,0.02722
3269.5,0.02726
3271.6,0.02739
3273.6,0.02749
3275.7,0.02752
3277.8,0.02762
3279.8,0.02776
3281.9,0.02781
3284.0,0.02785
3286.1,0.02797
3288.1,0.0281
3290.2,0.02821
3292.3,0.02826
3294.4,0.02834
3296.5,0.02843
3298.6,0.02841
3300.7,0.02843
3302.8,0.0285
3304.9,0.02863
3307.0,0.02874
3309.1,0.0288
3311.2,0.02885
3313.4,0.02892
3315.5,0.02895
3317.6,0.02896
3319.7,0.02893
3321.9,0.02902
3324.0,0.02913
3326.1,0.0291
3328.3,0.02908
3330.4,0.02914
3332.5,0.02914
3334.7,0.02915
3336.8,0.02917
3339.0,0.02913
3341.1,0.02908
3343.3,0.02908
3345.4,0.02907
3347.6,0.02903
3349.8,0.02896
3351.9,0.02888
3354.1,0.02882
3356.3,0.02879
3358.4,0.02878
3360.6,0.02878
3362.8,0.02871
3365.0,0.02856
3367.1,0.02847
3369.3,0.02845
3371.5,0.02843
3373.7,0.02835
3375.9,0.02833
3378.1,0.02831
3380.3,0.02827
3382.5,0.02825
3384.7,0.02822
3386.9,0.0282
3389.1,0.0282
3391.4,0.02822
3393.6,0.02823
3395.8,0.02818
3398.0,0.02805
3400.3,0.02796
3402.5,0.02791
3404.7,0.02788
3407.0,0.02779
3409.2,0.02773
3411.4,0.02766
3413.7,0.0276
3415.9,0.02764
3418.2,0.0277
3420.4,0.02777
3422.7,0.02781
3425.0,0.0279
3427.2,0.02813
3429.5,0.0284
3431.8,0.02876
3434.0,0.02919
3436.3,0.02947
3438.6,0.02961
3440.9,0.02984
3443.2,0.03012
3445.4,0.03031
3447.7,0.03048
3450.0,0.0307
3452.3,0.03087
3454.6,0.03105
3456.9,0.03114
3459.2,0.0313
3461.6,0.03148
3463.9,0.03158
3466.2,0.03168
3468.5,0.03183
3470.8,0.032
3473.1,0.0321
3475.5,0.03217
3477.8,0.03222
3480.1,0.03229
3482.5,0.03233
3484.8,0.03237
3487.2,0.03252
3489.5,0.03264
3491.9,0.03266
3494.2,0.03265
3496.6,0.03258
3498.9,0.03248
3501.3,0.03242
3503.6,0.03238
3506.0,0.03235
3508.4,0.03242
3510.8,0.03271
3513.1,0.03326
3515.5,0.03385
3517.9,0.03436
3520.3,0.03478
3522.7,0.03514
3525.1,0.03543
3527.5,0.03571
3529.9,0.03611
3532.3,0.03641
3534.7,0.03669
3537.1,0.03698
3539.5,0.03718
3541.9,0.03741
3544.4,0.03764
3546.8,0.03785
3549.2,0.03801
3551.6,0.03809
3554.1,0.03826
3556.5,0.03841
3559.0,0.03853
3561.4,0.03875
3563.9,0.03893
3566.3,0.03912
3568.8,0.03927
3571.2,0.03933
3573.7,0.0394
3576.1,0.03954
3578.6,0.03968
3581.1,0.03977
3583.6,0.03993
3586.0,0.04008
3588.5,0.04018
3591.0,0.04029
3593.5,0.04037
3596.0,0.04048
3598.5,0.04054
3601.0,0.04063
3603.5,0.04082
3606.0,0.04095
3608.5,0.04101
3611.0,0.04108
3613.5,0.04121
3616.0,0.04135
3618.6,0.04145
3621.1,0.0416
3623.6,0.04167
3626.1,0.04161
3628.7,0.04171
3631.2,0.04186
3633.8,0.04196
3636.3,0.04205
3638.9,0.04215
3641.4,0.04225
3644.0,0.04226
3646.6,0.04237
3649.1,0.04252
3651.7,0.04263
3654.3,0.04269
3656.8,0.04283
3659.4,0.0429
3662.0,0.04293
3664.6,0.04307
3667.2,0.04322
3669.8,0.04331
3672.4,0.0434
3675.0,0.04353
3677.6,0.04365
3680.2,0.04375
3682.8,0.04384
3685.4,0.04392
3688.1,0.04402
3690.7,0.04405
3693.3,0.04413
3695.9,0.04427
3698.6,0.04438
3701.2,0.04446
3703.9,0.04461
3706.5,0.04472
3709.2,0.0448
3711.8,0.04486
3714.5,0.045
3717.1,0.04515
3719.8,0.04529
3722.5,0.04535
3725.1,0.04533
3727.8,0.04549
3730.5,0.04573
3733.2,0.04584
3735.9,0.04587
3738.6,0.04586
3741.3,0.04584
3744.0,0.04604
3746.7,0.04633
3749.4,0.04654
3752.1,0.04659
3754.8,0.04659
3757.5,0.0467
3760.3,0.04684
3763.0,0.04688
3765.7,0.047
3768.5,0.04709
3771.2,0.04717
3773.9,0.0474
3776.7,0.04749
3779.4,0.04752
3782.2,0.04769
3785.0,0.04776
3787.7,0.04778
3790.5,0.0479
3793.3,0.04803
3796.1,0.0481
3798.8,0.04826
3801.6,0.04847
3804.4,0.04855
3807.2,0.04861
3810.0,0.04864
3812.8,0.04873
3815.6,0.04877
3818.4,0.04898
3821.2,0.04915
3824.0,0.0491
3826.9,0.04917
3829.7,0.04937
3832.5,0.04951
3835.4,0.04957
3838.2,0.04966
3841.0,0.04979
3843.9,0.04984
3846.7,0.04996
3849.6,0.05015
3852.4,0.05027
3855.3,0.05031
3858.2,0.05032
3861.1,0.05036
3863.9,0.05054
3866.8,0.05077
3869.7,0.05095
3872.6,0.05102
3875.5,0.0511
3878.4,0.05114
3881.3,0.05114
3884.2,0.05121
3887.1,0.05131
3890.0,0.05146
3892.9,0.05157
3895.9,0.05171
3898.8,0.05179
3901.7,0.05186
3904.7,0.05195
3907.6,0.05203
3910.6,0.05209
3913.5,0.05221
3916.5,0.0523
3919.4,0.05241
3922.4,0.05258
3925.4,0.05267
3928.3,0.05265
3931.3,0.05264
3934.3,0.05271
3937.3,0.05278
3940.3,0.05291
3943.3,0.05316
3946.3,0.05333
3949.3,0.05333
3952.3,0.05333
3955.3,0.05339
3958.3,0.05343
3961.3,0.05343
3964.4,0.05351
3967.4,0.0537
3970.4,0.05376
3973.5,0.05387
3976.5,0.0541
3979.6,0.0541
3982.6,0.05411
3985.7,0.0543
3988.8,0.0544
3991.8,0.05437
3994.9,0.05447
3998.0,0.0546
4001.1,0.05471
4004.2,0.0548
4007.3,0.05484
4010.4,0.05491
4013.5,0.05497
4016.6,0.055
4019.7,0.055
4022.8,0.0551
4025.9,0.05524
4029.1,0.05539
4032.2,0.0555
4035.3,0.05564
4038.5,0.05572
4041.6,0.05572
4044.8,0.05578
4047.9,0.05593
4051.1,0.05607
4054.3,0.05614
4057.4,0.0561
4060.6,0.05607
4063.8,0.05608
4067.0,0.05617
4070.2,0.05631
4073.4,0.05638
4076.6,0.0565
4079.8,0.05653
4083.0,0.05658
4086.2,0.05669
4089.4,0.05673
4092.7,0.05667
4095.9,0.05674
4099.1,0.05694
4102.4,0.05703
4105.6,0.05706
4108.9,0.05709
4112.1,0.05712
4115.4,0.05715
4118.7,0.05717
4122.0,0.0572
4125.2,0.05724
4128.5,0.05726
4131.8,0.05728
4135.1,0.05731
4138.4,0.05733
4141.7,0.05735
4145.0,0.05738
4148.3,0.05741
4151.6,0.05744
4155.0,0.05746
4158.3,0.05749
4161.6,0.0575
4165.0,0.0575
4168.3,0.05752
4171.7,0.05755
4175.0,0.05757
4178.4,0.05757
4181.8,0.0576
4185.2,0.05763
4188.5,0.05765
4191.9,0.05766
4195.3,0.05768
4198.7,0.0577
4202.1,0.05771
4205.5,0.05773
4208.9,0.05774
4212.4,0.05774
4215.8,0.05775
4219.2,0.05776
4222.6,0.05777
4226.1,0.05777
4229.5,0.05779
4233.0,0.05778
4236.5,0.05778
4239.9,0.05777
4243.4,0.05777
4246.9,0.05777
4250.3,0.05776
4253.8,0.05774
4257.3,0.05771
4260.8,0.05769
4264.3,0.05766
4267.8,0.05763
4271.4,0.05761
4274.9,0.05759
4278.4,0.0576
4281.9,0.05763
4285.5,0.05764
4289.0,0.05764
4292.6,0.05765
4296.1,0.05764
4299.7,0.05763
4303.3,0.05762
4306.8,0.05762
4310.4,0.05762
4314.0,0.05762
4317.6,0.05761
4321.2,0.0576
4324.8,0.0576
4328.4,0.05759
4332.0,0.05757
4335.6,0.05756
4339.3,0.05757
4342.9,0.05757
4346.5,0.05756
4350.2,0.05754
4353.8,0.05752
4357.5,0.05751
4361.1,0.0575
4364.8,0.0575
4368.5,0.05748
4372.2,0.05746
4375.9,0.05744
4379.6,0.05743
4383.3,0.05741
4387.0,0.05739
4390.7,0.05738
4394.4,0.05737
4398.1,0.05735
4401.9,0.05734
4405.6,0.05733
4409.4,0.05731
4413.1,0.05728
4416.9,0.05726
4420.6,0.05724
4424.4,0.05723
4428.2,0.05722
4432.0,0.0572
4435.8,0.05719
4439.6,0.05718
4443.4,0.05717
4447.2,0.05715
4451.0,0.05712
4454.8,0.05709
4458.6,0.05707
4462.5,0.05706
4466.3,0.05704
4470.2,0.05702
4474.0,0.05701
4477.9,0.05699
4481.8,0.05697
4485.6,0.05696
4489.5,0.05695
4493.4,0.05694
4497.3,0.05693
4501.2,0.05691
4505.1,0.05689
4509.0,0.05688
4513.0,0.05687
4516.9,0.05685
4520.8,0.05682
4524.8,0.05679
4528.7,0.05677
4532.7,0.05674
4536.7,0.05671
4540.6,0.05666
4544.6,0.05662
4548.6,0.05658
4552.6,0.05654
4556.6,0.0565
4560.6,0.05645
4564.6,0.0564
4568.6,0.05634
4572.7,0.05629
4576.7,0.05623
4580.8,0.05617
4584.8,0.05612
4588.9,0.05606
4592.9,0.056
4597.0,0.05594
4601.1,0.05587
4605.2,0.05581
4609.3,0.05575
4613.4,0.05568
4617.5,0.05562
4621.6,0.05554
4625.7,0.05546
4629.8,0.05539
4634.0,0.05532
4638.1,0.05525
4642.3,0.05519
4646.4,0.05512
4650.6,0.05504
4654.8,0.05497
4659.0,0.0549
4663.1,0.05483
4667.3,0.05476
4671.5,0.05468
4675.8,0.05459
4680.0,0.05451
4684.2,0.05444
4688.4,0.05437
4692.7,0.05428
4696.9,0.05421
4701.2,0.05413
4705.5,0.05405
4709.7,0.05396
4714.0,0.05385
4718.3,0.05373
4722.6,0.05362
4726.9,0.05349
4731.2,0.05337
4735.5,0.05324
4739.9,0.05309
4744.2,0.05294
4748.5,0.05278
4752.9,0.05261
4757.3,0.05244
4761.6,0.05226
4766.0,0.05208
4770.4,0.05192
4774.8,0.05174
4779.2,0.05157
4783.6,0.0514
4788.0,0.05125
4792.4,0.0511
4796.9,0.05094
4801.3,0.0508
4805.8,0.05068
4810.2,0.05057
4814.7,0.05047
4819.1,0.05039
4823.6,0.05032
4828.1,0.05026
4832.6,0.0502
4837.1,0.05016
4841.6,0.05011
4846.2,0.05004
4850.7,0.04997
4855.3,0.04989
4859.8,0.0498
4864.4,0.04969
4868.9,0.04956
4873.5,0.04941
4878.1,0.04925
4882.7,0.04907
4887.3,0.04886
4891.9,0.04864
4896.5,0.04842
4901.1,0.04817
4905.8,0.04791
4910.4,0.04766
4915.1,0.0474
4919.7,0.04717
4924.4,0.04697
4929.1,0.0468
4933.8,0.04664
4938.5,0.04649
4943.2,0.04636
4947.9,0.04623
4952.6,0.0461
4957.4,0.04594
4962.1,0.04574
4966.9,0.04552
4971.6,0.04529
4976.4,0.04503
4981.2,0.04478
4986.0,0.04455
4990.8,0.04433
4995.6,0.04413
5000.4,0.04394
5005.2,0.04377
5010.0,0.04362
5014.9,0.04348
5019.8,0.04336
5024.6,0.04325
5029.5,0.04317
5034.4,0.04309
5039.3,0.04298
5044.2,0.04287
5049.1,0.04278
5054.0,0.04269
5058.9,0.04259
5063.9,0.0425
5068.8,0.04242
5073.8,0.04233
5078.8,0.04225
5083.7,0.04219
5088.7,0.04213
5093.7,0.04207
5098.7,0.042
5103.7,0.04192
5108.8,0.04183
5113.8,0.04173
5118.9,0.04163
5123.9,0.04152
5129.0,0.04142
5134.1,0.04133
5139.1,0.04123
5144.3,0.04116
5149.4,0.04109
5154.5,0.04101
5159.6,0.04095
5164.7,0.04088
5169.9,0.04082
5175.0,0.04075
5180.2,0.04067
5185.4,0.04059
5190.6,0.0405
5195.8,0.0404
5201.0,0.04029
5206.2,0.04015
5211.5,0.04
5216.7,0.03982
5222.0,0.03961
5227.2,0.03938
5232.5,0.03912
5237.8,0.03886
5243.1,0.03857
5248.4,0.03829
5253.7,0.03801
5259.0,0.03772
5264.4,0.03742
5269.7,0.03714
5275.1,0.03686
5280.5,0.03658
5285.8,0.0363
5291.2,0.03605
5296.6,0.03581
5302.0,0.03557
5307.5,0.03533
5312.9,0.03511
5318.4,0.0349
5323.8,0.03469
5329.3,0.03448
5334.8,0.03429
5340.3,0.0341
5345.8,0.03392
5351.3,0.03377
5356.8,0.03364
5362.4,0.03353
5367.9,0.03347
5373.5,0.03343
5379.0,0.03342
5384.6,0.03344
5390.2,0.03348
5395.8,0.03354
5401.5,0.03359
5407.1,0.03362
5412.7,0.03365
5418.4,0.03365
5424.1,0.03363
5429.7,0.03359
5435.4,0.03353
5441.1,0.03346
5446.9,0.03336
5452.6,0.03324
5458.3,0.0331
5464.1,0.03297
5469.8,0.03283
5475.6,0.03267
5481.4,0.03251
5487.2,0.03235
5493.0,0.03217
5498.8,0.03199
5504.7,0.03181
5510.5,0.03163
5516.4,0.03143
5522.3,0.03123
5528.1,0.03104
5534.0,0.03084
5540.0,0.03064
5545.9,0.03045
5551.8,0.03026
5557.8,0.03007
5563.7,0.02988
5569.7,0.02968
5575.7,0.0295
5581.7,0.02931
5587.7,0.02914
5593.7,0.02896
5599.8,0.02877
5605.8,0.02857
5611.9,0.02838
5618.0,0.02819
5624.1,0.02799
5630.2,0.02779
5636.3,0.02758
5642.4,0.02736
5648.6,0.02714
5654.7,0.02688
5660.9,0.02662
5667.1,0.02632
5673.3,0.02598
5679.5,0.02561
5685.7,0.02519
5692.0,0.02472
5698.2,0.02421
5704.5,0.02368
5710.8,0.02315
5717.1,0.02266
5723.4,0.02221
5729.7,0.0218
5736.0,0.02144
5742.4,0.02113
5748.8,0.02085
5755.1,0.02062
5761.5,0.02043
5768.0,0.02024
5774.4,0.02007
5780.8,0.0199
5787.3,0.01971
5793.7,0.01949
5800.2,0.01926
5806.7,0.01903
5813.2,0.01878
5819.7,0.01851
5826.3,0.01819
5832.8,0.01785
5839.4,0.0175
5846.0,0.01713
5852.6,0.01675
5859.2,0.01634
5865.8,0.01593
5872.5,0.01551
5879.1,0.01507
5885.8,0.01465
5892.5,0.01424
5899.2,0.01385
5905.9,0.01349
5912.6,0.01314
5919.4,0.0128
5926.2,0.01247
5932.9,0.01216
5939.7,0.01187
5946.5,0.0116
5953.4,0.01135
5960.2,0.0111
5967.1,0.01087
5974.0,0.01065
5980.8,0.01045
5987.8,0.01026
5994.7,0.0101
6001.6,0.00992
6008.6,0.00977
6015.5,0.00963
6022.5,0.00951
6029.5,0.00937
6036.5,0.00926
6043.6,0.00915
6050.6,0.00904
6057.7,0.00895
6064.8,0.00886
6071.9,0.00878
6079.0,0.00872
6086.1,0.00865
6093.3,0.00858
6100.5,0.00855
6107.6,0.00852
6114.9,0.0085
6122.1,0.00849
6129.3,0.0085
6136.5,0.00852
6143.8,0.00856
6151.1,0.00861
6158.4,0.00869
6165.7,0.00879
6173.1,0.00888
6180.4,0.009
6187.8,0.00911
6195.2,0.00924
6202.6,0.00938
6210.0,0.00953
6217.5,0.00969
6225.0,0.00987
6232.4,0.01003
6239.9,0.0102
6247.5,0.01037
6255.0,0.01054
6262.5,0.01071
6270.1,0.01087
6277.7,0.01103
6285.3,0.0112
6293.0,0.01139
6300.6,0.01156
6308.3,0.01174
6315.9,0.01193
6323.6,0.01212
6331.4,0.01231
6339.1,0.01248
6346.9,0.01263
6354.6,0.01276
6362.4,0.01288
6370.3,0.01299
6378.1,0.01308
6385.9,0.01316
6393.8,0.01321
6401.7,0.01325
6409.6,0.01327
6417.6,0.01328
6425.5,0.01328
6433.5,0.01327
6441.5,0.01326
6449.5,0.01325
6457.5,0.01323
6465.6,0.01321
6473.6,0.01319
6481.7,0.01319
6489.8,0.01319
6498.0,0.0132
6506.1,0.01321
6514.3,0.01321
6522.5,0.01321
6530.7,0.01323
6539.0,0.01323
6547.2,0.01323
6555.5,0.01323
6563.8,0.01322
6572.1,0.01318
6580.4,0.01311
6588.8,0.01303
6597.2,0.01296
6605.6,0.01293
6614.0,0.01295
6622.5,0.01301
6630.9,0.01309
6639.4,0.01319
6647.9,0.01334
6656.5,0.0135
6665.0,0.01367
6673.6,0.01384
6682.2,0.014
6690.8,0.01416
6699.5,0.01431
6708.1,0.01444
6716.8,0.01453
6725.5,0.01459
6734.3,0.01462
6743.0,0.01462
6751.8,0.01457
6760.6,0.01446
6769.4,0.01428
6778.3,0.01403
6787.1,0.01372
6796.0,0.01335
6805.0,0.013
6813.9,0.01275
6822.9,0.01259
6831.9,0.0125
6840.9,0.01242
6849.9,0.01234
6859.0,0.01225
6868.0,0.01216
6877.2,0.01208
6886.3,0.01203
6895.5,0.012
6904.6,0.01197
6913.8,0.01194
6923.1,0.0119
6932.3,0.01185
6941.6,0.01177
6950.9,0.01167
6960.2,0.01156
6969.6,0.01144
6979.0,0.01134
6988.4,0.01123
6997.8,0.01113
7007.3,0.01103
7016.8,0.01094
7026.3,0.01086
7035.8,0.01079
7045.4,0.01075
7054.9,0.01074
7064.5,0.01073
7074.2,0.01073
7083.9,0.01075
7093.5,0.01078
7103.3,0.01081
7113.0,0.01084
7122.8,0.01086
7132.6,0.01087
7142.4,0.01087
7152.2,0.01085
7162.1,0.01082
7172.0,0.01079
7182.0,0.01075
7191.9,0.01071
7201.9,0.01066
7211.9,0.01061
7222.0,0.01055
7232.0,0.0105
7242.1,0.01044
7252.3,0.01038
7262.4,0.01035
7272.6,0.01031
7282.8,0.01028
7293.1,0.01026
7303.3,0.01024
7313.6,0.01023
7324.0,0.01022
7334.3,0.01021
7344.7,0.01022
7355.1,0.01021
7365.6,0.01019
7376.1,0.01016
7386.6,0.01013
7397.1,0.0101
7407.7,0.01004
7418.3,0.00998
7428.9,0.00993
7439.6,0.00987
7450.2,0.00982
7461.0,0.00976
7471.7,0.00969
7482.5,0.00962
7493.3,0.00957
7504.2,0.00951
7515.0,0.00947
7525.9,0.00942
7536.9,0.00937
7547.9,0.00932
7558.9,0.00926
7569.9,0.00919
7581.0,0.00915
7592.0,0.0091
7603.2,0.00905
7614.4,0.009
7625.5,0.00895
7636.8,0.00891
7648.0,0.00886
7659.3,0.00881
7670.7,0.00875
7682.0,0.00869
7693.4,0.00862
7704.9,0.00855
7716.3,0.00846
7727.8,0.00836
7739.4,0.00827
7750.9,0.00818
7762.5,0.00807
7774.2,0.00794
7785.8,0.00782
7797.5,0.00771
7809.3,0.00759
7821.1,0.00748
7832.9,0.00738
7844.7,0.00728
7856.6,0.00722
7868.5,0.00716
7880.5,0.00709
7892.5,0.00705
7904.5,0.00703
7916.6,0.007
7928.7,0.00696
7940.8,0.00694
7953.0,0.0069
7965.2,0.00686
7977.5,0.00681
7989.8,0.00675
8002.1,0.00668
8014.5,0.0066
8026.9,0.00655
8039.3,0.00649
8051.8,0.00643
8064.3,0.00636
8076.9,0.0063
8089.5,0.00625
8102.1,0.00621
8114.8,0.00618
8127.5,0.00616
8140.3,0.00614
8153.1,0.00611
8165.9,0.00608
8178.8,0.00605
8191.7,0.006
8204.7,0.00595
8217.7,0.0059
8230.7,0.00583
8243.8,0.00576
8257.0,0.00568
8270.1,0.00561
8283.3,0.00554
8296.6,0.00547
8309.9,0.00542
8323.2,0.00535
8336.6,0.00526
8350.0,0.00517
8363.5,0.0051
8377.0,0.00502
8390.5,0.00493
8404.2,0.00484
8417.8,0.00476
8431.5,0.00466
8445.2,0.00458
8459.0,0.0045
8472.8,0.00441
8486.7,0.00434
8500.6,0.00426
8514.5,0.00419
8528.5,0.00413
8542.6,0.00409
8556.7,0.00405
8570.8,0.00399
8585.0,0.0039
8599.3,0.00382
8613.5,0.00375
8627.9,0.00373
8642.3,0.00378
8656.7,0.00389
8671.2,0.00401
8685.7,0.00413
8700.3,0.00423
8714.9,0.00434
8729.6,0.00446
8744.3,0.00459
8759.0,0.00472
8773.9,0.00485
8788.7,0.005
8803.7,0.00519
8818.6,0.00539
8833.7,0.00561
8848.7,0.00585
8863.8,0.00612
8879.0,0.00643
8894.3,0.00676
8909.5,0.00712
8924.9,0.00752
8940.3,0.00796
8955.7,0.00844
8971.2,0.00893
8986.8,0.00947
9002.3,0.01004
9018.0,0.01059
9033.7,0.0111
9049.5,0.01151
9065.3,0.01181
9081.2,0.01202
9097.1,0.01217
9113.1,0.01228
9129.1,0.01237
9145.2,0.01242
9161.4,0.01246
9177.6,0.0125
9193.9,0.01254
9210.2,0.01258
9226.6,0.01264
9243.0,0.01274
9259.5,0.01287
9276.1,0.01302
9292.7,0.0132
9309.4,0.01338
9326.2,0.01357
9343.0,0.0138
9359.8,0.01403
9376.8,0.01425
9393.8,0.01451
9410.8,0.01478
9427.9,0.01506
9445.1,0.01535
9462.3,0.01564
9479.6,0.01592
9497.0,0.01619
9514.4,0.01646
9531.9,0.01669
9549.4,0.01687
9567.1,0.01703
9584.7,0.01713
9602.5,0.01717
9620.3,0.01717
9638.2,0.01712
9656.1,0.01703
9674.2,0.01694
9692.2,0.01684
9710.4,0.01671
9728.6,0.01657
9746.9,0.01646
9765.2,0.01636
9783.7,0.01626
9802.2,0.01617
9820.7,0.0161
9839.4,0.01606
9858.1,0.01601
9876.8,0.01597
9895.7,0.01596
9914.6,0.01597
9933.6,0.01599
9952.7,0.01604
9971.8,0.01607
9991.0,0.01608
10010.3,0.01609
10029.7,0.01613
10049.1,0.01617
10068.6,0.0162
10088.2,0.01623
10107.9,0.01627
10127.6,0.01628
10147.5,0.01631
10167.3,0.01633
10187.3,0.01634
10207.4,0.01637
10227.5,0.01639
10247.7,0.01641
10268.0,0.01644
10288.4,0.01646
10308.8,0.01648
10329.4,0.0165
10350.0,0.01651
10370.7,0.01651
10391.5,0.0165
10412.3,0.01647
10433.3,0.01644
10454.3,0.01638
10475.4,0.0163
10496.7,0.01618
10517.9,0.01602
10539.3,0.01583
10560.8,0.0156
10582.3,0.01536
10604.0,0.0151
10625.7,0.01485
10647.5,0.01462
10669.4,0.01438
10691.4,0.01413
10713.5,0.01387
10735.7,0.0136
10758.0,0.01332
10780.3,0.01304
10802.8,0.01275
10825.4,0.01248
10848.0,0.01224
10870.8,0.01204
10893.6,0.01184
10916.5,0.01165
10939.5,0.01148
10962.7,0.01133
10985.9,0.01122
11009.2,0.01111
11032.7,0.01101
11056.2,0.01092
11079.8,0.01083
11103.5,0.01069
11127.4,0.01058
11151.3,0.01048
11175.3,0.01037
11199.5,0.01028
11223.7,0.01018
11248.0,0.01008
11272.5,0.00996
11297.1,0.00984
11321.7,0.00972
11346.5,0.00962
11371.4,0.00951
11396.4,0.0094
11421.5,0.00929
11446.7,0.0092
11472.0,0.00914
11497.4,0.00907
11523.0,0.009
11548.7,0.00893
11574.4,0.00886
11600.3,0.00883
11626.3,0.00878
11652.5,0.00869
11678.7,0.00863
11705.1,0.00855
11731.6,0.00844
11758.2,0.00834
11784.9,0.00825
11811.7,0.00816
11838.7,0.00806
11865.8,0.00795
11893.0,0.00785
11920.3,0.00778
11947.8,0.00769
11975.4,0.00762
12003.1,0.00754
12031.0,0.00743
12059.0,0.00731
12087.1,0.0072
12115.3,0.00711
12143.7,0.00701
12172.2,0.00693
12200.8,0.00687
12229.6,0.00681
12258.5,0.00675
12287.6,0.00669
12316.8,0.0066
12346.1,0.00652
12375.5,0.00644
12405.1,0.00638
12434.9,0.00632
12464.8,0.00625
12494.8,0.0062
12525.0,0.0062
12555.3,0.0062
12585.8,0.0062
12616.4,0.0062
12647.2,0.00614
12678.1,0.00609
12709.2,0.00605
12740.4,0.00599
12771.8,0.00593
12803.3,0.00589
12835.0,0.00587
12866.9,0.0059
12898.9,0.0059
12931.1,0.00587
12963.4,0.00585
12995.9,0.0058
13028.5,0.00572
13061.3,0.00566
13094.3,0.0056
13127.5,0.00553
13160.8,0.00549
13194.3,0.00544
13228.0,0.00538
13261.8,0.00531
13295.8,0.00525
13330.0,0.00518
13364.3,0.00511
13398.8,0.00506
13433.6,0.00498
13468.5,0.00488
13503.5,0.00481
13538.8,0.00475
13574.2,0.00471
13609.9,0.00467
13645.7,0.00459
13681.7,0.0045
13717.9,0.00445
13754.3,0.00439
13790.9,0.00427
13827.6,0.0042
13864.6,0.00416
13901.8,0.00408
13939.2,0.004
13976.7,0.00395
14014.5,0.00391
14052.5,0.00383
14090.7,0.00375
14129.0,0.00367
14167.7,0.0036
14206.5,0.00352
14245.5,0.00346
14284.7,0.00342
14324.2,0.00343
14363.9,0.0035
14403.8,0.00365
14443.9,0.00385
14484.3,0.00404
14524.8,0.0042
14565.6,0.00433
14606.7,0.00452
14647.9,0.00475
14689.4,0.005
14731.1,0.00525
14773.1,0.00554
14815.3,0.00588
14857.8,0.00623
14900.5,0.00658
14943.4,0.00696
14986.6,0.00732
15030.0,0.00763
15073.7,0.00795
15117.7,0.0083
15161.9,0.00861
15206.3,0.00888
15251.1,0.00916
15296.1,0.00942
15341.3,0.00966
15386.8,0.00991
15432.6,0.0101
15478.7,0.01028
15525.0,0.01044
15571.7,0.01059
15618.6,0.01076
15665.8,0.01089
15713.2,0.011
15761.0,0.01107
15809.0,0.01111
15857.4,0.01116
15906.0,0.01121
15955.0,0.01121
16004.2,0.01111
16053.8,0.01101
16103.6,0.01097
16153.8,0.01093
16204.3,0.01084
16255.1,0.01076
16306.2,0.01067
16357.6,0.01056
16409.4,0.01038
16461.5,0.01014
16513.9,0.00991
16566.7,0.00963
16619.8,0.00933
16673.2,0.00909
16727.0,0.00886
16781.1,0.00868
16835.6,0.00854
16890.5,0.00834
16945.7,0.00826
17001.2,0.0083
17057.2,0.00827
17113.4,0.00824
17170.1,0.0083
17227.2,0.00842
17284.6,0.00858
17342.4,0.00856
17400.6,0.00856
17459.2,0.00864
17518.2,0.00875
17577.5,0.0089
17637.3,0.00899
17697.5,0.00907
17758.1,0.00917
17819.2,0.00924
17880.6,0.00931
17942.5,0.0094
18004.8,0.0095
18067.5,0.00955
18130.7,0.00961
18194.3,0.00965
18258.4,0.00966
18322.9,0.00967
18387.9,0.00965
18453.3,0.0096
18519.2,0.00965
18585.6,0.00969
18652.4,0.00967
18719.8,0.00961
18787.6,0.0096
18855.9,0.00959
18924.7,0.00964
18994.1,0.00978
19063.9,0.00992
19134.2,0.01024
19205.1,0.01071
19276.5,0.01139
19348.4,0.01217
19420.9,0.01295
19493.9,0.01375
19567.5,0.01463
19641.6,0.01554
19716.3,0.01636
19791.5,0.01721
19867.3,0.01804
19943.8,0.0187
20020.8,0.0194
20098.4,0.02009
20176.6,0.02064
20255.4,0.02124
20334.8,0.0219
20414.9,0.02246
20495.6,0.02308
20576.9,0.02378
20658.9,0.02448
20741.5,0.02505
20824.8,0.02557
20908.8,0.02614
20993.4,0.02662
21078.8,0.02706
21164.8,0.02749
21251.6,0.02772
21339.0,0.02782
21427.2,0.02785
21516.1,0.02794
21605.8,0.02784
21696.2,0.02774
21787.3,0.02777
21879.3,0.0277
21972.0,0.02758
22065.5,0.02747
22159.7,0.02751
22254.8,0.02774
22350.8,0.02785
22447.5,0.02792
22545.1,0.02813
22643.6,0.02852
22742.9,0.02883
22843.1,0.02871
22944.2,0.02812
23046.2,0.02723
23149.0,0.02595
23252.8,0.02471
23357.6,0.02378
23463.3,0.023
23569.9,0.02245
23677.5,0.02197
23786.1,0.02133
23895.8,0.02065
24006.4,0.01987
24118.0,0.01925
24230.7,0.01918
24344.5,0.01887
24459.4,0.01865
24575.3,0.01859
24692.3,0.01834
24810.4,0.01796
24929.7,0.01771
25050.2,0.01737
