Composition,
Date Added,2022-03-26
Formula,
Grain Size Description,<75.0um
Grain Size,"(0.0, 75.0)"
Locality,
Minimum Wavelength,300
Sample Name,BE-17
Maximum Wavelength,25050
Database of Origin,RELAB
Other Information,High-Mg Calcite Dolomite
References,
Resolution,4.0
Material class,Mineral
Sample Description,Mg-rich carbonates from natural environments
Sample ID,BKR1MG054
Original Sample ID,MG-JFM-054
Viewing Geometry,30.0° / 0.0°
Wavelength,Response
300.0,0.282634
305.0,0.281059
310.0,0.283277
315.0,0.289126
320.0,0.294884
325.0,0.302801
330.0,0.311744
335.0,0.322037
340.0,0.331207
345.0,0.341187
350.0,0.348869
355.0,0.358698
360.0,0.367156
365.0,0.379342
370.0,0.38871
375.0,0.399276
380.0,0.411349
385.0,0.41969
390.0,0.426445
395.0,0.434373
400.0,0.440907
405.0,0.448676
410.0,0.453738
415.0,0.461244
420.0,0.466843
425.0,0.475276
430.0,0.480843
435.0,0.48819
440.0,0.493311
445.0,0.500803
450.0,0.5057
455.0,0.512723
460.0,0.517381
465.0,0.523993
470.0,0.527314
475.0,0.534329
480.0,0.538149
485.0,0.544354
490.0,0.548053
495.0,0.554085
500.0,0.557216
505.0,0.563756
510.0,0.566602
515.0,0.572409
520.0,0.575232
525.0,0.580754
530.0,0.583669
535.0,0.588551
540.0,0.591416
545.0,0.596107
550.0,0.59866
555.0,0.603274
560.0,0.605209
565.0,0.61
570.0,0.612633
575.0,0.616734
580.0,0.618394
585.0,0.622257
590.0,0.624581
595.0,0.628284
600.0,0.630253
605.0,0.633725
610.0,0.635062
615.0,0.638887
620.0,0.640389
625.0,0.643978
630.0,0.645142
635.0,0.64902
640.0,0.649747
645.0,0.653011
650.0,0.654262
655.0,0.657198
660.0,0.65856
665.0,0.660985
670.0,0.662125
675.0,0.665772
680.0,0.667348
685.0,0.67004
690.0,0.67125
695.0,0.673929
700.0,0.674681
705.0,0.677424
710.0,0.678758
715.0,0.681431
720.0,0.682267
725.0,0.684643
730.0,0.685393
735.0,0.688191
740.0,0.688943
745.0,0.691422
750.0,0.691325
755.0,0.693567
760.0,0.694614
765.0,0.696574
770.0,0.696148
775.0,0.698519
780.0,0.69893
785.0,0.700585
790.0,0.701557
795.0,0.702937
800.0,0.703909
805.0,0.705431
810.0,0.705647
815.0,0.707432
820.0,0.707177
825.0,0.708943
830.0,0.70883
835.0,0.710662
840.0,0.710854
845.0,0.712676
850.0,0.713425
855.0,0.715863
860.0,0.716301
865.0,0.717648
870.0,0.718986
875.0,0.720981
880.0,0.721695
885.0,0.722638
890.0,0.721846
895.0,0.722424
900.0,0.723279
905.0,0.725149
910.0,0.725857
915.0,0.726397
920.0,0.727013
925.0,0.727513
930.0,0.728817
935.0,0.729341
940.0,0.730715
945.0,0.730875
950.0,0.732498
955.0,0.731531
960.0,0.73216
965.0,0.734277
970.0,0.735197
975.0,0.735393
980.0,0.736442
985.0,0.735619
990.0,0.737258
995.0,0.739152
1000.0,0.739115
1005.0,0.739763
1010.0,0.740052
1015.0,0.740189
1020.0,0.74092
1025.0,0.742153
1030.0,0.74342
1035.0,0.74293
1040.0,0.743971
1045.0,0.744638
1050.0,0.744948
1055.0,0.746198
1060.0,0.747323
1065.0,0.74737
1070.0,0.748432
1075.0,0.749674
1080.0,0.750216
1085.0,0.749573
1090.0,0.751292
1095.0,0.752108
1100.0,0.752242
1105.0,0.753924
1110.0,0.754172
1115.0,0.752852
1120.0,0.754451
1125.0,0.755748
1130.0,0.756127
1135.0,0.757245
1140.0,0.757614
1145.0,0.756662
1150.0,0.757556
1155.0,0.759117
1160.0,0.759089
1165.0,0.758
1170.0,0.759579
1175.0,0.759643
1180.0,0.76038
1185.0,0.760549
1190.0,0.761042
1195.0,0.761711
1200.0,0.762249
1205.0,0.762462
1210.0,0.763188
1215.0,0.763806
1220.0,0.764376
1225.0,0.764857
1230.0,0.765349
1235.0,0.766049
1240.0,0.765665
1245.0,0.765869
1250.0,0.765907
1255.0,0.767128
1260.0,0.767731
1265.0,0.7686
1270.0,0.76891
1275.0,0.769077
1280.0,0.768717
1285.0,0.770008
1290.0,0.770403
1295.0,0.770484
1300.18,0.770729
1300.51,0.770736
1300.84,0.770802
1301.16,0.77081
1301.49,0.770889
1301.82,0.771067
1302.14,0.771079
1302.47,0.770993
1302.8,0.770965
1303.13,0.771029
1303.45,0.771055
1303.78,0.771099
1304.11,0.771115
1304.44,0.771215
1304.77,0.771265
1305.09,0.771137
1305.42,0.771113
1305.75,0.771211
1306.08,0.771247
1306.41,0.771299
1306.74,0.771407
1307.07,0.771449
1307.4,0.771368
1307.73,0.771321
1308.06,0.771375
1308.39,0.771433
1308.72,0.771431
1309.05,0.771414
1309.38,0.771411
1309.71,0.771437
1310.04,0.7714
1310.37,0.771476
1310.7,0.771493
1311.03,0.771462
1311.37,0.771555
1311.7,0.771643
1312.03,0.77164
1312.36,0.771545
1312.69,0.771579
1313.03,0.771629
1313.36,0.771645
1313.69,0.771708
1314.02,0.771719
1314.36,0.771633
1314.69,0.771516
1315.02,0.771659
1315.36,0.771884
1315.69,0.771936
1316.03,0.771918
1316.36,0.771844
1316.69,0.771803
1317.03,0.771796
1317.36,0.771815
1317.7,0.771862
1318.03,0.771999
1318.37,0.771977
1318.7,0.771946
1319.04,0.771977
1319.37,0.771968
1319.71,0.771942
1320.05,0.771948
1320.38,0.771975
1320.72,0.771996
1321.06,0.77203
1321.39,0.772109
1321.73,0.772061
1322.07,0.771987
1322.4,0.772046
1322.74,0.772075
1323.08,0.772111
1323.42,0.772232
1323.75,0.772299
1324.09,0.772218
1324.43,0.772281
1324.77,0.772328
1325.11,0.772345
1325.45,0.772261
1325.78,0.772209
1326.12,0.772252
1326.46,0.772281
1326.8,0.772304
1327.14,0.772364
1327.48,0.772428
1327.82,0.772467
1328.16,0.772483
1328.5,0.772423
1328.84,0.772381
1329.18,0.772395
1329.52,0.77239
1329.86,0.77245
1330.21,0.772491
1330.55,0.772464
1330.89,0.77251
1331.23,0.772491
1331.57,0.772507
1331.91,0.772531
1332.26,0.772629
1332.6,0.772636
1332.94,0.772624
1333.28,0.7726
1333.63,0.772576
1333.97,0.772588
1334.31,0.772588
1334.66,0.772586
1335.0,0.772612
1335.35,0.772689
1335.69,0.772675
1336.03,0.772731
1336.38,0.772758
1336.72,0.772667
1337.07,0.772632
1337.41,0.772641
1337.76,0.772705
1338.1,0.772774
1338.45,0.772787
1338.79,0.772825
1339.14,0.772875
1339.48,0.772796
1339.83,0.772694
1340.18,0.77267
1340.52,0.772688
1340.87,0.772614
1341.22,0.772586
1341.56,0.772719
1341.91,0.77287
1342.26,0.772818
1342.61,0.772686
1342.95,0.772634
1343.3,0.77271
1343.65,0.772653
1344.0,0.772622
1344.35,0.772684
1344.7,0.772693
1345.04,0.772679
1345.39,0.772689
1345.74,0.772655
1346.09,0.772665
1346.44,0.772682
1346.79,0.772641
1347.14,0.772688
1347.49,0.77277
1347.84,0.772777
1348.19,0.772632
1348.54,0.772619
1348.89,0.772772
1349.25,0.772775
1349.6,0.772729
1349.95,0.772774
1350.3,0.772829
1350.65,0.772731
1351.0,0.77262
1351.35,0.772677
1351.71,0.772713
1352.06,0.772775
1352.41,0.772803
1352.77,0.772799
1353.12,0.772805
1353.47,0.772829
1353.82,0.772763
1354.18,0.772686
1354.53,0.77265
1354.89,0.772725
1355.24,0.772784
1355.59,0.772758
1355.95,0.772836
1356.3,0.772897
1356.66,0.772837
1357.01,0.772717
1357.37,0.772663
1357.72,0.77271
1358.08,0.772667
1358.44,0.772662
1358.79,0.772691
1359.15,0.772675
1359.5,0.772732
1359.86,0.772866
1360.22,0.772801
1360.58,0.77271
1360.93,0.772691
1361.29,0.772684
1361.65,0.772631
1362.0,0.772619
1362.36,0.772693
1362.72,0.772749
1363.08,0.772753
1363.44,0.772767
1363.8,0.772844
1364.15,0.772877
1364.51,0.772743
1364.87,0.772624
1365.23,0.772531
1365.59,0.772543
1365.95,0.772545
1366.31,0.772526
1366.67,0.77256
1367.03,0.7725
1367.39,0.772448
1367.75,0.772448
1368.11,0.772421
1368.48,0.772392
1368.84,0.772383
1369.2,0.772285
1369.56,0.772187
1369.92,0.77207
1370.28,0.771972
1370.65,0.77191
1371.01,0.771839
1371.37,0.771784
1371.73,0.771665
1372.1,0.771554
1372.46,0.77156
1372.82,0.771406
1373.19,0.771192
1373.55,0.771135
1373.92,0.771048
1374.28,0.770953
1374.64,0.770817
1375.01,0.770635
1375.37,0.770509
1375.74,0.770334
1376.1,0.770112
1376.47,0.769934
1376.83,0.769835
1377.2,0.769694
1377.57,0.769566
1377.93,0.769422
1378.3,0.769229
1378.66,0.769034
1379.03,0.768892
1379.4,0.76862
1379.76,0.768451
1380.13,0.7684
1380.5,0.768253
1380.87,0.768074
1381.24,0.767861
1381.6,0.767574
1381.97,0.767236
1382.34,0.766818
1382.71,0.766276
1383.08,0.765867
1383.45,0.765423
1383.82,0.764919
1384.19,0.764514
1384.55,0.764168
1384.92,0.76375
1385.29,0.763404
1385.66,0.763053
1386.04,0.762699
1386.41,0.762403
1386.78,0.762054
1387.15,0.761766
1387.52,0.761522
1387.89,0.761198
1388.26,0.760835
1388.63,0.760446
1389.01,0.759951
1389.38,0.759438
1389.75,0.75877
1390.12,0.758048
1390.5,0.757415
1390.87,0.757107
1391.24,0.757205
1391.62,0.757747
1391.99,0.758717
1392.36,0.759829
1392.74,0.760844
1393.11,0.761777
1393.49,0.762656
1393.86,0.763502
1394.23,0.764172
1394.61,0.764685
1394.99,0.765139
1395.36,0.765533
1395.74,0.765815
1396.11,0.766104
1396.49,0.766414
1396.86,0.766681
1397.24,0.766858
1397.62,0.767047
1397.99,0.767205
1398.37,0.767315
1398.75,0.767445
1399.13,0.767474
1399.5,0.767527
1399.88,0.767622
1400.26,0.767613
1400.64,0.767629
1401.02,0.767687
1401.4,0.767753
1401.77,0.767734
1402.15,0.76778
1402.53,0.767852
1402.91,0.767858
1403.29,0.767802
1403.67,0.767816
1404.05,0.767897
1404.43,0.767818
1404.81,0.767766
1405.19,0.767823
1405.57,0.76784
1405.96,0.767746
1406.34,0.767641
1406.72,0.767634
1407.1,0.767649
1407.48,0.767625
1407.86,0.767582
1408.25,0.767598
1408.63,0.767536
1409.01,0.767525
1409.39,0.767522
1409.78,0.767426
1410.16,0.767333
1410.55,0.767334
1410.93,0.767343
1411.31,0.767369
1411.7,0.767319
1412.08,0.767118
1412.47,0.766995
1412.85,0.767014
1413.24,0.767021
1413.62,0.767047
1414.01,0.767009
1414.39,0.766915
1414.78,0.766889
1415.17,0.76687
1415.55,0.766834
1415.94,0.766742
1416.32,0.766662
1416.71,0.7666
1417.1,0.766595
1417.49,0.766658
1417.87,0.766724
1418.26,0.766644
1418.65,0.766543
1419.04,0.766486
1419.43,0.766488
1419.82,0.76646
1420.2,0.766436
1420.59,0.766409
1420.98,0.766428
1421.37,0.766414
1421.76,0.766397
1422.15,0.76635
1422.54,0.766225
1422.93,0.766183
1423.32,0.766273
1423.71,0.766314
1424.11,0.766307
1424.5,0.766252
1424.89,0.766187
1425.28,0.766209
1425.67,0.766202
1426.06,0.766147
1426.46,0.766111
1426.85,0.766113
1427.24,0.766102
1427.63,0.766101
1428.03,0.766082
1428.42,0.766022
1428.81,0.765961
1429.21,0.766008
1429.6,0.76604
1430.0,0.766049
1430.39,0.766042
1430.79,0.765992
1431.18,0.765966
1431.58,0.765982
1431.97,0.765999
1432.37,0.766008
1432.76,0.766059
1433.16,0.766169
1433.56,0.766147
1433.95,0.766059
1434.35,0.765972
1434.75,0.765991
1435.14,0.766046
1435.54,0.766073
1435.94,0.766039
1436.34,0.766018
1436.73,0.765937
1437.13,0.766016
1437.53,0.766202
1437.93,0.766231
1438.33,0.766118
1438.73,0.766034
1439.13,0.766056
1439.53,0.766083
1439.93,0.76612
1440.33,0.766204
1440.73,0.766211
1441.13,0.766225
1441.53,0.766254
1441.93,0.766269
1442.33,0.766262
1442.73,0.766197
1443.13,0.766216
1443.53,0.766261
1443.94,0.766257
1444.34,0.766269
1444.74,0.766316
1445.14,0.766352
1445.55,0.766422
1445.95,0.766515
1446.35,0.766467
1446.76,0.766414
1447.16,0.766526
1447.56,0.766581
1447.97,0.766565
1448.37,0.766503
1448.78,0.766512
1449.18,0.766607
1449.59,0.766658
1449.99,0.766675
1450.4,0.766706
1450.8,0.766751
1451.21,0.76681
1451.62,0.766847
1452.02,0.766854
1452.43,0.766854
1452.84,0.766875
1453.24,0.766951
1453.65,0.76699
1454.06,0.767016
1454.47,0.767033
1454.88,0.767037
1455.28,0.767064
1455.69,0.767095
1456.1,0.767126
1456.51,0.767183
1456.92,0.767267
1457.33,0.767307
1457.74,0.767336
1458.15,0.767398
1458.56,0.767352
1458.97,0.767328
1459.38,0.767379
1459.79,0.767417
1460.2,0.767503
1460.61,0.767549
1461.02,0.767522
1461.44,0.767465
1461.85,0.767393
1462.26,0.767453
1462.67,0.767486
1463.09,0.767458
1463.5,0.767536
1463.91,0.767599
1464.33,0.767637
1464.74,0.76774
1465.15,0.767837
1465.57,0.767768
1465.98,0.767785
1466.4,0.767789
1466.81,0.767759
1467.23,0.767811
1467.64,0.767818
1468.06,0.767849
1468.47,0.767801
1468.89,0.767818
1469.31,0.767858
1469.72,0.767821
1470.14,0.767797
1470.56,0.767899
1470.97,0.768009
1471.39,0.767988
1471.81,0.767928
1472.23,0.767983
1472.64,0.768122
1473.06,0.768104
1473.48,0.76799
1473.9,0.768021
1474.32,0.768049
1474.74,0.768069
1475.16,0.768079
1475.58,0.768028
1476.0,0.768088
1476.42,0.76809
1476.84,0.767978
1477.26,0.768009
1477.68,0.768098
1478.1,0.76815
1478.52,0.768196
1478.94,0.768191
1479.37,0.768207
1479.79,0.76824
1480.21,0.768224
1480.63,0.768231
1481.06,0.768301
1481.48,0.76825
1481.9,0.768243
1482.33,0.768286
1482.75,0.768305
1483.18,0.768375
1483.6,0.76831
1484.02,0.768245
1484.45,0.768286
1484.87,0.768355
1485.3,0.768367
1485.73,0.768436
1486.15,0.768499
1486.58,0.768503
1487.0,0.76848
1487.43,0.768449
1487.86,0.768461
1488.28,0.768443
1488.71,0.76848
1489.14,0.76857
1489.57,0.768658
1490.0,0.768692
1490.42,0.768661
1490.85,0.768708
1491.28,0.768747
1491.71,0.768702
1492.14,0.768737
1492.57,0.768809
1493.0,0.7689
1493.43,0.768947
1493.86,0.768861
1494.29,0.768847
1494.72,0.768892
1495.15,0.768902
1495.58,0.768993
1496.01,0.769041
1496.45,0.769064
1496.88,0.769157
1497.31,0.769263
1497.74,0.769317
1498.18,0.769367
1498.61,0.769463
1499.04,0.769513
1499.48,0.769564
1499.91,0.769578
1500.34,0.769637
1500.78,0.769683
1501.21,0.769626
1501.65,0.769675
1502.08,0.769764
1502.52,0.769792
1502.95,0.769797
1503.39,0.769867
1503.82,0.769962
1504.26,0.769955
1504.7,0.769965
1505.13,0.770014
1505.57,0.770072
1506.01,0.770175
1506.45,0.770254
1506.88,0.770249
1507.32,0.770311
1507.76,0.770428
1508.2,0.770433
1508.64,0.770408
1509.08,0.770471
1509.52,0.770568
1509.96,0.770636
1510.4,0.770652
1510.84,0.770662
1511.28,0.77079
1511.72,0.770853
1512.16,0.770821
1512.6,0.770852
1513.04,0.770908
1513.48,0.770934
1513.92,0.771024
1514.37,0.771103
1514.81,0.771118
1515.25,0.771135
1515.69,0.771149
1516.14,0.771185
1516.58,0.771247
1517.02,0.771302
1517.47,0.771412
1517.91,0.771524
1518.36,0.771554
1518.8,0.771507
1519.25,0.771545
1519.69,0.771659
1520.14,0.771724
1520.58,0.771684
1521.03,0.771665
1521.48,0.771717
1521.92,0.771781
1522.37,0.771851
1522.82,0.771906
1523.26,0.77202
1523.71,0.772092
1524.16,0.772078
1524.61,0.77207
1525.06,0.772109
1525.51,0.77213
1525.95,0.772207
1526.4,0.772259
1526.85,0.772226
1527.3,0.772245
1527.75,0.77228
1528.2,0.772373
1528.65,0.772483
1529.1,0.772514
1529.56,0.772538
1530.01,0.772595
1530.46,0.772653
1530.91,0.77262
1531.36,0.772612
1531.82,0.772645
1532.27,0.772667
1532.72,0.772744
1533.17,0.772737
1533.63,0.77278
1534.08,0.772815
1534.54,0.772768
1534.99,0.772827
1535.44,0.772904
1535.9,0.772939
1536.35,0.773064
1536.81,0.773116
1537.27,0.773111
1537.72,0.773092
1538.18,0.773073
1538.63,0.773071
1539.09,0.773116
1539.55,0.773168
1540.01,0.773212
1540.46,0.773312
1540.92,0.77331
1541.38,0.773324
1541.84,0.773388
1542.3,0.773457
1542.75,0.773532
1543.21,0.773515
1543.67,0.773477
1544.13,0.773503
1544.59,0.773618
1545.05,0.773689
1545.51,0.773687
1545.97,0.773715
1546.44,0.773797
1546.9,0.773839
1547.36,0.773809
1547.82,0.773768
1548.28,0.773852
1548.74,0.77399
1549.21,0.774021
1549.67,0.773987
1550.13,0.773971
1550.6,0.774031
1551.06,0.774062
1551.53,0.774071
1551.99,0.774152
1552.45,0.774238
1552.92,0.774243
1553.39,0.774226
1553.85,0.77424
1554.32,0.774308
1554.78,0.77429
1555.25,0.774269
1555.72,0.774346
1556.18,0.774431
1556.65,0.774487
1557.12,0.774499
1557.59,0.774529
1558.05,0.774553
1558.52,0.774555
1558.99,0.774587
1559.46,0.774582
1559.93,0.774692
1560.4,0.774742
1560.87,0.774721
1561.34,0.774871
1561.81,0.774954
1562.28,0.774907
1562.75,0.774832
1563.22,0.774813
1563.69,0.774883
1564.16,0.774931
1564.64,0.774907
1565.11,0.774971
1565.58,0.775088
1566.05,0.775052
1566.53,0.775023
1567.0,0.775095
1567.47,0.775172
1567.95,0.775196
1568.42,0.775222
1568.9,0.775212
1569.37,0.775207
1569.85,0.77525
1570.32,0.775267
1570.8,0.775298
1571.27,0.775339
1571.75,0.775362
1572.23,0.775413
1572.7,0.775418
1573.18,0.775458
1573.66,0.77548
1574.14,0.775448
1574.61,0.775405
1575.09,0.775413
1575.57,0.775444
1576.05,0.775499
1576.53,0.775522
1577.01,0.775527
1577.49,0.775504
1577.97,0.775497
1578.45,0.775587
1578.93,0.775675
1579.41,0.775709
1579.89,0.775757
1580.37,0.775756
1580.86,0.775797
1581.34,0.775833
1581.82,0.77579
1582.3,0.77578
1582.79,0.775807
1583.27,0.775845
1583.75,0.775871
1584.24,0.775891
1584.72,0.775914
1585.21,0.776005
1585.69,0.77605
1586.18,0.776043
1586.66,0.77605
1587.15,0.776057
1587.63,0.775996
1588.12,0.776014
1588.61,0.776069
1589.09,0.776132
1589.58,0.776205
1590.07,0.776241
1590.55,0.776217
1591.04,0.776215
1591.53,0.776196
1592.02,0.776205
1592.51,0.776246
1593.0,0.776292
1593.49,0.776358
1593.98,0.776375
1594.47,0.776329
1594.96,0.776298
1595.45,0.776363
1595.94,0.77642
1596.43,0.776464
1596.92,0.77648
1597.42,0.77652
1597.91,0.776545
1598.4,0.776554
1598.89,0.776611
1599.39,0.776643
1599.88,0.776602
1600.37,0.776554
1600.87,0.776612
1601.36,0.776669
1601.86,0.776686
1602.35,0.776692
1602.85,0.776788
1603.34,0.776852
1603.84,0.776879
1604.34,0.77689
1604.83,0.776967
1605.33,0.777075
1605.83,0.77705
1606.32,0.776915
1606.82,0.776915
1607.32,0.776998
1607.82,0.777039
1608.32,0.777093
1608.82,0.777096
1609.32,0.777115
1609.81,0.777191
1610.31,0.777196
1610.82,0.777182
1611.32,0.777206
1611.82,0.777201
1612.32,0.777208
1612.82,0.777311
1613.32,0.777363
1613.82,0.777285
1614.33,0.777285
1614.83,0.777344
1615.33,0.777354
1615.84,0.777376
1616.34,0.777449
1616.84,0.77748
1617.35,0.777475
1617.85,0.777516
1618.36,0.777543
1618.86,0.777573
1619.37,0.777598
1619.87,0.77764
1620.38,0.777641
1620.89,0.777635
1621.39,0.777659
1621.9,0.777715
1622.41,0.777717
1622.92,0.777705
1623.42,0.777691
1623.93,0.777662
1624.44,0.777724
1624.95,0.777748
1625.46,0.777714
1625.97,0.777734
1626.48,0.777767
1626.99,0.777808
1627.5,0.777836
1628.01,0.777853
1628.52,0.777877
1629.04,0.777851
1629.55,0.777827
1630.06,0.777881
1630.57,0.777932
1631.09,0.777949
1631.6,0.777974
1632.11,0.778037
1632.63,0.778035
1633.14,0.777974
1633.65,0.77796
1634.17,0.778037
1634.68,0.778142
1635.2,0.778147
1635.72,0.778092
1636.23,0.778089
1636.75,0.778046
1637.27,0.778097
1637.78,0.778226
1638.3,0.778201
1638.82,0.778168
1639.34,0.778178
1639.86,0.778194
1640.37,0.778173
1640.89,0.778165
1641.41,0.778235
1641.93,0.778266
1642.45,0.778278
1642.97,0.778266
1643.49,0.778204
1644.01,0.778261
1644.54,0.778314
1645.06,0.778333
1645.58,0.778344
1646.1,0.778307
1646.63,0.778337
1647.15,0.77839
1647.67,0.77834
1648.2,0.778323
1648.72,0.778376
1649.24,0.778399
1649.77,0.778356
1650.29,0.778397
1650.82,0.778424
1651.35,0.778424
1651.87,0.778473
1652.4,0.778473
1652.92,0.778409
1653.45,0.778397
1653.98,0.778448
1654.51,0.778404
1655.04,0.778359
1655.56,0.778364
1656.09,0.778357
1656.62,0.778373
1657.15,0.778371
1657.68,0.778345
1658.21,0.778361
1658.74,0.778374
1659.27,0.778319
1659.8,0.778264
1660.33,0.778345
1660.87,0.778388
1661.4,0.778311
1661.93,0.778252
1662.46,0.778249
1663.0,0.778208
1663.53,0.778154
1664.07,0.778122
1664.6,0.778128
1665.13,0.778134
1665.67,0.778202
1666.2,0.778199
1666.74,0.77807
1667.28,0.77802
1667.81,0.777994
1668.35,0.777932
1668.89,0.777898
1669.42,0.77791
1669.96,0.777886
1670.5,0.777853
1671.04,0.777832
1671.58,0.77781
1672.12,0.777788
1672.65,0.777743
1673.19,0.777684
1673.73,0.777683
1674.28,0.777693
1674.82,0.777667
1675.36,0.777562
1675.9,0.777476
1676.44,0.777392
1676.98,0.777327
1677.53,0.777301
1678.07,0.777246
1678.61,0.77721
1679.16,0.777184
1679.7,0.777105
1680.24,0.77707
1680.79,0.77702
1681.33,0.776989
1681.88,0.776915
1682.42,0.776831
1682.97,0.776779
1683.52,0.776767
1684.06,0.776714
1684.61,0.776621
1685.16,0.776532
1685.71,0.776478
1686.25,0.776427
1686.8,0.77633
1687.35,0.776205
1687.9,0.77611
1688.45,0.776022
1689.0,0.77594
1689.55,0.775907
1690.1,0.775924
1690.65,0.775861
1691.2,0.775771
1691.76,0.775728
1692.31,0.77569
1692.86,0.77562
1693.41,0.775566
1693.97,0.775563
1694.52,0.775516
1695.08,0.77546
1695.63,0.775444
1696.18,0.775417
1696.74,0.77536
1697.29,0.775265
1697.85,0.775243
1698.41,0.775177
1698.96,0.775081
1699.52,0.77499
1700.08,0.774952
1700.64,0.774967
1701.19,0.774919
1701.75,0.774857
1702.31,0.774776
1702.87,0.77473
1703.43,0.774702
1703.99,0.774616
1704.55,0.77452
1705.11,0.774441
1705.67,0.774362
1706.23,0.774238
1706.79,0.774124
1707.36,0.774102
1707.92,0.7741
1708.48,0.774043
1709.04,0.773954
1709.61,0.773851
1710.17,0.773811
1710.74,0.773722
1711.3,0.773713
1711.86,0.773687
1712.43,0.773582
1713.0,0.773489
1713.56,0.773374
1714.13,0.773235
1714.7,0.773162
1715.26,0.773087
1715.83,0.772949
1716.4,0.772806
1716.97,0.772731
1717.54,0.772691
1718.11,0.772646
1718.67,0.772574
1719.24,0.77254
1719.81,0.772459
1720.39,0.772314
1720.96,0.772245
1721.53,0.772244
1722.1,0.772164
1722.67,0.772077
1723.24,0.772034
1723.82,0.771999
1724.39,0.771967
1724.96,0.771886
1725.54,0.771788
1726.11,0.771703
1726.69,0.771731
1727.26,0.771707
1727.84,0.771634
1728.41,0.771619
1728.99,0.771648
1729.57,0.771703
1730.14,0.771746
1730.72,0.771791
1731.3,0.771874
1731.88,0.771949
1732.46,0.771982
1733.04,0.772047
1733.62,0.772187
1734.2,0.772297
1734.78,0.77239
1735.36,0.772546
1735.94,0.77265
1736.52,0.772708
1737.1,0.772755
1737.68,0.772865
1738.27,0.772978
1738.85,0.772985
1739.43,0.773054
1740.02,0.77315
1740.6,0.77324
1741.18,0.77329
1741.77,0.773322
1742.35,0.773372
1742.94,0.773429
1743.53,0.773489
1744.11,0.773515
1744.7,0.773507
1745.29,0.773491
1745.87,0.773486
1746.46,0.773517
1747.05,0.7736
1747.64,0.773637
1748.23,0.77363
1748.82,0.773584
1749.41,0.773548
1750.0,0.773577
1750.59,0.773593
1751.18,0.773606
1751.77,0.773605
1752.37,0.773589
1752.96,0.773593
1753.55,0.773613
1754.14,0.773605
1754.74,0.773587
1755.33,0.773584
1755.93,0.773634
1756.52,0.77368
1757.12,0.77373
1757.71,0.773803
1758.31,0.773754
1758.9,0.773782
1759.5,0.773904
1760.1,0.773885
1760.7,0.773859
1761.29,0.773916
1761.89,0.773992
1762.49,0.774043
1763.09,0.774071
1763.69,0.77415
1764.29,0.774264
1764.89,0.774351
1765.49,0.774405
1766.09,0.774525
1766.7,0.774627
1767.3,0.774711
1767.9,0.774828
1768.5,0.774964
1769.11,0.775084
1769.71,0.775162
1770.32,0.775174
1770.92,0.775224
1771.53,0.775313
1772.13,0.775403
1772.74,0.77547
1773.34,0.775553
1773.95,0.775594
1774.56,0.775601
1775.16,0.775656
1775.77,0.775718
1776.38,0.775766
1776.99,0.775783
1777.6,0.77584
1778.21,0.775886
1778.82,0.775909
1779.43,0.77594
1780.04,0.775988
1780.65,0.776041
1781.26,0.776058
1781.88,0.776119
1782.49,0.776175
1783.1,0.776155
1783.71,0.776213
1784.33,0.776265
1784.94,0.776258
1785.56,0.776248
1786.17,0.776253
1786.79,0.776232
1787.4,0.776218
1788.02,0.776227
1788.64,0.776246
1789.25,0.776261
1789.87,0.776339
1790.49,0.77638
1791.11,0.776358
1791.73,0.776337
1792.35,0.776344
1792.97,0.776329
1793.59,0.77632
1794.21,0.77637
1794.83,0.776408
1795.45,0.776389
1796.07,0.776437
1796.69,0.776533
1797.32,0.77654
1797.94,0.776552
1798.56,0.776556
1799.19,0.776485
1799.81,0.776466
1800.44,0.776495
1801.06,0.776563
1801.69,0.776573
1802.32,0.776568
1802.94,0.776581
1803.57,0.776588
1804.2,0.776559
1804.83,0.776612
1805.45,0.776642
1806.08,0.776643
1806.71,0.776686
1807.34,0.776731
1807.97,0.776762
1808.6,0.776716
1809.23,0.776723
1809.87,0.776793
1810.5,0.776771
1811.13,0.776771
1811.76,0.776841
1812.4,0.776809
1813.03,0.776814
1813.66,0.776859
1814.3,0.776848
1814.93,0.776846
1815.57,0.776848
1816.21,0.776903
1816.84,0.776962
1817.48,0.776946
1818.12,0.776922
1818.75,0.776945
1819.39,0.776989
1820.03,0.77702
1820.67,0.776982
1821.31,0.776958
1821.95,0.777044
1822.59,0.777111
1823.23,0.777146
1823.87,0.777151
1824.51,0.777144
1825.16,0.777132
1825.8,0.777105
1826.44,0.777118
1827.09,0.777125
1827.73,0.777084
1828.37,0.777101
1829.02,0.777161
1829.66,0.777189
1830.31,0.777173
1830.96,0.777163
1831.6,0.777192
1832.25,0.77723
1832.9,0.777258
1833.55,0.777292
1834.2,0.777294
1834.84,0.77728
1835.49,0.777254
1836.14,0.777235
1836.79,0.777241
1837.45,0.777256
1838.1,0.777261
1838.75,0.77727
1839.4,0.777246
1840.05,0.777263
1840.71,0.777289
1841.36,0.777345
1842.02,0.777351
1842.67,0.777354
1843.32,0.777364
1843.98,0.777342
1844.64,0.777315
1845.29,0.777316
1845.95,0.777316
1846.61,0.777289
1847.27,0.777282
1847.92,0.777318
1848.58,0.777304
1849.24,0.777287
1849.9,0.777304
1850.56,0.777318
1851.22,0.777299
1851.88,0.777241
1852.55,0.77716
1853.21,0.777208
1853.87,0.777187
1854.53,0.777094
1855.2,0.77707
1855.86,0.777039
1856.53,0.777008
1857.19,0.776984
1857.86,0.776929
1858.52,0.776855
1859.19,0.776888
1859.86,0.776859
1860.52,0.776754
1861.19,0.776707
1861.86,0.776642
1862.53,0.776569
1863.2,0.776556
1863.87,0.77652
1864.54,0.776423
1865.21,0.776325
1865.88,0.776261
1866.55,0.776177
1867.22,0.776077
1867.9,0.775984
1868.57,0.775873
1869.24,0.775754
1869.92,0.775632
1870.59,0.775496
1871.27,0.77537
1871.94,0.775334
1872.62,0.775155
1873.29,0.77494
1873.97,0.774844
1874.65,0.774732
1875.33,0.774553
1876.01,0.774381
1876.68,0.774173
1877.36,0.773908
1878.04,0.773656
1878.72,0.773415
1879.41,0.773157
1880.09,0.772897
1880.77,0.772663
1881.45,0.772367
1882.14,0.771965
1882.82,0.7716
1883.5,0.77124
1884.19,0.770817
1884.87,0.770447
1885.56,0.770046
1886.24,0.769592
1886.93,0.769153
1887.62,0.76868
1888.3,0.768178
1888.99,0.767637
1889.68,0.76702
1890.37,0.766428
1891.06,0.765856
1891.75,0.765227
1892.44,0.764595
1893.13,0.763945
1893.82,0.763267
1894.51,0.762566
1895.21,0.76178
1895.9,0.761006
1896.59,0.760274
1897.29,0.759466
1897.98,0.75871
1898.68,0.757975
1899.37,0.757072
1900.07,0.756281
1900.77,0.755568
1901.46,0.754789
1902.16,0.753973
1902.86,0.753063
1903.56,0.752251
1904.26,0.751447
1904.96,0.750625
1905.66,0.74989
1906.36,0.749124
1907.06,0.748305
1907.76,0.747569
1908.46,0.746846
1909.16,0.746042
1909.87,0.745234
1910.57,0.744485
1911.28,0.743802
1911.98,0.74306
1912.69,0.742351
1913.39,0.741682
1914.1,0.741002
1914.8,0.740347
1915.51,0.739748
1916.22,0.739115
1916.93,0.738447
1917.64,0.737854
1918.35,0.737313
1919.06,0.736764
1919.77,0.736224
1920.48,0.735706
1921.19,0.73524
1921.9,0.734875
1922.61,0.734459
1923.33,0.733982
1924.04,0.733595
1924.76,0.733326
1925.47,0.733018
1926.19,0.732636
1926.9,0.732315
1927.62,0.732043
1928.34,0.73175
1929.05,0.731444
1929.77,0.73121
1930.49,0.730995
1931.21,0.730788
1931.93,0.730546
1932.65,0.730329
1933.37,0.730152
1934.09,0.730014
1934.81,0.729878
1935.53,0.729746
1936.26,0.729558
1936.98,0.729391
1937.7,0.729334
1938.43,0.729327
1939.15,0.729271
1939.88,0.729226
1940.6,0.72919
1941.33,0.729188
1942.06,0.729186
1942.79,0.729202
1943.52,0.72925
1944.24,0.729314
1944.97,0.729438
1945.7,0.729512
1946.43,0.729518
1947.16,0.729558
1947.9,0.729677
1948.63,0.729832
1949.36,0.730002
1950.09,0.730146
1950.83,0.730215
1951.56,0.730351
1952.3,0.730537
1953.03,0.730756
1953.77,0.730945
1954.5,0.731131
1955.24,0.73136
1955.98,0.731585
1956.72,0.731793
1957.46,0.732007
1958.2,0.732165
1958.94,0.73234
1959.68,0.732526
1960.42,0.732703
1961.16,0.73286
1961.9,0.733001
1962.64,0.733094
1963.39,0.733204
1964.13,0.733282
1964.87,0.733352
1965.62,0.733514
1966.36,0.733609
1967.11,0.733662
1967.86,0.733753
1968.6,0.733812
1969.35,0.733858
1970.1,0.733968
1970.85,0.734056
1971.6,0.734108
1972.35,0.734212
1973.1,0.734299
1973.85,0.734333
1974.6,0.734496
1975.35,0.734677
1976.11,0.734779
1976.86,0.734872
1977.62,0.734961
1978.37,0.735097
1979.12,0.735212
1979.88,0.735307
1980.64,0.735405
1981.39,0.735536
1982.15,0.73567
1982.91,0.735806
1983.67,0.735938
1984.43,0.736107
1985.19,0.736324
1985.95,0.73646
1986.71,0.736558
1987.47,0.736711
1988.23,0.736868
1988.99,0.737033
1989.76,0.737194
1990.52,0.737392
1991.29,0.737619
1992.05,0.737816
1992.82,0.737983
1993.58,0.738136
1994.35,0.738323
1995.12,0.738516
1995.89,0.738686
1996.65,0.738896
1997.42,0.739132
1998.19,0.739299
1998.96,0.739438
1999.73,0.739638
2000.51,0.739846
2001.28,0.740073
2002.05,0.74025
2002.82,0.740429
2003.6,0.74051
2004.37,0.740569
2005.15,0.740741
2005.92,0.740911
2006.7,0.741008
2007.48,0.741159
2008.25,0.741279
2009.03,0.741319
2009.81,0.741415
2010.59,0.741538
2011.37,0.741646
2012.15,0.741754
2012.93,0.741804
2013.71,0.741913
2014.5,0.742026
2015.28,0.742104
2016.06,0.742214
2016.85,0.742336
2017.63,0.742446
2018.42,0.74248
2019.2,0.742463
2019.99,0.742518
2020.78,0.742618
2021.57,0.742742
2022.35,0.742852
2023.14,0.742847
2023.93,0.742887
2024.72,0.742931
2025.51,0.743016
2026.31,0.743119
2027.1,0.743171
2027.89,0.743214
2028.68,0.743277
2029.48,0.743318
2030.27,0.743337
2031.07,0.743442
2031.87,0.743516
2032.66,0.743544
2033.46,0.74358
2034.26,0.743652
2035.06,0.743688
2035.85,0.743719
2036.65,0.743823
2037.45,0.743919
2038.26,0.743998
2039.06,0.744036
2039.86,0.744039
2040.66,0.744079
2041.47,0.744136
2042.27,0.744194
2043.07,0.744189
2043.88,0.744177
2044.69,0.744208
2045.49,0.74426
2046.3,0.744303
2047.11,0.744315
2047.92,0.744344
2048.73,0.744334
2049.54,0.744311
2050.35,0.744313
2051.16,0.744366
2051.97,0.744447
2052.78,0.744485
2053.59,0.744423
2054.41,0.744442
2055.22,0.744501
2056.04,0.744544
2056.85,0.744609
2057.67,0.744686
2058.49,0.744766
2059.3,0.744791
2060.12,0.744893
2060.94,0.744991
2061.76,0.74501
2062.58,0.745089
2063.4,0.74521
2064.22,0.745339
2065.05,0.745481
2065.87,0.745574
2066.69,0.745667
2067.52,0.745784
2068.34,0.745857
2069.17,0.745949
2069.99,0.746032
2070.82,0.746182
2071.65,0.746295
2072.47,0.746333
2073.3,0.746393
2074.13,0.746474
2074.96,0.746545
2075.79,0.746621
2076.62,0.746664
2077.46,0.746729
2078.29,0.746779
2079.12,0.746799
2079.96,0.746879
2080.79,0.746923
2081.63,0.746949
2082.46,0.746989
2083.3,0.747018
2084.14,0.747061
2084.98,0.747085
2085.81,0.747087
2086.65,0.747133
2087.49,0.747181
2088.33,0.74718
2089.18,0.747214
2090.02,0.74728
2090.86,0.747312
2091.7,0.747326
2092.55,0.747352
2093.39,0.747388
2094.24,0.747405
2095.09,0.747503
2095.93,0.74762
2096.78,0.747598
2097.63,0.747567
2098.48,0.747613
2099.33,0.747632
2100.18,0.747632
2101.03,0.747637
2101.88,0.74767
2102.73,0.747734
2103.59,0.747797
2104.44,0.747782
2105.29,0.747773
2106.15,0.747816
2107.0,0.747837
2107.86,0.74783
2108.72,0.747902
2109.58,0.747897
2110.44,0.747806
2111.29,0.747791
2112.15,0.747851
2113.02,0.747882
2113.88,0.747844
2114.74,0.747818
2115.6,0.74782
2116.47,0.747779
2117.33,0.747708
2118.2,0.747687
2119.06,0.747672
2119.93,0.74766
2120.79,0.747665
2121.66,0.74767
2122.53,0.747684
2123.4,0.747651
2124.27,0.747531
2125.14,0.747479
2126.01,0.74752
2126.88,0.747527
2127.76,0.747479
2128.63,0.747402
2129.51,0.74734
2130.38,0.747276
2131.26,0.747224
2132.13,0.747192
2133.01,0.747132
2133.89,0.74702
2134.77,0.746929
2135.64,0.74693
2136.52,0.746818
2137.41,0.746755
2138.29,0.746777
2139.17,0.746729
2140.05,0.746591
2140.94,0.746507
2141.82,0.746471
2142.71,0.746443
2143.59,0.746412
2144.48,0.746392
2145.37,0.746309
2146.25,0.746249
2147.14,0.746264
2148.03,0.746282
2148.92,0.746239
2149.81,0.74617
2150.71,0.746094
2151.6,0.746006
2152.49,0.745949
2153.38,0.745913
2154.28,0.7459
2155.17,0.745836
2156.07,0.745753
2156.97,0.745674
2157.87,0.745617
2158.76,0.74559
2159.66,0.745564
2160.56,0.7455
2161.46,0.745442
2162.37,0.74539
2163.27,0.745315
2164.17,0.745258
2165.07,0.74527
2165.98,0.745259
2166.88,0.74523
2167.79,0.745228
2168.7,0.74517
2169.6,0.745124
2170.51,0.745134
2171.42,0.745106
2172.33,0.745093
2173.24,0.745096
2174.15,0.744991
2175.07,0.744976
2175.98,0.745032
2176.89,0.745046
2177.81,0.74507
2178.72,0.745022
2179.64,0.744969
2180.55,0.74495
2181.47,0.744852
2182.39,0.744798
2183.31,0.74479
2184.23,0.744759
2185.15,0.744728
2186.07,0.744685
2186.99,0.744588
2187.92,0.74448
2188.84,0.744409
2189.76,0.74439
2190.69,0.74436
2191.61,0.744306
2192.54,0.744289
2193.47,0.74428
2194.4,0.744182
2195.33,0.744069
2196.26,0.744007
2197.19,0.743943
2198.12,0.743835
2199.05,0.74374
2199.98,0.743673
2200.92,0.743532
2201.85,0.743423
2202.79,0.743331
2203.72,0.743265
2204.66,0.743201
2205.6,0.743109
2206.54,0.743038
2207.48,0.742945
2208.42,0.742801
2209.36,0.742697
2210.3,0.742623
2211.24,0.742534
2212.19,0.742468
2213.13,0.742422
2214.08,0.742346
2215.02,0.742214
2215.97,0.742097
2216.92,0.741997
2217.86,0.741916
2218.81,0.741866
2219.76,0.741785
2220.71,0.74166
2221.67,0.741505
2222.62,0.741365
2223.57,0.741231
2224.53,0.741078
2225.48,0.740892
2226.44,0.740672
2227.39,0.740445
2228.35,0.740149
2229.31,0.739862
2230.27,0.739677
2231.23,0.739473
2232.19,0.739201
2233.15,0.738845
2234.11,0.738478
2235.07,0.738155
2236.04,0.737814
2237.0,0.73742
2237.97,0.736945
2238.93,0.73651
2239.9,0.736069
2240.87,0.735501
2241.84,0.734935
2242.81,0.73446
2243.78,0.733891
2244.75,0.733256
2245.72,0.732645
2246.7,0.731933
2247.67,0.731253
2248.64,0.730594
2249.62,0.729868
2250.6,0.72909
2251.57,0.728293
2252.55,0.727512
2253.53,0.726753
2254.51,0.725946
2255.49,0.7251
2256.47,0.724255
2257.46,0.72341
2258.44,0.722599
2259.42,0.721772
2260.41,0.720918
2261.39,0.720125
2262.38,0.719334
2263.37,0.718489
2264.36,0.717628
2265.35,0.716795
2266.34,0.716013
2267.33,0.7152
2268.32,0.714428
2269.31,0.713604
2270.31,0.712819
2271.3,0.712027
2272.3,0.711226
2273.29,0.710431
2274.29,0.70966
2275.29,0.708904
2276.29,0.708078
2277.29,0.707249
2278.29,0.706425
2279.29,0.705528
2280.29,0.704515
2281.29,0.703439
2282.3,0.702405
2283.3,0.701373
2284.31,0.700246
2285.32,0.699029
2286.32,0.69774
2287.33,0.696483
2288.34,0.695297
2289.35,0.694154
2290.36,0.693187
2291.38,0.692434
2292.39,0.691837
2293.4,0.69126
2294.42,0.69071
2295.43,0.690138
2296.45,0.689514
2297.47,0.688846
2298.49,0.68818
2299.51,0.687425
2300.53,0.686637
2301.55,0.685833
2302.57,0.684894
2303.59,0.683914
2304.62,0.682911
2305.64,0.681801
2306.67,0.680647
2307.69,0.679516
2308.72,0.678403
2309.75,0.677338
2310.78,0.676505
2311.81,0.675953
2312.84,0.675657
2313.87,0.675662
2314.91,0.676182
2315.94,0.677211
2316.98,0.678541
2318.01,0.68007
2319.05,0.681793
2320.09,0.683503
2321.12,0.684955
2322.16,0.686155
2323.2,0.687194
2324.25,0.68807
2325.29,0.688708
2326.33,0.689192
2327.38,0.689624
2328.42,0.689896
2329.47,0.690114
2330.51,0.690226
2331.56,0.690365
2332.61,0.69051
2333.66,0.690586
2334.71,0.690685
2335.76,0.69072
2336.82,0.690682
2337.87,0.690641
2338.93,0.690527
2339.98,0.690481
2341.04,0.690519
2342.09,0.690474
2343.15,0.690424
2344.21,0.690389
2345.27,0.690402
2346.33,0.690472
2347.4,0.690608
2348.46,0.690919
2349.52,0.691444
2350.59,0.691985
2351.66,0.692602
2352.72,0.693349
2353.79,0.694086
2354.86,0.694765
2355.93,0.69535
2357.0,0.695884
2358.07,0.696329
2359.15,0.696732
2360.22,0.697038
2361.29,0.697284
2362.37,0.697506
2363.45,0.697622
2364.53,0.697675
2365.6,0.69773
2366.68,0.697699
2367.76,0.697644
2368.85,0.697596
2369.93,0.697462
2371.01,0.697274
2372.1,0.69709
2373.18,0.696859
2374.27,0.6966
2375.36,0.696348
2376.45,0.696016
2377.54,0.695569
2378.63,0.695092
2379.72,0.694681
2380.81,0.694316
2381.91,0.693919
2383.0,0.693449
2384.1,0.693034
2385.19,0.692711
2386.29,0.69236
2387.39,0.692033
2388.49,0.69177
2389.59,0.691523
2390.69,0.691243
2391.79,0.69111
2392.9,0.691033
2394.0,0.690925
2395.11,0.690876
2396.22,0.690866
2397.32,0.690873
2398.43,0.690876
2399.54,0.690918
2400.65,0.690952
2401.77,0.690902
2402.88,0.690785
2403.99,0.690677
2405.11,0.690508
2406.22,0.690288
2407.34,0.690076
2408.46,0.689784
2409.58,0.689474
2410.7,0.689173
2411.82,0.688825
2412.94,0.688388
2414.07,0.687965
2415.19,0.687533
2416.32,0.687058
2417.44,0.68653
2418.57,0.685981
2419.7,0.685384
2420.83,0.684747
2421.96,0.684166
2423.09,0.683567
2424.23,0.682958
2425.36,0.682409
2426.49,0.6818
2427.63,0.681136
2428.77,0.680513
2429.91,0.679967
2431.05,0.679437
2432.19,0.678842
2433.33,0.678236
2434.47,0.677641
2435.61,0.677032
2436.76,0.676397
2437.9,0.675825
2439.05,0.675263
2440.2,0.674617
2441.35,0.67389
2442.5,0.673131
2443.65,0.672443
2444.8,0.671751
2445.95,0.671014
2447.11,0.670225
2448.26,0.669428
2449.42,0.668616
2450.58,0.66774
2451.74,0.666857
2452.9,0.666093
2454.06,0.665298
2455.22,0.66446
2456.38,0.663576
2457.55,0.662653
2458.71,0.66185
2459.88,0.661074
2461.05,0.660303
2462.21,0.659535
2463.38,0.658725
2464.55,0.658002
2465.73,0.657402
2466.9,0.656755
2468.07,0.65613
2469.25,0.655552
2470.43,0.654965
2471.6,0.654366
2472.78,0.653885
2473.96,0.65337
2475.14,0.652825
2476.32,0.652367
2477.51,0.651858
2478.69,0.651347
2479.88,0.650861
2481.06,0.650342
2482.25,0.649855
2483.44,0.649351
2484.63,0.648798
2485.82,0.648225
2487.01,0.647692
2488.21,0.647196
2489.4,0.646699
2490.6,0.646172
2491.79,0.645691
2492.99,0.645169
2494.19,0.644639
2495.39,0.644159
2496.59,0.643669
2497.79,0.643135
2499.0,0.642605
2500.2,0.642129
2501.41,0.641773
2502.62,0.641399
2503.83,0.640916
2505.03,0.640487
2506.25,0.640097
2507.46,0.639782
2508.67,0.639484
2509.89,0.639192
2511.1,0.638899
2512.32,0.638641
2513.53,0.638371
2514.75,0.638125
2515.97,0.637978
2517.19,0.637901
2518.42,0.637865
2519.64,0.637875
2520.87,0.63798
2522.09,0.63812
2523.32,0.638307
2524.55,0.63855
2525.78,0.638839
2527.01,0.63924
2528.24,0.639682
2529.47,0.640116
2530.71,0.640613
2531.94,0.641212
2533.18,0.641824
2534.42,0.642516
2535.66,0.643259
2536.9,0.643989
2538.14,0.644763
2539.38,0.645612
2540.63,0.646508
2541.87,0.647325
2543.12,0.648141
2544.37,0.649037
2545.62,0.649925
2546.87,0.65075
2548.12,0.651545
2549.37,0.652412
2550.63,0.65316
2551.88,0.653811
2553.14,0.654497
2554.39,0.65528
2555.65,0.65606
2556.91,0.656753
2558.17,0.657328
2559.44,0.657908
2560.7,0.658367
2561.97,0.658902
2563.23,0.65946
2564.5,0.659904
2565.77,0.660446
2567.04,0.661019
2568.31,0.66142
2569.58,0.661726
2570.86,0.662122
2572.13,0.662543
2573.41,0.662872
2574.69,0.663319
2575.97,0.663689
2577.25,0.664009
2578.53,0.66446
2579.81,0.664854
2581.1,0.66508
2582.38,0.665302
2583.67,0.665419
2584.96,0.665716
2586.24,0.666017
2587.54,0.666186
2588.83,0.666422
2590.12,0.666651
2591.41,0.666774
2592.71,0.666787
2594.01,0.666511
2595.31,0.666425
2596.6,0.666785
2597.91,0.667029
2599.21,0.667122
2600.51,0.667043
2601.82,0.666874
2603.12,0.666845
2604.43,0.66667
2605.74,0.66636
2607.05,0.666341
2608.36,0.666346
2609.67,0.666248
2610.99,0.666141
2612.3,0.666007
2613.62,0.665816
2614.94,0.665575
2616.26,0.665183
2617.58,0.664897
2618.9,0.66468
2620.22,0.664233
2621.55,0.663896
2622.87,0.663741
2624.2,0.663491
2625.53,0.66302
2626.86,0.662435
2628.19,0.662082
2629.52,0.661504
2630.86,0.660876
2632.19,0.660601
2633.53,0.660079
2634.87,0.659436
2636.21,0.658885
2637.55,0.658328
2638.89,0.657694
2640.23,0.656942
2641.58,0.656177
2642.93,0.655401
2644.27,0.654511
2645.62,0.653508
2646.97,0.652563
2648.32,0.651637
2649.68,0.650643
2651.03,0.649504
2652.39,0.648291
2653.75,0.647048
2655.1,0.645708
2656.46,0.644355
2657.83,0.64296
2659.19,0.641428
2660.55,0.639789
2661.92,0.637975
2663.29,0.636094
2664.66,0.633857
2666.03,0.631438
2667.4,0.629007
2668.77,0.626324
2670.14,0.622876
2671.52,0.619183
2672.9,0.61516
2674.27,0.610015
2675.65,0.603671
2677.04,0.596072
2678.42,0.587245
2679.8,0.576716
2681.19,0.56453
2682.58,0.550613
2683.96,0.535293
2685.35,0.51916
2686.75,0.502672
2688.14,0.4862
2689.53,0.470113
2690.93,0.454668
2692.33,0.439964
2693.72,0.425655
2695.12,0.411826
2696.53,0.39854
2697.93,0.385599
2699.33,0.372526
2700.74,0.358979
2702.15,0.345203
2703.56,0.332064
2704.97,0.320212
2706.38,0.310216
2707.79,0.301936
2709.21,0.294843
2710.62,0.288241
2712.04,0.282081
2713.46,0.276323
2714.88,0.269351
2716.3,0.259373
2717.72,0.249038
2719.15,0.246583
2720.58,0.253583
2722.0,0.263957
2723.43,0.273455
2724.86,0.280983
2726.3,0.286331
2727.73,0.289655
2729.17,0.291462
2730.6,0.292087
2732.04,0.291784
2733.48,0.290736
2734.93,0.289205
2736.37,0.287376
2737.81,0.285245
2739.26,0.2828
2740.71,0.280192
2742.16,0.277519
2743.61,0.274875
2745.06,0.272041
2746.51,0.269112
2747.97,0.266066
2749.43,0.262967
2750.89,0.259853
2752.34,0.256795
2753.81,0.253569
2755.27,0.250167
2756.73,0.246951
2758.2,0.24383
2759.67,0.240498
2761.14,0.237263
2762.61,0.234362
2764.08,0.231757
2765.56,0.229329
2767.03,0.226893
2768.51,0.224418
2769.99,0.221884
2771.47,0.21933
2772.95,0.217007
2774.43,0.214691
2775.92,0.212329
2777.41,0.209995
2778.89,0.207789
2780.38,0.20568
2781.88,0.203563
2783.37,0.201481
2784.86,0.199404
2786.36,0.197308
2787.86,0.195257
2789.36,0.193253
2790.86,0.191284
2792.36,0.189271
2793.87,0.187258
2795.37,0.185331
2796.88,0.183464
2798.39,0.181624
2799.9,0.179793
2801.41,0.177956
2802.93,0.17612
2804.44,0.174309
2805.96,0.172578
2807.48,0.17083
2809.0,0.169082
2810.52,0.167397
2812.05,0.165782
2813.57,0.164212
2815.1,0.162653
2816.63,0.161127
2818.16,0.159591
2819.69,0.15808
2821.23,0.156676
2822.76,0.155304
2824.3,0.153943
2825.84,0.152639
2827.38,0.15134
2828.92,0.150068
2830.47,0.14886
2832.01,0.14768
2833.56,0.146523
2835.11,0.145347
2836.66,0.144259
2838.21,0.14322
2839.77,0.142205
2841.32,0.141172
2842.88,0.140141
2844.44,0.139142
2846.0,0.138157
2847.56,0.137223
2849.13,0.136287
2850.7,0.135272
2852.26,0.134324
2853.83,0.133434
2855.4,0.132484
2856.98,0.131519
2858.55,0.130595
2860.13,0.129683
2861.71,0.128841
2863.29,0.128024
2864.87,0.127222
2866.45,0.126432
2868.04,0.125627
2869.63,0.124822
2871.22,0.124073
2872.81,0.123364
2874.4,0.122649
2875.99,0.121959
2877.59,0.12126
2879.19,0.120544
2880.79,0.119901
2882.39,0.119228
2883.99,0.1185
2885.6,0.117839
2887.2,0.117247
2888.81,0.116649
2890.42,0.115971
2892.03,0.115301
2893.65,0.114728
2895.26,0.114145
2896.88,0.113541
2898.5,0.11297
2900.12,0.112379
2901.74,0.111751
2903.37,0.111154
2904.99,0.110628
2906.62,0.110108
2908.25,0.109514
2909.89,0.108969
2911.52,0.108463
2913.15,0.107895
2914.79,0.107362
2916.43,0.106875
2918.07,0.106364
2919.72,0.105841
2921.36,0.105397
2923.01,0.104994
2924.66,0.104512
2926.31,0.104051
2927.96,0.10363
2929.61,0.103244
2931.27,0.102885
2932.93,0.102465
2934.59,0.10211
2936.25,0.101814
2937.91,0.101525
2939.58,0.101183
2941.24,0.10087
2942.91,0.100636
2944.58,0.10041
2946.26,0.100193
2947.93,0.099999
2949.61,0.099853
2951.29,0.0997
2952.97,0.099509
2954.65,0.099335
2956.34,0.099252
2958.02,0.099178
2959.71,0.099049
2961.4,0.09893
2963.09,0.098825
2964.79,0.09869
2966.48,0.09861
2968.18,0.098542
2969.88,0.098478
2971.58,0.09845
2973.29,0.098344
2974.99,0.098268
2976.7,0.098249
2978.41,0.098213
2980.12,0.098168
2981.84,0.098151
2983.55,0.098173
2985.27,0.098142
2986.99,0.098099
2988.71,0.098086
2990.43,0.098101
2992.16,0.098177
2993.89,0.098221
2995.62,0.098196
2997.35,0.098199
2999.08,0.098246
3000.82,0.098264
3002.55,0.098277
3004.3,0.098359
3006.04,0.098462
3007.78,0.098559
3009.53,0.098602
3011.27,0.098631
3013.02,0.098659
3014.78,0.098745
3016.53,0.098856
3018.28,0.098961
3020.04,0.099046
3021.8,0.099125
3023.56,0.099199
3025.33,0.099318
3027.09,0.099398
3028.86,0.099484
3030.63,0.099624
3032.4,0.09981
3034.18,0.099953
3035.96,0.100059
3037.73,0.100243
3039.51,0.100488
3041.3,0.100735
3043.08,0.100928
3044.87,0.101105
3046.66,0.10135
3048.45,0.101622
3050.24,0.101985
3052.04,0.102318
3053.84,0.102528
3055.63,0.102805
3057.44,0.103141
3059.24,0.103514
3061.05,0.103979
3062.85,0.104409
3064.66,0.104815
3066.48,0.105273
3068.29,0.10572
3070.11,0.106142
3071.93,0.106503
3073.75,0.106823
3075.57,0.107247
3077.4,0.10774
3079.22,0.108203
3081.05,0.108666
3082.88,0.109065
3084.72,0.109444
3086.55,0.109917
3088.39,0.110439
3090.23,0.110925
3092.08,0.111411
3093.92,0.111939
3095.77,0.112424
3097.62,0.112901
3099.47,0.11345
3101.32,0.114019
3103.18,0.114517
3105.04,0.115048
3106.9,0.115625
3108.76,0.116177
3110.62,0.116752
3112.49,0.117426
3114.36,0.118015
3116.23,0.118583
3118.11,0.11919
3119.98,0.119791
3121.86,0.120486
3123.74,0.121188
3125.62,0.121916
3127.51,0.122569
3129.4,0.123216
3131.29,0.12387
3133.18,0.124638
3135.07,0.12546
3136.97,0.126173
3138.87,0.126883
3140.77,0.127628
3142.67,0.128461
3144.58,0.129394
3146.49,0.130277
3148.4,0.131096
3150.31,0.131923
3152.23,0.132775
3154.14,0.133565
3156.06,0.134394
3157.98,0.135243
3159.91,0.136041
3161.84,0.136937
3163.76,0.137832
3165.7,0.138691
3167.63,0.139537
3169.57,0.140413
3171.5,0.141262
3173.45,0.14212
3175.39,0.143058
3177.33,0.144022
3179.28,0.144841
3181.23,0.145627
3183.19,0.146475
3185.14,0.14737
3187.1,0.1481
3189.06,0.148831
3191.02,0.149662
3192.99,0.150536
3194.95,0.151388
3196.92,0.152193
3198.9,0.152949
3200.87,0.153723
3202.85,0.154544
3204.83,0.155401
3206.81,0.156149
3208.79,0.156822
3210.78,0.157543
3212.77,0.158252
3214.76,0.158985
3216.76,0.159689
3218.75,0.160351
3220.75,0.161007
3222.75,0.161729
3224.76,0.162445
3226.76,0.163147
3228.77,0.163844
3230.78,0.164458
3232.8,0.165081
3234.81,0.165665
3236.83,0.166351
3238.86,0.167177
3240.88,0.167931
3242.91,0.168605
3244.94,0.169213
3246.97,0.16992
3249.0,0.170675
3251.04,0.171458
3253.08,0.172215
3255.12,0.172942
3257.17,0.173724
3259.21,0.174521
3261.26,0.175264
3263.32,0.176003
3265.37,0.176717
3267.43,0.177472
3269.49,0.178307
3271.55,0.179072
3273.62,0.17978
3275.68,0.180532
3277.75,0.181153
3279.83,0.181676
3281.9,0.182259
3283.98,0.182738
3286.06,0.18299
3288.15,0.183159
3290.23,0.183173
3292.32,0.183011
3294.41,0.182672
3296.51,0.182015
3298.61,0.181158
3300.71,0.18023
3302.81,0.179241
3304.91,0.178279
3307.02,0.177376
3309.13,0.176583
3311.24,0.175911
3313.36,0.175235
3315.48,0.174643
3317.6,0.174155
3319.72,0.173645
3321.85,0.173079
3323.98,0.172451
3326.11,0.171823
3328.25,0.171262
3330.38,0.170782
3332.52,0.170254
3334.67,0.169638
3336.81,0.16903
3338.96,0.16855
3341.11,0.168058
3343.27,0.167444
3345.42,0.166847
3347.58,0.166291
3349.75,0.165713
3351.91,0.165068
3354.08,0.164384
3356.25,0.163636
3358.42,0.162808
3360.6,0.161867
3362.78,0.16085
3364.96,0.159646
3367.15,0.158255
3369.34,0.156858
3371.53,0.155545
3373.72,0.154274
3375.92,0.153031
3378.11,0.151968
3380.32,0.151154
3382.52,0.150423
3384.73,0.149826
3386.94,0.149282
3389.15,0.148554
3391.37,0.147442
3393.59,0.145968
3395.81,0.144123
3398.04,0.14195
3400.27,0.139498
3402.5,0.136857
3404.73,0.13427
3406.97,0.131896
3409.21,0.129697
3411.45,0.127728
3413.7,0.126307
3415.95,0.125496
3418.2,0.125447
3420.45,0.126259
3422.71,0.127973
3424.97,0.130566
3427.23,0.133868
3429.5,0.137658
3431.77,0.141453
3434.04,0.144832
3436.32,0.147501
3438.6,0.149414
3440.88,0.150884
3443.16,0.152191
3445.45,0.153413
3447.74,0.154506
3450.04,0.155574
3452.33,0.156729
3454.63,0.157978
3456.94,0.159286
3459.24,0.160577
3461.55,0.161883
3463.86,0.163233
3466.18,0.164527
3468.5,0.165682
3470.82,0.166757
3473.14,0.16774
3475.47,0.168626
3477.8,0.169517
3480.14,0.170567
3482.47,0.171851
3484.81,0.173177
3487.16,0.174334
3489.5,0.175144
3491.85,0.175407
3494.21,0.175129
3496.56,0.174401
3498.92,0.173678
3501.29,0.173618
3503.65,0.174882
3506.02,0.178052
3508.39,0.18357
3510.77,0.191398
3513.15,0.200638
3515.53,0.210104
3517.91,0.219203
3520.3,0.227559
3522.69,0.234947
3525.09,0.241558
3527.49,0.247515
3529.89,0.252856
3532.29,0.257678
3534.7,0.262074
3537.11,0.266154
3539.52,0.269946
3541.94,0.273513
3544.36,0.276979
3546.79,0.280231
3549.21,0.283354
3551.65,0.286414
3554.08,0.289409
3556.52,0.292371
3558.96,0.295194
3561.4,0.297886
3563.85,0.300499
3566.3,0.302986
3568.76,0.30536
3571.21,0.307702
3573.67,0.310137
3576.14,0.312431
3578.61,0.314616
3581.08,0.316731
3583.55,0.318868
3586.03,0.320928
3588.51,0.322844
3591.0,0.324792
3593.49,0.326566
3595.98,0.328218
3598.48,0.330006
3600.97,0.331646
3603.48,0.333188
3605.98,0.334688
3608.49,0.336121
3611.0,0.337498
3613.52,0.338883
3616.04,0.3402
3618.56,0.341342
3621.09,0.342545
3623.62,0.343875
3626.15,0.345038
3628.69,0.346148
3631.23,0.347344
3633.78,0.34843
3636.33,0.3495
3638.88,0.350476
3641.43,0.351391
3643.99,0.352372
3646.55,0.353298
3649.12,0.354251
3651.69,0.355146
3654.26,0.355985
3656.84,0.356937
3659.42,0.357949
3662.01,0.358976
3664.59,0.359898
3667.19,0.360812
3669.78,0.361788
3672.38,0.362717
3674.98,0.363544
3677.59,0.364434
3680.2,0.365396
3682.81,0.366272
3685.43,0.367146
3688.05,0.367998
3690.68,0.368633
3693.31,0.369293
3695.94,0.370014
3698.57,0.370678
3701.23,0.371305
3703.87,0.37184
3706.52,0.372394
3709.17,0.372848
3711.82,0.373261
3714.48,0.37365
3717.15,0.37402
3719.81,0.374333
3722.48,0.374602
3725.16,0.374815
3727.83,0.374941
3730.52,0.375046
3733.2,0.375056
3735.89,0.374925
3738.59,0.374658
3741.28,0.374159
3743.98,0.373383
3746.69,0.372334
3749.4,0.370983
3752.11,0.36929
3754.83,0.367261
3757.55,0.364887
3760.27,0.36209
3763.0,0.358909
3765.74,0.355342
3768.47,0.351439
3771.21,0.347196
3773.96,0.342665
3776.71,0.337851
3779.46,0.33283
3782.22,0.327659
3784.98,0.322354
3787.74,0.316973
3790.51,0.311567
3793.28,0.306229
3796.06,0.301007
3798.84,0.295952
3801.63,0.291183
3804.41,0.286825
3807.21,0.282967
3810.01,0.279744
3812.81,0.277235
3815.61,0.27525
3818.42,0.273658
3821.24,0.272428
3824.05,0.271476
3826.88,0.270659
3829.7,0.269946
3832.53,0.269351
3835.37,0.268837
3838.21,0.268341
3841.05,0.26779
3843.9,0.267123
3846.75,0.266257
3849.6,0.265154
3852.46,0.263743
3855.33,0.262038
3858.2,0.260157
3861.07,0.258173
3863.95,0.256155
3866.83,0.254162
3869.71,0.252232
3872.6,0.250323
3875.5,0.248434
3878.4,0.246516
3881.3,0.244497
3884.21,0.242396
3887.12,0.240211
3890.04,0.237833
3892.96,0.235202
3895.88,0.232215
3898.81,0.228754
3901.74,0.224788
3904.68,0.22034
3907.62,0.215457
3910.57,0.210329
3913.52,0.205041
3916.48,0.199666
3919.44,0.194426
3922.4,0.189431
3925.37,0.184673
3928.35,0.180163
3931.32,0.17593
3934.31,0.172097
3937.29,0.168629
3940.29,0.165532
3943.28,0.162882
3946.28,0.160735
3949.29,0.159055
3952.3,0.15792
3955.31,0.157336
3958.33,0.157249
3961.36,0.157675
3964.39,0.158632
3967.42,0.160174
3970.46,0.162419
3973.5,0.165372
3976.55,0.168937
3979.6,0.172995
3982.65,0.177402
3985.72,0.182065
3988.78,0.186912
3991.85,0.191976
3994.93,0.19735
3998.01,0.203068
4001.09,0.209231
4004.18,0.215963
4007.28,0.223389
4010.38,0.231528
4013.48,0.240314
4016.59,0.249646
4019.7,0.259483
4022.82,0.2697
4025.94,0.280064
4029.07,0.290478
4032.21,0.300813
4035.34,0.310915
4038.48,0.320778
4041.63,0.330314
4044.78,0.339442
4047.94,0.348173
4051.1,0.356488
4054.27,0.364308
4057.44,0.371644
4060.62,0.378492
4063.8,0.384852
4066.99,0.390723
4070.18,0.396133
4073.38,0.40108
4076.58,0.405631
4079.79,0.409838
4083.0,0.4137
4086.22,0.417241
4089.44,0.420483
4092.67,0.423465
4095.9,0.426232
4099.14,0.428792
4102.38,0.43113
4105.63,0.433273
4108.89,0.435258
4112.14,0.437094
4115.41,0.438781
4118.68,0.440283
4121.95,0.441697
4125.23,0.443012
4128.52,0.444199
4131.8,0.445268
4135.1,0.446281
4138.4,0.447164
4141.7,0.447943
4145.01,0.44868
4148.33,0.449378
4151.65,0.450007
4154.98,0.450624
4158.31,0.45127
4161.65,0.451858
4164.99,0.452376
4168.34,0.452894
4171.69,0.453345
4175.05,0.453737
4178.42,0.454093
4181.78,0.454417
4185.16,0.454658
4188.54,0.454885
4191.93,0.455084
4195.32,0.455234
4198.72,0.455334
4202.12,0.455358
4205.53,0.455294
4208.94,0.455224
4212.36,0.455139
4215.78,0.455034
4219.21,0.454876
4222.65,0.454721
4226.09,0.454577
4229.54,0.454408
4232.99,0.454159
4236.45,0.453864
4239.91,0.453548
4243.38,0.453238
4246.86,0.45287
4250.34,0.452486
4253.82,0.452054
4257.32,0.451586
4260.81,0.451073
4264.32,0.4505
4267.83,0.449855
4271.34,0.449274
4274.87,0.448752
4278.39,0.448219
4281.93,0.447678
4285.46,0.447159
4289.01,0.446655
4292.56,0.446152
4296.12,0.445648
4299.68,0.445156
4303.25,0.44466
4306.82,0.44423
4310.4,0.443822
4313.99,0.443476
4317.58,0.443141
4321.18,0.442907
4324.78,0.442737
4328.39,0.442595
4332.01,0.442449
4335.63,0.442343
4339.26,0.442296
4342.89,0.442269
4346.53,0.442234
4350.18,0.442224
4353.83,0.442167
4357.49,0.442055
4361.15,0.441868
4364.82,0.441656
4368.5,0.441408
4372.18,0.441131
4375.87,0.440856
4379.57,0.440534
4383.27,0.440176
4386.98,0.439798
4390.69,0.439352
4394.42,0.438865
4398.14,0.43833
4401.88,0.437746
4405.62,0.437101
4409.36,0.436439
4413.12,0.43575
4416.87,0.435033
4420.64,0.434228
4424.41,0.433434
4428.19,0.432677
4431.98,0.431968
4435.77,0.431261
4439.56,0.43059
4443.37,0.429957
4447.18,0.429355
4451.0,0.428806
4454.82,0.428351
4458.65,0.427961
4462.49,0.427612
4466.33,0.427279
4470.18,0.426985
4474.04,0.426694
4477.9,0.42644
4481.77,0.426171
4485.65,0.425903
4489.53,0.425626
4493.42,0.425345
4497.32,0.425024
4501.22,0.424717
4505.13,0.424354
4509.05,0.423974
4512.98,0.42363
4516.91,0.423282
4520.84,0.422893
4524.79,0.422503
4528.74,0.422107
4532.7,0.421691
4536.67,0.421262
4540.64,0.420792
4544.62,0.420249
4548.6,0.419684
4552.6,0.419032
4556.6,0.418335
4560.61,0.417549
4564.62,0.416692
4568.64,0.415746
4572.67,0.41473
4576.71,0.413646
4580.75,0.412516
4584.8,0.411328
4588.86,0.410084
4592.92,0.408796
4596.99,0.407541
4601.07,0.406332
4605.16,0.405182
4609.25,0.404117
4613.35,0.403133
4617.46,0.40221
4621.58,0.401384
4625.7,0.400636
4629.83,0.400006
4633.97,0.399485
4638.11,0.399068
4642.26,0.398795
4646.42,0.398719
4650.59,0.398853
4654.76,0.399197
4658.95,0.399731
4663.14,0.400529
4667.33,0.401465
4671.54,0.402537
4675.75,0.403711
4679.97,0.405015
4684.2,0.406368
4688.43,0.407717
4692.68,0.409104
4696.93,0.410523
4701.18,0.411919
4705.45,0.413355
4709.72,0.414772
4714.01,0.4162
4718.29,0.417631
4722.59,0.419023
4726.9,0.420369
4731.21,0.421718
4735.53,0.423057
4739.86,0.424402
4744.2,0.425702
4748.54,0.426983
4752.89,0.428214
4757.25,0.429382
4761.62,0.430423
4766.0,0.431356
4770.38,0.432185
4774.78,0.432934
4779.18,0.433591
4783.58,0.434192
4788.0,0.434673
4792.43,0.43516
4796.86,0.435615
4801.3,0.436022
4805.75,0.436409
4810.21,0.43679
4814.68,0.43711
4819.15,0.437408
4823.63,0.437654
4828.12,0.437869
4832.62,0.438017
4837.13,0.438156
4841.65,0.43827
4846.17,0.438363
4850.71,0.438435
4855.25,0.438512
4859.8,0.438528
4864.36,0.438507
4868.92,0.438483
4873.5,0.438469
4878.08,0.438419
4882.68,0.43834
4887.28,0.438249
4891.89,0.438204
4896.51,0.438092
4901.14,0.43796
4905.77,0.437812
4910.42,0.437681
4915.08,0.437538
4919.74,0.437401
4924.41,0.437218
4929.09,0.437086
4933.78,0.436934
4938.48,0.436766
4943.19,0.436582
4947.91,0.436456
4952.63,0.436303
4957.37,0.436146
4962.11,0.435957
4966.86,0.435795
4971.62,0.435615
4976.39,0.435442
4981.17,0.435264
4985.96,0.435069
4990.76,0.434842
4995.57,0.434625
5000.39,0.434336
5005.21,0.434025
5010.05,0.433684
5014.9,0.433317
5019.75,0.432882
5024.61,0.432395
5029.49,0.431784
5034.37,0.431082
5039.26,0.430182
5044.17,0.429078
5049.08,0.427665
5054.0,0.425944
5058.93,0.423902
5063.87,0.421778
5068.82,0.419853
5073.78,0.418167
5078.75,0.416676
5083.73,0.415546
5088.72,0.414794
5093.72,0.414563
5098.72,0.41487
5103.74,0.415596
5108.77,0.416319
5113.81,0.41673
5118.85,0.416735
5123.91,0.416411
5128.98,0.415768
5134.06,0.41493
5139.15,0.413956
5144.25,0.412906
5149.35,0.411764
5154.47,0.410549
5159.6,0.409289
5164.74,0.40803
5169.89,0.406758
5175.05,0.405445
5180.22,0.404072
5185.4,0.402713
5190.59,0.401329
5195.79,0.399951
5201.0,0.398552
5206.23,0.397155
5211.46,0.395768
5216.7,0.394342
5221.95,0.392805
5227.22,0.391318
5232.49,0.389816
5237.78,0.388273
5243.07,0.386655
5248.38,0.385029
5253.7,0.383364
5259.03,0.38165
5264.37,0.379848
5269.71,0.378034
5275.07,0.376133
5280.45,0.374182
5285.83,0.372139
5291.22,0.370073
5296.63,0.367844
5302.04,0.365585
5307.47,0.36325
5312.91,0.360843
5318.36,0.358382
5323.82,0.355877
5329.29,0.353256
5334.77,0.35057
5340.27,0.347788
5345.77,0.344925
5351.29,0.341891
5356.82,0.338739
5362.36,0.335449
5367.91,0.332059
5373.47,0.328502
5379.04,0.324772
5384.63,0.320874
5390.23,0.316812
5395.84,0.312415
5401.46,0.307688
5407.09,0.302568
5412.73,0.296996
5418.39,0.290869
5424.06,0.283981
5429.74,0.276191
5435.43,0.267567
5441.13,0.257891
5446.84,0.247123
5452.57,0.235195
5458.31,0.222207
5464.06,0.208276
5469.83,0.193766
5475.6,0.179382
5481.39,0.165572
5487.19,0.152687
5493.01,0.140986
5498.83,0.130449
5504.67,0.12105
5510.52,0.112861
5516.38,0.105925
5522.25,0.100271
5528.14,0.095931
5534.04,0.092832
5539.95,0.090793
5545.88,0.089752
5551.81,0.089701
5557.77,0.090783
5563.73,0.093073
5569.7,0.096568
5575.69,0.101279
5581.7,0.107266
5587.71,0.114358
5593.74,0.122265
5599.78,0.130452
5605.83,0.138335
5611.9,0.145481
5617.98,0.151557
5624.07,0.156373
5630.18,0.15996
5636.3,0.162574
5642.43,0.164286
5648.58,0.165148
5654.74,0.165431
5660.91,0.165269
5667.1,0.164732
5673.3,0.163949
5679.51,0.162817
5685.74,0.161442
5691.98,0.159871
5698.23,0.158174
5704.5,0.156342
5710.79,0.154363
5717.08,0.152197
5723.39,0.149986
5729.72,0.14769
5736.05,0.145319
5742.41,0.142855
5748.77,0.14035
5755.15,0.137775
5761.55,0.135224
5767.96,0.132534
5774.38,0.129618
5780.82,0.126667
5787.27,0.123669
5793.74,0.120577
5800.22,0.117435
5806.71,0.114136
5813.22,0.110795
5819.75,0.107386
5826.28,0.103836
5832.84,0.100195
5839.41,0.096575
5845.99,0.092942
5852.59,0.089377
5859.2,0.085813
5865.83,0.082289
5872.47,0.078833
5879.13,0.075479
5885.8,0.072096
5892.49,0.068904
5899.19,0.065896
5905.91,0.063081
5912.65,0.060512
5919.4,0.05811
5926.16,0.055875
5932.94,0.05386
5939.74,0.051921
5946.55,0.050078
5953.38,0.048362
5960.22,0.046764
5967.08,0.045246
5973.95,0.043754
5980.84,0.04234
5987.75,0.041027
5994.67,0.039786
6001.61,0.03869
6008.56,0.037704
6015.53,0.036842
6022.52,0.036057
6029.52,0.035331
6036.54,0.034664
6043.58,0.03411
6050.63,0.033595
6057.7,0.03306
6064.78,0.032576
6071.88,0.032138
6079.0,0.031751
6086.14,0.031398
6093.29,0.031059
6100.46,0.030771
6107.64,0.030575
6114.84,0.030436
6122.06,0.030293
6129.3,0.030235
6136.55,0.03034
6143.82,0.030548
6151.11,0.030866
6158.42,0.031332
6165.74,0.031885
6173.08,0.032528
6180.44,0.033278
6187.81,0.034079
6195.21,0.034836
6202.62,0.035521
6210.04,0.036149
6217.49,0.036768
6224.95,0.037332
6232.44,0.037838
6239.94,0.038355
6247.45,0.038941
6254.99,0.039563
6262.54,0.040179
6270.12,0.040843
6277.71,0.041605
6285.32,0.042424
6292.94,0.043269
6300.59,0.044148
6308.26,0.045055
6315.94,0.045986
6323.64,0.046943
6331.36,0.047817
6339.1,0.048565
6346.86,0.049068
6354.64,0.049126
6362.44,0.04873
6370.25,0.047946
6378.09,0.046862
6385.94,0.0456
6393.82,0.044241
6401.71,0.042856
6409.62,0.041488
6417.56,0.040125
6425.51,0.038873
6433.48,0.037761
6441.47,0.036725
6449.48,0.035765
6457.51,0.034853
6465.57,0.034012
6473.64,0.033263
6481.73,0.032611
6489.84,0.032022
6497.97,0.031451
6506.13,0.030897
6514.3,0.030467
6522.49,0.030104
6530.71,0.029754
6538.95,0.029428
6547.2,0.029161
6555.48,0.028977
6563.78,0.028851
6572.1,0.028715
6580.44,0.028552
6588.8,0.0284
6597.18,0.028299
6605.58,0.028177
6614.01,0.028051
6622.46,0.027931
6630.92,0.027862
6639.41,0.027784
6647.92,0.027678
6656.46,0.027583
6665.01,0.027488
6673.59,0.027406
6682.19,0.027321
6690.81,0.027206
6699.46,0.027115
6708.12,0.027046
6716.81,0.02696
6725.52,0.026876
6734.26,0.026807
6743.02,0.02675
6751.8,0.026688
6760.6,0.026645
6769.43,0.026631
6778.28,0.026611
6787.15,0.026585
6796.04,0.026521
6804.96,0.02648
6813.9,0.026449
6822.87,0.026384
6831.86,0.026327
6840.87,0.026317
6849.91,0.02631
6858.97,0.026294
6868.05,0.026292
6877.16,0.02626
6886.29,0.02626
6895.45,0.026306
6904.63,0.026382
6913.84,0.026444
6923.07,0.026518
6932.32,0.026652
6941.6,0.026788
6950.91,0.026945
6960.24,0.027175
6969.6,0.027452
6978.98,0.027717
6988.38,0.027982
6997.81,0.028307
7007.27,0.028676
7016.75,0.02907
7026.26,0.029464
7035.79,0.029837
7045.35,0.030233
7054.94,0.030599
7064.55,0.030966
7074.18,0.031406
7083.85,0.031902
7093.54,0.032484
7103.25,0.033146
7113.0,0.033855
7122.77,0.034626
7132.57,0.035524
7142.39,0.036586
7152.24,0.03784
7162.12,0.039248
7172.03,0.040855
7181.96,0.04266
7191.92,0.044623
7201.91,0.0468
7211.92,0.049217
7221.97,0.05178
7232.04,0.054478
7242.15,0.057332
7252.27,0.060307
7262.43,0.063346
7272.62,0.066461
7282.83,0.06963
7293.07,0.07286
7303.34,0.076117
7313.64,0.079338
7323.97,0.082539
7334.33,0.085712
7344.72,0.088809
7355.14,0.091752
7365.59,0.094536
7376.06,0.097237
7386.57,0.099841
7397.11,0.10238
7407.67,0.104784
7418.27,0.107038
7428.9,0.109212
7439.56,0.111323
7450.24,0.113307
7460.96,0.115174
7471.71,0.116926
7482.5,0.118581
7493.31,0.120092
7504.15,0.121523
7515.03,0.122852
7525.94,0.124139
7536.88,0.125328
7547.85,0.126441
7558.85,0.12753
7569.89,0.128547
7580.95,0.12948
7592.05,0.130351
7603.18,0.13114
7614.35,0.131913
7625.54,0.132639
7636.77,0.133291
7648.04,0.133852
7659.33,0.13427
7670.67,0.134621
7682.03,0.134962
7693.42,0.135248
7704.86,0.135513
7716.32,0.135752
7727.82,0.135936
7739.35,0.136046
7750.92,0.136115
7762.52,0.136151
7774.16,0.13623
7785.83,0.136266
7797.54,0.136239
7809.28,0.136165
7821.06,0.136146
7832.88,0.136136
7844.73,0.136012
7856.62,0.135831
7868.54,0.13564
7880.5,0.13537
7892.49,0.135026
7904.52,0.134668
7916.59,0.134344
7928.69,0.134029
7940.84,0.133701
7953.01,0.133398
7965.23,0.133061
7977.48,0.132618
7989.78,0.132138
8002.11,0.131586
8014.47,0.130937
8026.88,0.130203
8039.32,0.129427
8051.81,0.128542
8064.33,0.127546
8076.89,0.126491
8089.49,0.125373
8102.13,0.124156
8114.81,0.122871
8127.53,0.121544
8140.29,0.120214
8153.09,0.118844
8165.93,0.117471
8178.81,0.116124
8191.73,0.114814
8204.69,0.113445
8217.69,0.112047
8230.73,0.110638
8243.82,0.109167
8256.95,0.10763
8270.12,0.106066
8283.32,0.104392
8296.58,0.102604
8309.87,0.10078
8323.21,0.098872
8336.59,0.096886
8350.02,0.094928
8363.48,0.092984
8376.99,0.09101
8390.55,0.089072
8404.15,0.087166
8417.79,0.085296
8431.48,0.083546
8445.21,0.081899
8458.98,0.080348
8472.81,0.078917
8486.68,0.077671
8500.59,0.076615
8514.55,0.075694
8528.55,0.074933
8542.6,0.074338
8556.7,0.073889
8570.84,0.073534
8585.03,0.073192
8599.27,0.072855
8613.55,0.072488
8627.88,0.072115
8642.26,0.071661
8656.69,0.071155
8671.16,0.070608
8685.69,0.070024
8700.26,0.069436
8714.88,0.068907
8729.55,0.068457
8744.27,0.068143
8759.04,0.067915
8773.86,0.067696
8788.73,0.067546
8803.66,0.067416
8818.63,0.067254
8833.65,0.066972
8848.72,0.066591
8863.85,0.066149
8879.03,0.065604
8894.26,0.064971
8909.54,0.064239
8924.88,0.063399
8940.27,0.062536
8955.71,0.061598
8971.2,0.06054
8986.75,0.059383
9002.35,0.058158
9018.0,0.056894
9033.71,0.05551
9049.48,0.053898
9065.3,0.052033
9081.18,0.050004
9097.1,0.047937
9113.09,0.045945
9129.14,0.044057
9145.24,0.042354
9161.39,0.040963
9177.61,0.039879
9193.88,0.039146
9210.21,0.038848
9226.6,0.038836
9243.04,0.03891
9259.55,0.03894
9276.11,0.03889
9292.73,0.038695
9309.42,0.038282
9326.17,0.037821
9342.97,0.037293
9359.83,0.036648
9376.76,0.035992
9393.75,0.035364
9410.79,0.034789
9427.91,0.034256
9445.08,0.033745
9462.31,0.033248
9479.61,0.032778
9496.97,0.032404
9514.4,0.032021
9531.88,0.031589
9549.44,0.031165
9567.05,0.030796
9584.74,0.030469
9602.49,0.030147
9620.3,0.029822
9638.18,0.029584
9656.13,0.029424
9674.15,0.029235
9692.23,0.029104
9710.38,0.029058
9728.6,0.029085
9746.89,0.029123
9765.24,0.029216
9783.67,0.02936
9802.16,0.029565
9820.72,0.029835
9839.36,0.030161
9858.06,0.030584
9876.84,0.03104
9895.69,0.03157
9914.61,0.032119
9933.6,0.032747
9952.67,0.033394
9971.81,0.034037
9991.03,0.03482
10010.31,0.035682
10029.68,0.03656
10049.11,0.037489
10068.63,0.038547
10088.22,0.039674
10107.88,0.040915
10127.63,0.042259
10147.45,0.043687
10167.34,0.045305
10187.32,0.047039
10207.37,0.048847
10227.5,0.050818
10247.71,0.05295
10268.0,0.055147
10288.38,0.057441
10308.83,0.059855
10329.37,0.062315
10349.98,0.06485
10370.69,0.067404
10391.47,0.069902
10412.34,0.072368
10433.29,0.074842
10454.32,0.077282
10475.44,0.079628
10496.65,0.081875
10517.94,0.083971
10539.32,0.085917
10560.79,0.087706
10582.34,0.089485
10603.98,0.091137
10625.71,0.09254
10647.53,0.093787
10669.44,0.094887
10691.44,0.095788
10713.53,0.09649
10735.71,0.097022
10757.99,0.097488
10780.35,0.09774
10802.81,0.097736
10825.36,0.097624
10848.0,0.097478
10870.75,0.09717
10893.58,0.096714
10916.52,0.096164
10939.55,0.095523
10962.68,0.094837
10985.91,0.094083
11009.23,0.093228
11032.66,0.092178
11056.18,0.090907
11079.8,0.089358
11103.53,0.087414
11127.36,0.084834
11151.29,0.080841
11175.32,0.074324
11199.46,0.065507
11223.7,0.055701
11248.05,0.045855
11272.5,0.036885
11297.06,0.03019
11321.72,0.02633
11346.49,0.024565
11371.38,0.024038
11396.37,0.024093
11421.47,0.024534
11446.68,0.025797
11472.01,0.030033
11497.45,0.042261
11523.0,0.061582
11548.66,0.078734
11574.44,0.090513
11600.33,0.098364
11626.34,0.103599
11652.47,0.106409
11678.72,0.104545
11705.08,0.095239
11731.57,0.085746
11758.17,0.08237
11784.89,0.085832
11811.74,0.09828
11838.7,0.110425
11865.79,0.115652
11893.0,0.117325
11920.34,0.118251
11947.81,0.118889
11975.4,0.119273
12003.12,0.119452
12030.97,0.119563
12058.96,0.119565
12087.07,0.119386
12115.31,0.119082
12143.68,0.118622
12172.19,0.118017
12200.83,0.117328
12229.6,0.116473
12258.52,0.115539
12287.57,0.114589
12316.76,0.11362
12346.08,0.112569
12375.55,0.111373
12405.15,0.110156
12434.9,0.108962
12464.78,0.10773
12494.82,0.106484
12525.0,0.10533
12555.33,0.104216
12585.8,0.103201
12616.42,0.102201
12647.2,0.101136
12678.13,0.100045
12709.2,0.099034
12740.43,0.098044
12771.81,0.097075
12803.34,0.096157
12835.03,0.09525
12866.88,0.094383
12898.9,0.093567
12931.06,0.092622
12963.39,0.091552
12995.88,0.090511
13028.53,0.089527
13061.35,0.08853
13094.33,0.087379
13127.49,0.086199
13160.81,0.084931
13194.3,0.083494
13227.96,0.081937
13261.79,0.080288
13295.79,0.078451
13329.97,0.076238
13364.32,0.073713
13398.85,0.070835
13433.56,0.067493
13468.46,0.0633
13503.53,0.058217
13538.79,0.052303
13574.23,0.045764
13609.86,0.039225
13645.68,0.033435
13681.69,0.029243
13717.88,0.027067
13754.27,0.026485
13790.85,0.026743
13827.63,0.027475
13864.6,0.028552
13901.77,0.029933
13939.15,0.031503
13976.72,0.03306
14014.49,0.034714
14052.47,0.036821
14090.66,0.039532
14129.04,0.04245
14167.64,0.045029
14206.46,0.047039
14245.49,0.048361
14284.73,0.049126
14324.2,0.049291
14363.88,0.049018
14403.78,0.048448
14443.9,0.047657
14484.25,0.046774
14524.82,0.045843
14565.62,0.044842
14606.65,0.043856
14647.92,0.042794
14689.42,0.04162
14731.15,0.040523
14773.12,0.039637
14815.33,0.03874
14857.78,0.037885
14900.48,0.037219
14943.42,0.036634
14986.59,0.03597
15030.03,0.035343
15073.72,0.034956
15117.67,0.034746
15161.87,0.034755
15206.34,0.034975
15251.06,0.035371
15296.06,0.035681
15341.31,0.035792
15386.84,0.036002
15432.63,0.036259
15478.7,0.036474
15525.04,0.036484
15571.67,0.036273
15618.58,0.036188
15665.76,0.036001
15713.24,0.03576
15761.0,0.035469
15809.05,0.035171
15857.4,0.035121
15906.04,0.035047
15954.96,0.034679
16004.21,0.034437
16053.76,0.034177
16103.62,0.033743
16153.78,0.033297
16204.26,0.032788
16255.06,0.032375
16306.19,0.032053
16357.63,0.031842
16409.39,0.031341
16461.49,0.030825
16513.91,0.03042
16566.67,0.02998
16619.77,0.029822
16673.22,0.029892
16727.01,0.030061
16781.14,0.030281
16835.63,0.030338
16890.46,0.030278
16945.66,0.030176
17001.22,0.029987
17057.16,0.029818
17113.45,0.029329
17170.12,0.028719
17227.16,0.028252
17284.59,0.027788
17342.4,0.027146
17400.6,0.026509
17459.16,0.025904
17518.15,0.025353
17577.53,0.024764
17637.32,0.024221
17697.52,0.023809
17758.13,0.023491
17819.15,0.023095
17880.61,0.02251
17942.48,0.02213
18004.78,0.021891
18067.52,0.021619
18130.69,0.02124
18194.31,0.0209
18258.37,0.020618
18322.9,0.020261
18387.88,0.019652
18453.31,0.018962
18519.22,0.018726
18585.6,0.018286
18652.45,0.017639
18719.79,0.017161
18787.61,0.016894
18855.93,0.016524
18924.75,0.016163
18994.07,0.015861
19063.9,0.015603
19134.25,0.015282
19205.12,0.01464
19276.51,0.014325
19348.44,0.014046
19420.9,0.013473
19493.92,0.013062
19567.48,0.013084
19641.6,0.013091
19716.28,0.012845
19791.54,0.01247
19867.37,0.012301
19943.78,0.012133
20020.78,0.011472
20098.38,0.011281
20176.59,0.011541
20255.4,0.011771
20334.83,0.011649
20414.89,0.011508
20495.58,0.011529
20576.92,0.011417
20658.9,0.011365
20741.53,0.011336
20824.83,0.011572
20908.8,0.012102
20993.45,0.012153
21078.79,0.011914
21164.83,0.011997
21251.57,0.012103
21339.03,0.012377
21427.2,0.012926
21516.11,0.013313
21605.76,0.0137
21696.16,0.013864
21787.32,0.013561
21879.25,0.013229
21971.96,0.013397
22065.46,0.013298
22159.76,0.013339
22254.86,0.014122
22350.79,0.015027
22447.54,0.014843
22545.14,0.014888
22643.59,0.015598
22742.91,0.015853
22843.1,0.015729
22944.17,0.016285
23046.15,0.016798
23149.03,0.017665
23252.84,0.018153
23357.58,0.016982
23463.27,0.016739
23569.9,0.017458
23677.52,0.018272
23786.13,0.019375
23895.75,0.019876
24006.38,0.020449
24118.03,0.022402
24230.73,0.022767
24344.52,0.02219
24459.36,0.022397
24575.28,0.023505
24692.3,0.025649
24810.45,0.027199
24929.73,0.028949
25050.16,0.027913
