Composition,
Date Added,2019-09-06
Formula,
Grain Size Description,<25.0um
Grain Size,"(0.0, 25.0)"
Locality,"Bauchi, Nigeria "
Minimum Wavelength,300
Sample Name,Bununu
Maximum Wavelength,49859
Database of Origin,RELAB
Other Information,Basaltic HED Howardite
References,
Resolution,4.0
Material class,Rock
Sample Description,USNM 1571.  
Sample ID,BKR1MP083A
Original Sample ID,MP-TXH-083-A
Viewing Geometry,unknown
Wavelength,Response
300.0,0.14573
305.0,0.148
310.0,0.15335
315.0,0.16023
320.0,0.16699
325.0,0.17577
330.0,0.18397
335.0,0.19494
340.0,0.206
345.0,0.2169
350.0,0.22942
355.0,0.24373
360.0,0.25661
365.0,0.27021
370.0,0.28269
375.0,0.29333
380.0,0.30381
385.0,0.31219
390.0,0.3193
395.0,0.32656
400.0,0.33373
405.0,0.34056
410.0,0.34129
415.0,0.34676
420.0,0.35109
425.0,0.35246
430.0,0.35517
435.0,0.35956
440.0,0.36381
445.0,0.36728
450.0,0.36939
455.0,0.37092
460.0,0.37551
465.0,0.37744
470.0,0.37908
475.0,0.38161
480.0,0.38424
485.0,0.38566
490.0,0.38785
495.0,0.39087
500.0,0.39324
505.0,0.39107
510.0,0.39481
515.0,0.39955
520.0,0.40309
525.0,0.4055
530.0,0.40679
535.0,0.40943
540.0,0.41025
545.0,0.41032
550.0,0.41542
555.0,0.41429
560.0,0.41697
565.0,0.41801
570.0,0.41846
575.0,0.42057
580.0,0.42114
585.0,0.42183
590.0,0.4236
595.0,0.42428
600.0,0.42544
605.0,0.42661
610.0,0.42715
615.0,0.42888
620.0,0.43077
625.0,0.43172
630.0,0.43371
635.0,0.43419
640.0,0.43698
645.0,0.43814
650.0,0.43808
655.0,0.43913
660.0,0.44006
665.0,0.44262
670.0,0.44343
675.0,0.44431
680.0,0.44626
685.0,0.44369
690.0,0.44227
695.0,0.44365
700.0,0.44531
705.0,0.44577
710.0,0.44551
715.0,0.44716
720.0,0.44598
725.0,0.44629
730.0,0.4467
735.0,0.4445
740.0,0.44678
745.0,0.44622
750.0,0.44356
755.0,0.44318
760.0,0.44108
765.0,0.43903
770.0,0.43458
775.0,0.43196
780.0,0.42592
785.0,0.42223
790.0,0.41605
795.0,0.41101
800.0,0.40468
805.0,0.3969
810.0,0.38963
815.0,0.38217
820.0,0.37424
825.0,0.36628
830.0,0.35739
835.0,0.34914
840.0,0.34109
845.0,0.33246
850.0,0.32436
855.0,0.3174
860.0,0.30969
865.0,0.30293
870.0,0.2949
875.0,0.28861
880.0,0.28217
885.0,0.27755
890.0,0.27219
895.0,0.26824
900.0,0.26446
905.0,0.26113
910.0,0.25801
915.0,0.25607
920.0,0.25467
925.0,0.25298
930.0,0.25335
935.0,0.25343
940.0,0.25428
945.0,0.25618
950.0,0.25894
955.0,0.26144
960.0,0.26527
965.0,0.26936
970.0,0.27412
975.0,0.27886
980.0,0.28524
985.0,0.29097
990.0,0.29695
995.0,0.30424
1000.0,0.31121
1005.0,0.31851
1010.0,0.32604
1015.0,0.33392
1020.0,0.34075
1025.0,0.34793
1030.0,0.35512
1035.0,0.36195
1040.0,0.36814
1045.0,0.37503
1050.0,0.38018
1055.0,0.38556
1060.0,0.38962
1065.0,0.39554
1070.0,0.39988
1075.0,0.40494
1080.0,0.40832
1085.0,0.41367
1090.0,0.41784
1095.0,0.42139
1100.0,0.42491
1105.0,0.42727
1110.0,0.43131
1115.0,0.43368
1120.0,0.4362
1125.0,0.43858
1130.0,0.43968
1135.0,0.44213
1140.0,0.44386
1145.0,0.44624
1150.0,0.4463
1155.0,0.4476
1160.0,0.44879
1165.0,0.44906
1170.0,0.45046
1175.0,0.4522
1180.0,0.45348
1185.0,0.45373
1190.0,0.4539
1195.0,0.45528
1200.0,0.4547
1205.0,0.45477
1210.0,0.45587
1215.0,0.45572
1220.0,0.45697
1225.0,0.45773
1230.0,0.45816
1235.0,0.45816
1240.0,0.45956
1245.0,0.45977
1250.0,0.46129
1255.0,0.46203
1260.0,0.46218
1265.0,0.46328
1270.0,0.46356
1275.0,0.46296
1280.0,0.46563
1285.0,0.46575
1290.0,0.46626
1295.0,0.46678
1300.0,0.46742
1305.0,0.46731
1310.0,0.46824
1315.0,0.46842
1320.0,0.46908
1325.0,0.47016
1330.0,0.47067
1335.0,0.47129
1340.0,0.47187
1345.0,0.47269
1350.0,0.47317
1355.0,0.47277
1360.0,0.47433
1365.0,0.47314
1370.0,0.47375
1375.0,0.4732
1380.0,0.47375
1385.0,0.47474
1390.0,0.47532
1395.0,0.47508
1400.0,0.47523
1405.0,0.47541
1410.0,0.47532
1415.0,0.47502
1420.0,0.47486
1425.0,0.47414
1430.0,0.47519
1435.0,0.47453
1440.0,0.47492
1445.0,0.47464
1450.0,0.47415
1455.0,0.47293
1460.0,0.47332
1465.0,0.47254
1470.0,0.47227
1475.0,0.47148
1480.0,0.46974
1485.0,0.47076
1490.0,0.46833
1495.0,0.46835
1500.0,0.46754
1505.0,0.46615
1510.0,0.46547
1515.0,0.46474
1520.0,0.46413
1525.0,0.46353
1530.0,0.46127
1535.0,0.46035
1540.0,0.45839
1545.0,0.45824
1550.0,0.45724
1555.0,0.45494
1560.0,0.45379
1565.0,0.45171
1570.0,0.45099
1575.0,0.45013
1580.0,0.44801
1585.0,0.44681
1590.0,0.44502
1595.0,0.443
1600.0,0.44171
1605.0,0.43946
1610.0,0.43762
1615.0,0.4353
1620.0,0.43418
1625.0,0.43226
1630.0,0.43011
1635.0,0.4282
1640.0,0.42643
1645.0,0.42542
1650.0,0.42288
1655.0,0.42119
1660.0,0.42013
1665.0,0.41841
1670.0,0.41576
1675.0,0.41335
1680.0,0.41253
1685.0,0.40944
1690.0,0.40803
1695.0,0.40652
1700.0,0.40521
1705.0,0.4032
1710.0,0.40137
1715.0,0.39967
1720.0,0.39753
1725.0,0.39566
1730.0,0.3938
1735.0,0.3918
1740.0,0.39023
1745.0,0.3881
1750.0,0.38656
1755.0,0.38473
1760.0,0.38313
1765.0,0.3818
1770.0,0.37989
1775.0,0.37821
1780.0,0.37694
1785.0,0.37536
1790.0,0.37376
1795.0,0.37247
1800.0,0.37152
1805.0,0.36981
1810.0,0.3685
1815.0,0.36758
1820.0,0.36672
1825.0,0.36437
1830.0,0.36406
1835.0,0.36357
1840.0,0.36168
1845.0,0.35908
1850.0,0.35872
1855.0,0.35774
1860.0,0.35598
1865.0,0.35606
1870.0,0.35467
1875.0,0.35397
1880.0,0.35324
1885.0,0.35147
1890.0,0.35185
1895.0,0.35187
1900.0,0.3511
1905.0,0.35037
1910.0,0.34854
1915.0,0.34909
1920.0,0.34936
1925.0,0.34689
1930.0,0.34771
1935.0,0.34791
1940.0,0.34763
1945.0,0.34716
1950.0,0.34698
1955.0,0.34762
1960.0,0.34745
1965.0,0.34769
1970.0,0.34749
1975.0,0.34729
1980.0,0.34836
1985.0,0.34842
1990.0,0.34867
1995.0,0.34874
2000.0,0.3493
2005.0,0.34961
2010.0,0.34995
2015.0,0.3501
2020.0,0.35064
2025.0,0.35114
2030.0,0.35168
2035.0,0.35185
2040.0,0.35308
2045.0,0.35361
2050.0,0.35469
2055.0,0.35552
2060.0,0.35679
2065.0,0.35711
2070.0,0.35794
2075.0,0.35918
2080.0,0.35988
2085.0,0.36126
2090.0,0.36275
2095.0,0.36338
2100.0,0.36389
2105.0,0.36519
2110.0,0.36602
2115.0,0.36742
2120.0,0.36865
2125.0,0.3697
2130.0,0.37099
2135.0,0.37255
2140.0,0.37398
2145.0,0.37506
2150.0,0.37647
2155.0,0.37806
2160.0,0.37927
2165.0,0.38112
2170.0,0.3822
2175.0,0.38395
2180.0,0.38525
2185.0,0.38647
2190.0,0.38783
2195.0,0.38901
2200.0,0.39086
2205.0,0.39275
2210.0,0.39376
2215.0,0.39502
2220.0,0.39646
2225.0,0.39779
2230.0,0.39943
2235.0,0.40065
2240.0,0.40156
2245.0,0.40289
2250.0,0.40411
2255.0,0.40566
2260.0,0.40741
2265.0,0.40833
2270.0,0.40931
2275.0,0.41032
2280.0,0.41238
2285.0,0.41339
2290.0,0.415
2295.0,0.41624
2300.0,0.41795
2305.0,0.41866
2310.0,0.42052
2315.0,0.42184
2320.0,0.42227
2325.0,0.4235
2330.0,0.42423
2335.0,0.42552
2340.0,0.42642
2345.0,0.42719
2350.0,0.42818
2355.0,0.42903
2360.0,0.4298
2365.0,0.43111
2370.0,0.43232
2375.0,0.43308
2380.0,0.43451
2385.0,0.43514
2390.0,0.43601
2395.0,0.43665
2400.0,0.43833
2405.0,0.43962
2410.0,0.44004
2415.0,0.44152
2420.0,0.44148
2425.0,0.44109
2430.0,0.4426
2435.0,0.44435
2440.0,0.44474
2445.0,0.44686
2450.0,0.44776
2455.0,0.44824
2460.0,0.44979
2465.0,0.45081
2470.0,0.45262
2475.0,0.45128
2480.0,0.45327
2485.0,0.45453
2490.0,0.45466
2495.0,0.4564
2500.0,0.45654
2500.21,0.45656
2501.42,0.456659
2502.62,0.456876
2503.83,0.457163
2505.04,0.457319
2506.25,0.457369
2507.46,0.457471
2508.68,0.457611
2509.89,0.457765
2511.11,0.457877
2512.32,0.458036
2513.54,0.458158
2514.76,0.458294
2515.98,0.458453
2517.2,0.458565
2518.42,0.458675
2519.65,0.458816
2520.87,0.459017
2522.1,0.459172
2523.33,0.459282
2524.55,0.459437
2525.78,0.459637
2527.01,0.459827
2528.25,0.459933
2529.48,0.459983
2530.71,0.460088
2531.95,0.46021
2533.19,0.460371
2534.43,0.460531
2535.66,0.460667
2536.91,0.460827
2538.15,0.460975
2539.39,0.461107
2540.63,0.46114
2541.88,0.46122
2543.13,0.461398
2544.37,0.46162
2545.62,0.461752
2546.87,0.461916
2548.12,0.462041
2549.38,0.462072
2550.63,0.462085
2551.89,0.462138
2553.14,0.462296
2554.4,0.462489
2555.66,0.462609
2556.92,0.462731
2558.18,0.462916
2559.44,0.463007
2560.71,0.462961
2561.97,0.463065
2563.24,0.463217
2564.51,0.463343
2565.78,0.463544
2567.05,0.46368
2568.32,0.463832
2569.59,0.463863
2570.86,0.463924
2572.14,0.464037
2573.42,0.464112
2574.69,0.464334
2575.97,0.464459
2577.25,0.464409
2578.54,0.464486
2579.82,0.46463
2581.1,0.464689
2582.39,0.464885
2583.67,0.464871
2584.96,0.465041
2586.25,0.46527
2587.54,0.465328
2588.83,0.46552
2590.13,0.465641
2591.42,0.465669
2592.72,0.465725
2594.01,0.465498
2595.31,0.465365
2596.61,0.465838
2597.91,0.466214
2599.21,0.466362
2600.52,0.466403
2601.82,0.466342
2603.13,0.466395
2604.44,0.466412
2605.75,0.466417
2607.06,0.466661
2608.37,0.466822
2609.68,0.466926
2610.99,0.46712
2612.31,0.467206
2613.63,0.467164
2614.94,0.467214
2616.26,0.467175
2617.58,0.467264
2618.91,0.467416
2620.23,0.467326
2621.55,0.467547
2622.88,0.467887
2624.21,0.467954
2625.54,0.467898
2626.87,0.467782
2628.2,0.46799
2629.53,0.467977
2630.86,0.467865
2632.2,0.468161
2633.54,0.468256
2634.87,0.4683
2636.21,0.468474
2637.55,0.468521
2638.9,0.468569
2640.24,0.468643
2641.59,0.468674
2642.93,0.468735
2644.28,0.468754
2645.63,0.468793
2646.98,0.468888
2648.33,0.468948
2649.68,0.468927
2651.04,0.468882
2652.4,0.468909
2653.75,0.469015
2655.11,0.469115
2656.47,0.469175
2657.83,0.469206
2659.2,0.469179
2660.56,0.469286
2661.93,0.469325
2663.29,0.46927
2664.66,0.469098
2666.03,0.468982
2667.4,0.468968
2668.78,0.469024
2670.15,0.468816
2671.53,0.468887
2672.9,0.469035
2674.28,0.468873
2675.66,0.468751
2677.04,0.468711
2678.43,0.468791
2679.81,0.468898
2681.2,0.469015
2682.58,0.468987
2683.97,0.468973
2685.36,0.46896
2686.75,0.468954
2688.15,0.468934
2689.54,0.46887
2690.94,0.468785
2692.33,0.468575
2693.73,0.468283
2695.13,0.46817
2696.53,0.468208
2697.94,0.468273
2699.34,0.468187
2700.75,0.467945
2702.15,0.467719
2703.56,0.46748
2704.97,0.467237
2706.38,0.46706
2707.8,0.46675
2709.21,0.466265
2710.63,0.465775
2712.05,0.465624
2713.46,0.465555
2714.89,0.465387
2716.31,0.46514
2717.73,0.464894
2719.16,0.464597
2720.58,0.464112
2722.01,0.46396
2723.44,0.463714
2724.87,0.463315
2726.3,0.463289
2727.74,0.463177
2729.17,0.463013
2730.61,0.462709
2732.05,0.462318
2733.49,0.461961
2734.93,0.461493
2736.38,0.461182
2737.82,0.460863
2739.27,0.460348
2740.71,0.45991
2742.16,0.459528
2743.61,0.459151
2745.07,0.458717
2746.52,0.45826
2747.98,0.457723
2749.43,0.45719
2750.89,0.456651
2752.35,0.456056
2753.81,0.455457
2755.28,0.454718
2756.74,0.454264
2758.21,0.453953
2759.68,0.453457
2761.15,0.452804
2762.62,0.452091
2764.09,0.451546
2765.56,0.451053
2767.04,0.450453
2768.52,0.449881
2770.0,0.449419
2771.48,0.448895
2772.96,0.44843
2774.44,0.447945
2775.93,0.447438
2777.41,0.446871
2778.9,0.446342
2780.39,0.445899
2781.88,0.445411
2783.38,0.444879
2784.87,0.444398
2786.37,0.443883
2787.87,0.44344
2789.37,0.443054
2790.87,0.442661
2792.37,0.442217
2793.87,0.441713
2795.38,0.441274
2796.89,0.440938
2798.4,0.440551
2799.91,0.440132
2801.42,0.439767
2802.94,0.439363
2804.45,0.438997
2805.97,0.438695
2807.49,0.438443
2809.01,0.438157
2810.53,0.437828
2812.06,0.437528
2813.58,0.43716
2815.11,0.436805
2816.64,0.436471
2818.17,0.436157
2819.7,0.435842
2821.24,0.435476
2822.77,0.435174
2824.31,0.434906
2825.85,0.434621
2827.39,0.434344
2828.93,0.434045
2830.48,0.433756
2832.02,0.43341
2833.57,0.4331
2835.12,0.432848
2836.67,0.432623
2838.22,0.432473
2839.78,0.432271
2841.33,0.432012
2842.89,0.431746
2844.45,0.431485
2846.01,0.4312
2847.57,0.430972
2849.14,0.430742
2850.7,0.430518
2852.27,0.430274
2853.84,0.430008
2855.41,0.42982
2856.99,0.429607
2858.56,0.429325
2860.14,0.429061
2861.72,0.42886
2863.3,0.428633
2864.88,0.42843
2866.46,0.42828
2868.05,0.428058
2869.63,0.42782
2871.22,0.427579
2872.81,0.427369
2874.41,0.427203
2876.0,0.426989
2877.6,0.426834
2879.2,0.426632
2880.79,0.426439
2882.4,0.426314
2884.0,0.42617
2885.6,0.425949
2887.21,0.425801
2888.82,0.425727
2890.43,0.425654
2892.04,0.425514
2893.65,0.425358
2895.27,0.425197
2896.89,0.425114
2898.51,0.424998
2900.13,0.424818
2901.75,0.424713
2903.38,0.424663
2905.0,0.424599
2906.63,0.424514
2908.26,0.424459
2909.89,0.424386
2911.53,0.424225
2913.16,0.424117
2914.8,0.423976
2916.44,0.423833
2918.08,0.423704
2919.72,0.423594
2921.37,0.423484
2923.02,0.423365
2924.66,0.423206
2926.31,0.423107
2927.97,0.422963
2929.62,0.422885
2931.28,0.422832
2932.93,0.4226
2934.59,0.422425
2936.26,0.422317
2937.92,0.422132
2939.59,0.421921
2941.25,0.421696
2942.92,0.42152
2944.59,0.421386
2946.27,0.421245
2947.94,0.42108
2949.62,0.42093
2951.3,0.420789
2952.98,0.420642
2954.66,0.420608
2956.34,0.420658
2958.03,0.420669
2959.72,0.420711
2961.41,0.420821
2963.1,0.420977
2964.8,0.421149
2966.49,0.421286
2968.19,0.421292
2969.89,0.421378
2971.59,0.421539
2973.3,0.421645
2975.0,0.421697
2976.71,0.42176
2978.42,0.421772
2980.13,0.42184
2981.85,0.421916
2983.56,0.421951
2985.28,0.422024
2987.0,0.42209
2988.72,0.42214
2990.44,0.422206
2992.17,0.422256
2993.9,0.422284
2995.63,0.42232
2997.36,0.422394
2999.09,0.422439
3000.83,0.422487
3002.56,0.422559
3004.3,0.422677
3006.05,0.422739
3007.79,0.422738
3009.53,0.422724
3011.28,0.422722
3013.03,0.4228
3014.78,0.42291
3016.54,0.422966
3018.29,0.422916
3020.05,0.422869
3021.81,0.422876
3023.57,0.422871
3025.34,0.422891
3027.1,0.422938
3028.87,0.422999
3030.64,0.423073
3032.41,0.423184
3034.19,0.423298
3035.96,0.423406
3037.74,0.423541
3039.52,0.423696
3041.31,0.42388
3043.09,0.424053
3044.88,0.424164
3046.67,0.424287
3048.46,0.424394
3050.25,0.424522
3052.05,0.424633
3053.84,0.424751
3055.64,0.424855
3057.45,0.424923
3059.25,0.425009
3061.06,0.425148
3062.86,0.425312
3064.67,0.425419
3066.49,0.425469
3068.3,0.425513
3070.12,0.425575
3071.94,0.425743
3073.76,0.425915
3075.58,0.42602
3077.41,0.426161
3079.23,0.426356
3081.06,0.426521
3082.89,0.426627
3084.73,0.426704
3086.56,0.426929
3088.4,0.427183
3090.24,0.427359
3092.08,0.427502
3093.93,0.427652
3095.78,0.427784
3097.63,0.427935
3099.48,0.428148
3101.33,0.428333
3103.19,0.428511
3105.05,0.428721
3106.91,0.428896
3108.77,0.429069
3110.63,0.4292
3112.5,0.429375
3114.37,0.429551
3116.24,0.429674
3118.12,0.429815
3119.99,0.430031
3121.87,0.430253
3123.75,0.430457
3125.63,0.430588
3127.52,0.430702
3129.41,0.430845
3131.3,0.431005
3133.19,0.431203
3135.08,0.431357
3136.98,0.431472
3138.88,0.431641
3140.78,0.431847
3142.68,0.432086
3144.59,0.432244
3146.5,0.43238
3148.41,0.432552
3150.32,0.432754
3152.23,0.4329
3154.15,0.433039
3156.07,0.433188
3157.99,0.433341
3159.92,0.433507
3161.84,0.433671
3163.77,0.433834
3165.71,0.434013
3167.64,0.434266
3169.58,0.434454
3171.51,0.434549
3173.46,0.434726
3175.4,0.434927
3177.34,0.435053
3179.29,0.435216
3181.24,0.435449
3183.2,0.435564
3185.15,0.43567
3187.11,0.435859
3189.07,0.436063
3191.03,0.436207
3193.0,0.436377
3194.96,0.436554
3196.93,0.436712
3198.91,0.436822
3200.88,0.436969
3202.86,0.437149
3204.84,0.437258
3206.82,0.437429
3208.8,0.437617
3210.79,0.437781
3212.78,0.437969
3214.77,0.438113
3216.76,0.438271
3218.76,0.438448
3220.76,0.438614
3222.76,0.438747
3224.77,0.438919
3226.77,0.439093
3228.78,0.439196
3230.79,0.439357
3232.81,0.439536
3234.83,0.439664
3236.84,0.439788
3238.87,0.439928
3240.89,0.440107
3242.92,0.44019
3244.95,0.440237
3246.98,0.440364
3249.01,0.440511
3251.05,0.440633
3253.09,0.440774
3255.13,0.440889
3257.18,0.441013
3259.22,0.441166
3261.27,0.441321
3263.33,0.441504
3265.38,0.441645
3267.44,0.441728
3269.5,0.441882
3271.56,0.442032
3273.63,0.442146
3275.69,0.442268
3277.76,0.442384
3279.84,0.442506
3281.91,0.442644
3283.99,0.442846
3286.07,0.443009
3288.16,0.443138
3290.24,0.443268
3292.33,0.443381
3294.42,0.443467
3296.52,0.443561
3298.62,0.443689
3300.72,0.4438
3302.82,0.443902
3304.92,0.443957
3307.03,0.444038
3309.14,0.444118
3311.25,0.444223
3313.37,0.444333
3315.49,0.444361
3317.61,0.444344
3319.73,0.444364
3321.86,0.444406
3323.99,0.444477
3326.12,0.44452
3328.26,0.44455
3330.39,0.444569
3332.53,0.444541
3334.68,0.444503
3336.82,0.444497
3338.97,0.444481
3341.12,0.444444
3343.28,0.444331
3345.43,0.444131
3347.59,0.443912
3349.76,0.443644
3351.92,0.443359
3354.09,0.443052
3356.26,0.44263
3358.44,0.44208
3360.61,0.441425
3362.79,0.440545
3364.97,0.439374
3367.16,0.438049
3369.35,0.436636
3371.54,0.435315
3373.73,0.434268
3375.93,0.433477
3378.13,0.432962
3380.33,0.432854
3382.53,0.433099
3384.74,0.433576
3386.95,0.434133
3389.17,0.434599
3391.38,0.434847
3393.6,0.43483
3395.82,0.434515
3398.05,0.433859
3400.28,0.432912
3402.51,0.431732
3404.74,0.430424
3406.98,0.429003
3409.22,0.427611
3411.46,0.426345
3413.71,0.425217
3415.96,0.424522
3418.21,0.424492
3420.46,0.425192
3422.72,0.426525
3424.98,0.428327
3427.25,0.430194
3429.51,0.431947
3431.78,0.433473
3434.05,0.434732
3436.33,0.435723
3438.61,0.436442
3440.89,0.437089
3443.18,0.437899
3445.46,0.438781
3447.75,0.439608
3450.05,0.440375
3452.35,0.44106
3454.65,0.441581
3456.95,0.442065
3459.25,0.44252
3461.56,0.442994
3463.88,0.443419
3466.19,0.443603
3468.51,0.443597
3470.83,0.44347
3473.16,0.443303
3475.48,0.443142
3477.81,0.442983
3480.15,0.44278
3482.49,0.442627
3484.83,0.442541
3487.17,0.442447
3489.52,0.442232
3491.87,0.441858
3494.22,0.441348
3496.58,0.440714
3498.94,0.440104
3501.3,0.439855
3503.66,0.44024
3506.03,0.441262
3508.4,0.44268
3510.78,0.444257
3513.16,0.44584
3515.54,0.447325
3517.93,0.448605
3520.31,0.449726
3522.71,0.450713
3525.1,0.45149
3527.5,0.452136
3529.9,0.452698
3532.3,0.45313
3534.71,0.453488
3537.12,0.453807
3539.54,0.454091
3541.95,0.454354
3544.37,0.454623
3546.8,0.454884
3549.23,0.45512
3551.66,0.455355
3554.09,0.455549
3556.53,0.455743
3558.97,0.45588
3561.42,0.456002
3563.86,0.456149
3566.31,0.45626
3568.77,0.456377
3571.23,0.456524
3573.69,0.456651
3576.15,0.456756
3578.62,0.456876
3581.09,0.456992
3583.57,0.457099
3586.04,0.457226
3588.53,0.45736
3591.01,0.457471
3593.5,0.457559
3595.99,0.457656
3598.49,0.4577
3600.99,0.457776
3603.49,0.457875
3605.99,0.45787
3608.5,0.457859
3611.02,0.457884
3613.53,0.457934
3616.05,0.45803
3618.58,0.458143
3621.1,0.458305
3623.63,0.458388
3626.17,0.458446
3628.71,0.458534
3631.25,0.458607
3633.79,0.458662
3636.34,0.458756
3638.89,0.458802
3641.45,0.458845
3644.01,0.458927
3646.57,0.458961
3649.13,0.459011
3651.7,0.459055
3654.28,0.459074
3656.85,0.45914
3659.44,0.459254
3662.02,0.459346
3664.61,0.459392
3667.2,0.45946
3669.8,0.459523
3672.39,0.459595
3675.0,0.459676
3677.6,0.459755
3680.21,0.459861
3682.83,0.459946
3685.44,0.460039
3688.06,0.460129
3690.69,0.460185
3693.32,0.460249
3695.95,0.460324
3698.59,0.460395
3701.23,0.460437
3703.87,0.460523
3706.52,0.460604
3709.17,0.460642
3711.82,0.46068
3714.48,0.460695
3717.15,0.460748
3719.81,0.460799
3722.48,0.460775
3725.16,0.460806
3727.84,0.460849
3730.52,0.460888
3733.2,0.460922
3735.89,0.460994
3738.59,0.461055
3741.28,0.461112
3743.98,0.461187
3746.69,0.461263
3749.4,0.46129
3752.11,0.461323
3754.83,0.461365
3757.55,0.461434
3760.28,0.46149
3763.0,0.461542
3765.74,0.4616
3768.47,0.461655
3771.21,0.461684
3773.96,0.461734
3776.71,0.461741
3779.46,0.461747
3782.22,0.461814
3784.98,0.461874
3787.74,0.461889
3790.51,0.461902
3793.28,0.461921
3796.06,0.461968
3798.84,0.46199
3801.63,0.46198
3804.42,0.461985
3807.21,0.462065
3810.01,0.462083
3812.81,0.462091
3815.61,0.462146
3818.42,0.462184
3821.24,0.462191
3824.05,0.462223
3826.88,0.462235
3829.7,0.462235
3832.53,0.462212
3835.37,0.462204
3838.21,0.462251
3841.05,0.462353
3843.9,0.462393
3846.75,0.462365
3849.6,0.462342
3852.46,0.462357
3855.33,0.462364
3858.2,0.462339
3861.07,0.462359
3863.95,0.462398
3866.83,0.462393
3869.71,0.462376
3872.6,0.462353
3875.5,0.462339
3878.4,0.462334
3881.3,0.462339
3884.21,0.462353
3887.12,0.46236
3890.04,0.462353
3892.96,0.462389
3895.88,0.462421
3898.81,0.462414
3901.74,0.462396
3904.68,0.462395
3907.62,0.462381
3910.57,0.462384
3913.52,0.462368
3916.48,0.46235
3919.44,0.462345
3922.4,0.462346
3925.37,0.462342
3928.35,0.462329
3931.32,0.462304
3934.31,0.462279
3937.29,0.462263
3940.29,0.462243
3943.28,0.462227
3946.28,0.462206
3949.29,0.46216
3952.3,0.462116
3955.31,0.462051
3958.33,0.46199
3961.36,0.461966
3964.38,0.461949
3967.42,0.461936
3970.46,0.461919
3973.5,0.461891
3976.55,0.46183
3979.6,0.461789
3982.65,0.461805
3985.72,0.46175
3988.78,0.461692
3991.85,0.461659
3994.93,0.461625
3998.01,0.461601
4001.09,0.461584
4004.18,0.461526
4007.28,0.46149
4010.38,0.461445
4013.48,0.461412
4016.59,0.461382
4019.7,0.461335
4022.82,0.461276
4025.94,0.461199
4029.07,0.461146
4032.2,0.461127
4035.34,0.461063
4038.48,0.461016
4041.63,0.460988
4044.78,0.460939
4047.94,0.460894
4051.1,0.460841
4054.27,0.460766
4057.44,0.4607
4060.62,0.460614
4063.8,0.460561
4066.99,0.460543
4070.18,0.460503
4073.38,0.460395
4076.58,0.460318
4079.79,0.460252
4083.0,0.460176
4086.22,0.460121
4089.44,0.460075
4092.67,0.460018
4095.9,0.459963
4099.14,0.459886
4102.38,0.459811
4105.63,0.459725
4108.89,0.459645
4112.14,0.45957
4115.41,0.459518
4118.68,0.459454
4121.95,0.459385
4125.23,0.459323
4128.51,0.459254
4131.8,0.459152
4135.1,0.459027
4138.4,0.458924
4141.7,0.458883
4145.01,0.458822
4148.33,0.458753
4151.65,0.45873
4154.98,0.458654
4158.31,0.458557
4161.65,0.458496
4164.99,0.458393
4168.34,0.458323
4171.69,0.458254
4175.05,0.458147
4178.42,0.458057
4181.79,0.457988
4185.16,0.457919
4188.54,0.457875
4191.93,0.4578
4195.32,0.457687
4198.72,0.457582
4202.12,0.457496
4205.53,0.457418
4208.94,0.45733
4212.36,0.457221
4215.78,0.457086
4219.21,0.456972
4222.65,0.456941
4226.09,0.456876
4229.54,0.456756
4232.99,0.456662
4236.45,0.456623
4239.91,0.456524
4243.38,0.456437
4246.86,0.456332
4250.34,0.456213
4253.82,0.456083
4257.32,0.455922
4260.81,0.455795
4264.32,0.455723
4267.83,0.455643
4271.34,0.455507
4274.87,0.45536
4278.39,0.455286
4281.93,0.455152
4285.46,0.455
4289.01,0.4549
4292.56,0.454757
4296.12,0.454582
4299.68,0.454446
4303.25,0.454319
4306.82,0.454194
4310.4,0.45405
4313.99,0.453925
4317.58,0.453811
4321.18,0.453706
4324.78,0.453568
4328.39,0.453391
4332.0,0.453231
4335.63,0.453131
4339.26,0.453003
4342.89,0.45289
4346.53,0.452817
4350.18,0.452698
4353.83,0.452555
4357.49,0.452458
4361.15,0.452341
4364.82,0.452249
4368.5,0.452119
4372.18,0.45199
4375.87,0.451896
4379.57,0.451798
4383.27,0.451671
4386.98,0.45158
4390.69,0.451441
4394.42,0.451302
4398.14,0.451233
4401.88,0.451183
4405.62,0.451116
4409.36,0.451008
4413.12,0.450912
4416.87,0.450835
4420.64,0.450768
4424.41,0.450731
4428.19,0.450643
4431.97,0.450572
4435.77,0.450532
4439.56,0.450455
4443.37,0.450396
4447.18,0.450336
4450.99,0.450245
4454.82,0.45015
4458.65,0.450045
4462.49,0.44994
4466.33,0.449827
4470.18,0.449712
4474.04,0.449619
4477.9,0.449518
4481.77,0.44943
4485.65,0.44933
4489.53,0.449175
4493.42,0.44904
4497.32,0.448912
4501.22,0.448743
4505.13,0.448619
4509.05,0.448502
4512.98,0.4483
4516.91,0.44807
4520.85,0.44784
4524.79,0.447582
4528.74,0.447294
4532.7,0.44701
4536.67,0.446716
4540.64,0.446387
4544.62,0.445966
4548.6,0.445586
4552.6,0.445253
4556.6,0.444899
4560.6,0.444484
4564.62,0.444051
4568.64,0.443597
4572.67,0.443127
4576.71,0.442619
4580.75,0.442124
4584.8,0.441614
4588.86,0.441105
4592.92,0.440559
4596.99,0.439908
4601.07,0.439265
4605.16,0.438628
4609.25,0.437905
4613.35,0.437186
4617.46,0.436454
4621.58,0.435681
4625.7,0.434884
4629.83,0.434064
4633.97,0.43325
4638.11,0.432457
4642.26,0.431587
4646.42,0.430712
4650.59,0.429829
4654.76,0.428945
4658.95,0.428087
4663.14,0.427203
4667.33,0.426273
4671.54,0.42537
4675.75,0.424458
4679.97,0.423552
4684.2,0.422635
4688.43,0.421736
4692.67,0.420818
4696.93,0.419899
4701.18,0.418975
4705.45,0.418057
4709.72,0.417116
4714.01,0.416183
4718.29,0.415226
4722.59,0.414269
4726.9,0.413366
4731.21,0.412452
4735.53,0.411515
4739.86,0.410565
4744.2,0.40962
4748.54,0.408707
4752.89,0.407776
4757.25,0.406834
4761.62,0.405895
4766.0,0.405004
4770.38,0.404128
4774.78,0.403251
4779.18,0.402328
4783.58,0.401383
4788.0,0.400433
4792.43,0.399509
4796.86,0.398547
4801.3,0.397522
4805.75,0.396486
4810.21,0.395426
4814.67,0.394326
4819.15,0.39321
4823.63,0.392119
4828.12,0.391081
4832.62,0.38998
4837.13,0.388893
4841.65,0.387876
4846.17,0.386893
4850.71,0.38589
4855.25,0.384978
4859.8,0.384086
4864.36,0.383208
4868.92,0.38237
4873.5,0.38156
4878.08,0.380746
4882.68,0.379966
4887.28,0.379185
4891.89,0.378384
4896.51,0.377575
4901.14,0.376769
4905.77,0.375954
4910.42,0.375101
4915.07,0.374252
4919.74,0.373404
4924.41,0.372546
4929.09,0.371698
4933.78,0.370839
4938.48,0.369964
4943.19,0.369083
4947.91,0.368196
4952.63,0.367266
4957.37,0.366369
4962.11,0.365505
4966.86,0.364599
4971.62,0.363688
4976.39,0.362834
4981.17,0.361978
4985.96,0.36112
4990.76,0.360305
4995.57,0.359528
5000.39,0.358755
5005.21,0.357998
5010.05,0.357232
5014.9,0.356464
5019.75,0.355681
5024.61,0.354883
5029.49,0.354082
5034.37,0.353267
5039.26,0.352406
5044.17,0.35152
5049.08,0.350565
5054.0,0.349596
5058.93,0.34861
5063.87,0.347612
5068.82,0.346609
5073.78,0.345551
5078.75,0.344497
5083.73,0.343501
5088.72,0.34246
5093.72,0.341419
5098.72,0.3404
5103.74,0.339358
5108.77,0.338334
5113.81,0.337331
5118.86,0.336309
5123.91,0.335242
5128.98,0.334163
5134.06,0.333096
5139.15,0.332018
5144.25,0.330974
5149.35,0.329997
5154.47,0.3291
5159.6,0.328274
5164.74,0.327564
5169.89,0.326934
5175.05,0.326451
5180.22,0.326102
5185.4,0.325847
5190.59,0.325671
5195.79,0.325587
5201.0,0.325554
5206.23,0.325556
5211.46,0.325513
5216.7,0.325515
5221.95,0.325551
5227.22,0.325576
5232.49,0.325576
5237.78,0.325542
5243.07,0.325521
5248.38,0.325527
5253.7,0.325588
5259.03,0.325714
5264.37,0.325864
5269.72,0.326096
5275.08,0.326396
5280.45,0.326718
5285.83,0.327124
5291.22,0.327698
5296.63,0.328346
5302.04,0.32903
5307.47,0.329805
5312.91,0.33063
5318.36,0.331479
5323.82,0.332307
5329.29,0.333093
5334.77,0.333885
5340.27,0.334636
5345.77,0.335304
5351.29,0.335915
5356.82,0.336516
5362.36,0.337085
5367.91,0.337545
5373.47,0.337912
5379.04,0.33828
5384.63,0.338561
5390.23,0.338727
5395.84,0.33881
5401.46,0.338887
5407.09,0.338982
5412.73,0.339068
5418.39,0.339111
5424.06,0.339253
5429.74,0.339563
5435.43,0.339912
5441.13,0.340266
5446.84,0.34066
5452.57,0.341123
5458.31,0.341608
5464.06,0.342069
5469.83,0.342602
5475.6,0.343131
5481.39,0.343629
5487.19,0.344138
5493.0,0.34461
5498.83,0.345005
5504.67,0.345324
5510.52,0.345604
5516.38,0.345775
5522.25,0.345792
5528.14,0.345703
5534.04,0.345512
5539.95,0.345186
5545.88,0.344621
5551.82,0.343857
5557.77,0.342967
5563.73,0.341971
5569.71,0.340804
5575.69,0.339492
5581.7,0.338206
5587.71,0.336987
5593.74,0.335758
5599.78,0.334588
5605.83,0.333505
5611.9,0.3325
5617.98,0.331579
5624.07,0.330786
5630.18,0.330065
5636.3,0.329371
5642.43,0.328764
5648.58,0.328382
5654.74,0.327996
5660.91,0.327676
5667.1,0.327369
5673.3,0.327071
5679.51,0.326858
5685.74,0.326679
5691.98,0.326416
5698.24,0.326161
5704.5,0.325768
5710.79,0.325308
5717.08,0.324923
5723.39,0.324463
5729.72,0.323881
5736.06,0.323246
5742.41,0.322529
5748.77,0.321788
5755.15,0.32107
5761.55,0.320184
5767.96,0.31927
5774.38,0.318651
5780.82,0.318006
5787.27,0.317319
5793.74,0.316585
5800.22,0.315857
5806.71,0.315153
5813.22,0.314372
5819.74,0.313461
5826.28,0.312738
5832.84,0.312102
5839.4,0.311314
5845.99,0.310417
5852.59,0.309437
5859.2,0.30831
5865.83,0.307066
5872.47,0.305733
5879.13,0.304078
5885.8,0.302424
5892.49,0.300635
5899.19,0.298607
5905.91,0.296624
5912.65,0.294303
5919.4,0.291764
5926.16,0.289107
5932.94,0.286351
5939.74,0.283747
5946.55,0.281581
5953.38,0.279436
5960.22,0.277369
5967.08,0.275417
5973.95,0.273752
5980.84,0.272303
5987.75,0.270974
5994.67,0.269877
6001.61,0.269005
6008.56,0.26814
6015.53,0.267359
6022.52,0.266656
6029.52,0.266024
6036.54,0.265373
6043.58,0.26452
6050.63,0.263606
6057.7,0.263014
6064.78,0.26229
6071.88,0.261313
6079.0,0.260275
6086.14,0.25925
6093.29,0.258025
6100.46,0.256696
6107.64,0.255202
6114.85,0.253585
6122.06,0.252037
6129.3,0.250436
6136.55,0.248703
6143.83,0.246958
6151.11,0.245256
6158.42,0.243642
6165.74,0.242166
6173.08,0.240837
6180.44,0.239506
6187.81,0.238377
6195.21,0.237549
6202.62,0.236812
6210.05,0.236172
6217.49,0.235732
6224.96,0.235452
6232.44,0.235321
6239.94,0.235347
6247.45,0.235507
6254.99,0.235759
6262.54,0.2361
6270.12,0.236519
6277.71,0.237081
6285.32,0.237746
6292.94,0.238585
6300.59,0.23969
6308.25,0.241006
6315.94,0.242492
6323.64,0.244046
6331.36,0.245686
6339.1,0.247257
6346.86,0.248902
6354.64,0.250721
6362.44,0.252395
6370.25,0.253967
6378.09,0.255566
6385.94,0.25705
6393.82,0.258341
6401.71,0.25939
6409.62,0.260128
6417.56,0.260919
6425.51,0.261787
6433.48,0.262385
6441.47,0.262913
6449.48,0.263351
6457.52,0.263678
6465.56,0.263913
6473.64,0.264028
6481.73,0.264022
6489.84,0.263899
6497.97,0.263831
6506.13,0.263784
6514.3,0.263484
6522.49,0.263019
6530.71,0.262589
6538.94,0.262082
6547.2,0.261515
6555.48,0.260981
6563.78,0.260506
6572.09,0.260031
6580.44,0.259784
6588.8,0.259637
6597.18,0.259563
6605.58,0.259634
6614.01,0.259756
6622.46,0.259879
6630.92,0.259933
6639.41,0.260103
6647.93,0.260534
6656.46,0.260909
6665.02,0.261153
6673.59,0.261247
6682.19,0.261276
6690.82,0.261387
6699.46,0.261437
6708.13,0.261366
6716.81,0.26133
6725.52,0.261232
6734.26,0.261081
6743.02,0.260845
6751.8,0.26051
6760.6,0.260081
6769.42,0.259562
6778.27,0.258884
6787.15,0.258003
6796.04,0.257042
6804.96,0.256155
6813.9,0.255275
6822.87,0.254477
6831.86,0.253777
6840.87,0.253079
6849.91,0.252359
6858.97,0.251583
6868.05,0.250869
6877.16,0.25034
6886.29,0.249733
6895.45,0.249062
6904.63,0.248332
6913.84,0.247664
6923.07,0.247023
6932.33,0.246317
6941.61,0.245584
6950.91,0.244816
6960.24,0.243972
6969.6,0.243241
6978.98,0.24252
6988.38,0.24172
6997.81,0.240911
7007.26,0.240088
7016.75,0.239222
7026.25,0.238352
7035.79,0.237455
7045.35,0.236491
7054.93,0.235571
7064.54,0.234648
7074.18,0.233752
7083.85,0.232752
7093.54,0.231383
7103.25,0.229339
7113.0,0.227384
7122.77,0.226552
7132.57,0.22668
7142.39,0.226439
7152.24,0.225151
7162.12,0.223337
7172.03,0.222065
7181.96,0.221346
7191.92,0.220329
7201.91,0.219003
7211.93,0.217119
7221.97,0.215153
7232.04,0.213591
7242.15,0.212471
7252.27,0.211405
7262.43,0.210029
7272.62,0.208436
7282.83,0.207261
7293.07,0.206286
7303.34,0.204938
7313.64,0.203182
7323.97,0.201641
7334.33,0.200542
7344.72,0.199545
7355.14,0.198294
7365.58,0.196864
7376.06,0.195318
7386.57,0.193715
7397.11,0.192155
7407.67,0.190659
7418.27,0.189129
7428.9,0.187591
7439.56,0.186026
7450.25,0.184453
7460.97,0.18283
7471.72,0.181229
7482.5,0.179619
7493.31,0.17803
7504.16,0.176391
7515.03,0.174772
7525.94,0.173088
7536.88,0.171338
7547.85,0.169538
7558.85,0.167765
7569.89,0.166007
7580.95,0.164301
7592.05,0.162606
7603.18,0.160929
7614.35,0.159281
7625.54,0.157647
7636.77,0.155947
7648.04,0.154235
7659.33,0.152437
7670.67,0.150604
7682.03,0.148685
7693.42,0.146698
7704.86,0.144702
7716.32,0.142652
7727.82,0.140505
7739.35,0.138339
7750.92,0.136083
7762.52,0.133825
7774.16,0.13152
7785.83,0.12926
7797.54,0.12695
7809.28,0.124618
7821.06,0.122262
7832.88,0.119891
7844.73,0.117478
7856.62,0.115102
7868.54,0.112647
7880.5,0.110149
7892.49,0.107573
7904.52,0.104978
7916.59,0.102333
7928.69,0.099647
7940.84,0.096937
7953.01,0.09429
7965.23,0.091608
7977.48,0.088911
7989.78,0.086271
8002.11,0.083724
8014.47,0.081117
8026.88,0.078629
8039.32,0.076207
8051.81,0.073886
8064.33,0.071645
8076.89,0.069496
8089.49,0.067427
8102.13,0.06549
8114.81,0.063587
8127.53,0.061781
8140.29,0.060068
8153.09,0.058436
8165.93,0.056891
8178.81,0.055448
8191.73,0.05407
8204.69,0.052838
8217.69,0.051683
8230.73,0.050583
8243.82,0.049523
8256.95,0.048608
8270.12,0.047684
8283.32,0.046803
8296.58,0.04592
8309.87,0.045086
8323.21,0.044299
8336.59,0.043567
8350.02,0.04274
8363.48,0.041998
8376.99,0.041277
8390.55,0.040688
8404.15,0.040252
8417.79,0.039909
8431.48,0.039618
8445.21,0.039402
8458.98,0.039194
8472.81,0.039039
8486.68,0.038864
8500.59,0.038763
8514.55,0.038763
8528.55,0.038828
8542.6,0.038962
8556.7,0.039275
8570.84,0.039699
8585.03,0.040169
8599.27,0.040649
8613.55,0.041296
8627.88,0.042156
8642.26,0.043207
8656.69,0.044416
8671.16,0.045765
8685.69,0.047262
8700.26,0.04895
8714.88,0.050666
8729.55,0.052395
8744.27,0.054021
8759.04,0.055509
8773.86,0.056782
8788.73,0.058122
8803.66,0.059633
8818.63,0.061394
8833.65,0.063241
8848.72,0.064975
8863.85,0.066449
8879.03,0.067709
8894.26,0.068684
8909.54,0.069528
8924.88,0.070288
8940.27,0.071204
8955.71,0.072292
8971.2,0.073545
8986.75,0.074719
9002.35,0.075768
9018.0,0.076683
9033.71,0.077375
9049.48,0.077807
9065.3,0.078103
9081.18,0.078203
9097.1,0.078103
9113.09,0.077863
9129.14,0.077621
9145.24,0.077279
9161.39,0.076966
9177.61,0.076621
9193.88,0.076253
9210.21,0.075948
9226.6,0.075644
9243.04,0.075286
9259.55,0.075009
9276.11,0.074802
9292.73,0.074664
9309.42,0.074495
9326.17,0.074332
9342.97,0.074127
9359.83,0.073868
9376.76,0.073555
9393.75,0.073304
9410.79,0.07303
9427.91,0.072805
9445.08,0.072601
9462.31,0.072389
9479.61,0.07214
9496.97,0.071911
9514.4,0.071614
9531.88,0.07122
9549.44,0.070675
9567.05,0.070074
9584.74,0.069329
9602.49,0.068462
9620.3,0.067553
9638.18,0.066629
9656.13,0.065715
9674.15,0.064897
9692.23,0.064197
9710.38,0.063507
9728.6,0.062737
9746.89,0.06197
9765.24,0.061123
9783.67,0.060369
9802.16,0.059743
9820.72,0.059201
9839.36,0.058734
9858.06,0.058424
9876.84,0.058197
9895.69,0.058037
9914.61,0.058009
9933.6,0.058142
9952.67,0.058328
9971.81,0.058593
9991.03,0.058906
10010.31,0.05935
10029.68,0.059807
10049.11,0.060419
10068.63,0.061147
10088.22,0.061929
10107.88,0.062699
10127.63,0.063346
10147.45,0.063789
10167.34,0.064232
10187.32,0.064762
10207.37,0.065349
10227.5,0.065837
10247.71,0.066269
10268.0,0.066524
10288.38,0.06657
10308.83,0.066427
10329.37,0.066125
10349.98,0.065861
10370.69,0.065875
10391.47,0.066171
10412.34,0.066707
10433.29,0.067219
10454.32,0.067521
10475.44,0.067637
10496.65,0.067529
10517.94,0.067232
10539.32,0.06697
10560.79,0.066731
10582.34,0.066587
10603.98,0.066526
10625.71,0.066542
10647.53,0.066562
10669.44,0.066562
10691.44,0.066424
10713.53,0.066277
10735.71,0.065908
10757.99,0.065318
10780.35,0.064545
10802.81,0.063706
10825.36,0.062627
10848.0,0.061332
10870.75,0.060043
10893.58,0.058804
10916.52,0.057622
10939.55,0.056721
10962.68,0.056198
10985.91,0.056101
11009.23,0.056459
11032.66,0.057223
11056.18,0.058397
11079.8,0.059975
11103.53,0.061634
11127.36,0.063324
11151.29,0.065072
11175.32,0.066831
11199.46,0.068503
11223.7,0.069938
11248.05,0.071072
11272.5,0.072007
11297.06,0.072689
11321.72,0.073138
11346.49,0.073356
11371.38,0.073371
11396.37,0.073232
11421.47,0.07312
11446.68,0.072952
11472.01,0.072689
11497.45,0.072451
11523.0,0.072198
11548.66,0.071944
11574.44,0.071727
11600.33,0.071595
11626.34,0.071611
11652.47,0.071661
11678.72,0.071792
11705.08,0.072005
11731.57,0.072425
11758.17,0.072999
11784.89,0.073777
11811.74,0.074649
11838.7,0.075539
11865.79,0.076566
11893.0,0.077691
11920.34,0.078971
11947.81,0.080521
11975.4,0.08227
12003.12,0.084191
12030.97,0.086163
12058.96,0.088294
12087.07,0.090509
12115.31,0.092908
12143.68,0.095304
12172.19,0.097517
12200.83,0.09956
12229.6,0.101486
12258.52,0.103128
12287.57,0.104436
12316.76,0.105435
12346.08,0.106106
12375.55,0.106346
12405.15,0.106206
12434.9,0.105724
12464.78,0.104878
12494.82,0.103795
12525.0,0.102685
12555.33,0.101455
12585.8,0.100228
12616.42,0.098927
12647.2,0.097549
12678.13,0.096055
12709.2,0.094492
12740.43,0.092778
12771.81,0.091091
12803.34,0.089416
12835.03,0.087839
12866.88,0.086498
12898.9,0.085316
12931.06,0.084239
12963.39,0.08308
12995.88,0.08172
13028.53,0.080178
13061.35,0.078192
13094.33,0.075918
13127.49,0.073661
13160.81,0.071756
13194.3,0.070234
13227.96,0.068985
13261.79,0.067861
13295.79,0.066657
13329.97,0.065077
13364.32,0.063125
13398.85,0.060864
13433.56,0.058793
13468.46,0.057237
13503.53,0.056024
13538.79,0.054581
13574.23,0.052819
13609.86,0.050947
13645.68,0.049412
13681.69,0.048484
13717.88,0.048276
13754.27,0.048648
13790.85,0.049551
13827.63,0.050961
13864.6,0.052672
13901.77,0.054408
13939.15,0.05609
13976.72,0.057261
14014.49,0.057907
14052.47,0.058064
14090.66,0.057796
14129.04,0.056937
14167.64,0.055668
14206.46,0.054173
14245.49,0.052633
14284.73,0.050886
14324.2,0.049158
14363.88,0.047759
14403.78,0.046618
14443.9,0.045449
14484.25,0.044219
14524.82,0.042937
14565.62,0.04185
14606.65,0.04066
14647.92,0.039469
14689.42,0.038367
14731.15,0.037378
14773.12,0.036608
14815.33,0.036084
14857.78,0.035865
14900.48,0.035849
14943.42,0.035824
14986.59,0.035845
15030.03,0.03568
15073.72,0.035323
15117.67,0.034899
15161.87,0.034633
15206.34,0.034444
15251.06,0.034538
15296.06,0.034848
15341.31,0.035492
15386.84,0.036538
15432.63,0.037879
15478.7,0.039128
15525.04,0.040023
15571.67,0.040684
15618.58,0.041333
15665.76,0.041803
15713.24,0.042149
15761.0,0.042441
15809.05,0.0429
15857.4,0.043275
15906.04,0.043613
15954.96,0.043941
16004.21,0.044418
16053.76,0.044898
16103.62,0.045593
16153.78,0.046719
16204.26,0.048129
16255.06,0.049633
16306.19,0.051337
16357.63,0.053203
16409.39,0.055123
16461.49,0.057106
16513.91,0.059155
16566.67,0.060906
16619.77,0.062748
16673.22,0.064332
16727.01,0.065675
16781.14,0.067006
16835.63,0.068163
16890.46,0.069074
16945.66,0.069658
17001.22,0.070038
17057.16,0.070479
17113.45,0.070777
17170.12,0.071129
17227.16,0.071529
17284.59,0.072087
17342.4,0.072789
17400.6,0.073357
17459.16,0.073977
17518.15,0.074633
17577.53,0.074836
17637.32,0.074973
17697.52,0.07498
17758.13,0.074613
17819.15,0.074251
17880.61,0.07394
17942.48,0.073825
18004.78,0.074073
18067.52,0.074708
18130.69,0.075692
18194.31,0.076738
18258.37,0.077463
18322.9,0.078081
18387.88,0.078769
18453.31,0.079125
18519.22,0.078948
18585.6,0.078491
18652.45,0.078136
18719.79,0.077907
18787.59,0.077926
18855.91,0.078245
18924.73,0.07897
18994.05,0.080385
19063.88,0.082314
19134.23,0.084756
19205.1,0.087369
19276.51,0.089775
19348.44,0.092399
19420.9,0.094515
19493.92,0.095932
19567.48,0.096514
19641.6,0.096918
19716.28,0.097343
19791.52,0.097539
19867.35,0.097264
19943.76,0.09676
20020.76,0.095736
20098.36,0.094232
20176.56,0.092996
20255.38,0.091684
20334.83,0.089911
20414.89,0.088477
20495.58,0.086988
20576.91,0.085375
20658.89,0.0842
20741.53,0.08323
20824.83,0.081574
20908.78,0.079668
20993.43,0.077733
21078.77,0.076101
21164.81,0.074624
21251.55,0.073631
21339.0,0.073559
21427.18,0.073384
21516.11,0.073373
21605.76,0.073434
21696.16,0.073135
21787.32,0.073223
21879.25,0.073742
21971.96,0.074215
22065.46,0.073666
22159.73,0.073594
22254.84,0.07448
22350.76,0.07535
22447.52,0.075832
22545.12,0.075037
22643.57,0.074974
22742.88,0.074835
22843.1,0.074074
22944.17,0.073722
23046.15,0.072864
23149.03,0.071919
23252.84,0.072063
23357.58,0.072623
23463.27,0.071941
23569.9,0.070503
23677.52,0.070137
23786.13,0.069382
23895.75,0.06783
24006.38,0.066707
24118.03,0.066135
24230.73,0.065721
24344.49,0.065203
24459.33,0.064914
24575.25,0.064516
24692.27,0.064767
24810.42,0.064682
24929.7,0.065338
25050.13,0.066614
25171.73,0.067496
25294.52,0.067847
25418.52,0.068393
25543.73,0.068604
25670.18,0.070003
25797.9,0.071717
25926.88,0.072387
26057.17,0.072281
26188.78,0.071662
26321.71,0.071495
26456.01,0.071608
26591.68,0.071547
26728.75,0.071043
26867.24,0.070135
27007.17,0.069994
27148.57,0.070451
27291.46,0.070816
27435.86,0.069861
27581.79,0.069285
27729.29,0.069681
27878.37,0.070133
28029.07,0.070806
28181.4,0.073318
28335.39,0.075403
28491.08,0.077201
28648.5,0.07956
28807.65,0.081641
28968.59,0.083086
29131.33,0.085275
29295.92,0.085951
29462.37,0.085545
29630.73,0.085233
29801.02,0.085978
29973.28,0.0867
30147.54,0.086991
30323.84,0.086998
30502.22,0.087045
30682.71,0.085934
30865.34,0.085674
31050.17,0.084954
31237.21,0.083134
31426.53,0.081489
31618.15,0.080998
31812.13,0.082291
32008.5,0.08279
32207.31,0.081435
32408.61,0.082385
32612.44,0.083463
32818.84,0.08331
33027.88,0.084402
33239.6,0.084749
33454.05,0.08574
33671.28,0.086243
33891.36,0.086022
34114.32,0.087063
34340.25,0.086435
34569.18,0.085648
34801.19,0.085241
35036.33,0.084078
35274.68,0.082738
35516.28,0.084058
35761.23,0.084184
36009.57,0.082355
36261.38,0.080431
36516.74,0.080677
36775.73,0.081871
37038.41,0.081757
37304.88,0.082061
37575.2,0.081588
37849.47,0.080503
38127.77,0.078921
38410.2,0.077071
38696.84,0.077729
38987.8,0.080898
39283.16,0.081694
39583.03,0.080694
39887.52,0.080748
40196.72,0.078873
40510.76,0.078927
40829.75,0.080145
41153.79,0.07915
41483.02,0.078164
41817.56,0.078425
42157.54,0.080845
42503.09,0.083518
42854.36,0.081452
43211.48,0.08155
43574.6,0.080586
43943.88,0.082028
44319.46,0.084139
44701.53,0.087114
45090.24,0.085718
45485.77,0.079688
45888.3,0.079996
46298.01,0.083371
46715.11,0.083141
47139.79,0.083507
47572.27,0.085646
48012.75,0.08593
48461.47,0.082627
48918.66,0.083073
49384.55,0.086239
49859.4,0.087501
