Composition,
Date Added,2019-11-11
Formula,
Grain Size Description,<um
Grain Size,Unknown
Locality,Australia
Minimum Wavelength,2500
Sample Name,Murchison <63 um pellet A
Maximum Wavelength,14815
Database of Origin,RELAB
Other Information,CM2 
References,
Resolution,2.0
Material class,Rock
Sample Description,Ground & dry-sieved <63 um powder was pressed in a Cu dish of 10 mm in diameter.  Heated at 100C in N2 atmosphere before FT-IR measurements.
Sample ID,BMR1MP306
Original Sample ID,MP-TXN-306
Viewing Geometry,0.0° / 0.0°
Wavelength,Response
1666.75,0.029754
1667.28,0.029708
1667.82,0.029785
1668.36,0.029768
1668.89,0.029693
1669.43,0.029727
1669.97,0.02973
1670.51,0.029743
1671.04,0.029723
1671.58,0.02968
1672.12,0.029717
1672.66,0.029759
1673.2,0.02973
1673.74,0.029741
1674.28,0.029756
1674.82,0.029748
1675.36,0.029809
1675.9,0.029965
1676.45,0.030054
1676.99,0.029992
1677.53,0.029846
1678.07,0.029829
1678.62,0.029907
1679.16,0.029983
1679.7,0.030094
1680.25,0.030097
1680.79,0.030079
1681.34,0.030109
1681.88,0.030157
1682.43,0.030096
1682.98,0.029937
1683.52,0.029903
1684.07,0.030011
1684.62,0.030142
1685.16,0.030149
1685.71,0.030089
1686.26,0.03014
1686.81,0.030101
1687.36,0.030111
1687.91,0.030213
1688.46,0.030231
1689.01,0.030266
1689.56,0.030116
1690.11,0.03005
1690.66,0.030293
1691.21,0.030312
1691.76,0.030169
1692.31,0.03013
1692.87,0.030289
1693.42,0.030359
1693.97,0.030246
1694.53,0.030133
1695.08,0.030078
1695.63,0.030122
1696.19,0.03009
1696.74,0.030096
1697.3,0.030149
1697.85,0.030176
1698.41,0.030242
1698.97,0.030318
1699.52,0.030319
1700.08,0.030134
1700.64,0.03001
1701.2,0.030101
1701.76,0.030186
1702.31,0.030248
1702.87,0.030348
1703.43,0.030367
1703.99,0.03028
1704.55,0.030249
1705.11,0.030216
1705.67,0.030208
1706.24,0.030238
1706.8,0.030322
1707.36,0.03043
1707.92,0.030407
1708.48,0.030297
1709.05,0.030318
1709.61,0.030382
1710.17,0.030338
1710.74,0.030326
1711.3,0.0304
1711.87,0.030486
1712.43,0.030437
1713.0,0.03034
1713.57,0.030318
1714.13,0.030358
1714.7,0.030458
1715.27,0.030471
1715.83,0.030548
1716.4,0.030584
1716.97,0.030533
1717.54,0.030499
1718.11,0.030439
1718.68,0.030397
1719.25,0.030345
1719.82,0.030283
1720.39,0.030352
1720.96,0.03044
1721.53,0.03047
1722.1,0.030541
1722.67,0.030497
1723.25,0.030402
1723.82,0.030529
1724.39,0.030572
1724.97,0.030587
1725.54,0.030597
1726.11,0.030446
1726.69,0.03042
1727.26,0.030408
1727.84,0.030363
1728.42,0.030482
1728.99,0.030521
1729.57,0.030406
1730.15,0.03039
1730.72,0.030339
1731.3,0.030247
1731.88,0.0303
1732.46,0.030377
1733.04,0.030419
1733.62,0.030515
1734.2,0.030563
1734.78,0.030432
1735.36,0.03041
1735.94,0.030436
1736.52,0.03039
1737.1,0.03036
1737.68,0.030389
1738.27,0.030542
1738.85,0.030641
1739.43,0.030631
1740.02,0.030579
1740.6,0.030581
1741.18,0.030614
1741.77,0.03065
1742.35,0.03054
1742.94,0.030437
1743.53,0.030457
1744.11,0.030549
1744.7,0.03056
1745.29,0.030514
1745.87,0.030647
1746.46,0.030836
1747.05,0.030843
1747.64,0.030711
1748.23,0.030684
1748.82,0.030661
1749.41,0.030642
1750.0,0.030602
1750.59,0.030577
1751.18,0.030705
1751.77,0.030801
1752.36,0.030797
1752.96,0.030809
1753.55,0.030769
1754.14,0.03072
1754.74,0.030761
1755.33,0.030752
1755.93,0.030629
1756.52,0.030712
1757.12,0.030764
1757.71,0.030733
1758.31,0.030787
1758.9,0.030756
1759.5,0.0307
1760.1,0.030733
1760.7,0.030701
1761.29,0.030618
1761.89,0.030583
1762.49,0.030631
1763.09,0.030669
1763.69,0.030652
1764.29,0.030702
1764.89,0.030764
1765.49,0.030765
1766.09,0.030729
1766.69,0.030586
1767.3,0.030611
1767.9,0.030701
1768.5,0.030652
1769.11,0.030709
1769.71,0.030785
1770.31,0.030764
1770.92,0.030774
1771.52,0.030796
1772.13,0.030811
1772.73,0.030816
1773.34,0.030868
1773.95,0.030922
1774.55,0.030844
1775.16,0.030737
1775.77,0.030763
1776.38,0.03083
1776.99,0.030888
1777.6,0.030852
1778.21,0.030735
1778.82,0.030729
1779.43,0.030828
1780.04,0.030877
1780.65,0.030903
1781.26,0.03088
1781.87,0.030876
1782.48,0.030787
1783.1,0.030721
1783.71,0.030811
1784.33,0.030877
1784.94,0.030839
1785.55,0.030775
1786.17,0.03078
1786.78,0.030871
1787.4,0.031014
1788.02,0.031009
1788.63,0.030916
1789.25,0.030882
1789.87,0.030912
1790.49,0.031014
1791.1,0.030982
1791.72,0.030941
1792.34,0.030977
1792.96,0.030967
1793.58,0.030901
1794.2,0.030926
1794.82,0.030977
1795.45,0.030999
1796.07,0.030957
1796.69,0.030903
1797.31,0.030996
1797.94,0.030997
1798.56,0.030889
1799.18,0.03088
1799.81,0.030968
1800.43,0.030941
1801.06,0.030863
1801.68,0.030829
1802.31,0.03082
1802.94,0.030815
1803.56,0.030936
1804.19,0.031082
1804.82,0.031141
1805.45,0.031128
1806.08,0.031113
1806.71,0.031112
1807.34,0.03106
1807.97,0.03099
1808.6,0.030972
1809.23,0.030986
1809.86,0.031025
1810.49,0.031119
1811.12,0.03111
1811.76,0.031073
1812.39,0.031114
1813.02,0.031104
1813.66,0.031131
1814.29,0.031136
1814.93,0.031049
1815.56,0.031003
1816.2,0.031
1816.84,0.031075
1817.47,0.031225
1818.11,0.031261
1818.75,0.031182
1819.39,0.031107
1820.02,0.031156
1820.66,0.031115
1821.3,0.031052
1821.94,0.031105
1822.58,0.031113
1823.22,0.031105
1823.86,0.031137
1824.51,0.031202
1825.15,0.031284
1825.79,0.031214
1826.43,0.031078
1827.08,0.031161
1827.72,0.03127
1828.37,0.03129
1829.01,0.031201
1829.66,0.031047
1830.3,0.031023
1830.95,0.031074
1831.6,0.031113
1832.24,0.031156
1832.89,0.031152
1833.54,0.031186
1834.19,0.031261
1834.84,0.031236
1835.49,0.031138
1836.14,0.031118
1836.79,0.031127
1837.44,0.031068
1838.09,0.031042
1838.74,0.031177
1839.39,0.031247
1840.05,0.031142
1840.7,0.031128
1841.35,0.031187
1842.01,0.031228
1842.66,0.031283
1843.32,0.031219
1843.97,0.031117
1844.63,0.03112
1845.28,0.031199
1845.94,0.031235
1846.6,0.031181
1847.26,0.0312
1847.91,0.031278
1848.57,0.031196
1849.23,0.03123
1849.89,0.031349
1850.55,0.031357
1851.21,0.031314
1851.87,0.031317
1852.54,0.031282
1853.2,0.031174
1853.86,0.031114
1854.52,0.03117
1855.19,0.031204
1855.85,0.031178
1856.52,0.031195
1857.18,0.031288
1857.85,0.031328
1858.51,0.031296
1859.18,0.031296
1859.85,0.03127
1860.51,0.031225
1861.18,0.031334
1861.85,0.031365
1862.52,0.031328
1863.19,0.031397
1863.86,0.031399
1864.53,0.031313
1865.2,0.031265
1865.87,0.031284
1866.54,0.03128
1867.21,0.031243
1867.88,0.031227
1868.56,0.031365
1869.23,0.031431
1869.91,0.031315
1870.58,0.031196
1871.26,0.031293
1871.93,0.031373
1872.61,0.031347
1873.28,0.031277
1873.96,0.031239
1874.64,0.031244
1875.32,0.031219
1875.99,0.03124
1876.67,0.031312
1877.35,0.031307
1878.03,0.031311
1878.71,0.031278
1879.39,0.031236
1880.08,0.031198
1880.76,0.031218
1881.44,0.031359
1882.12,0.03145
1882.81,0.031368
1883.49,0.031221
1884.17,0.031189
1884.86,0.031277
1885.54,0.031317
1886.23,0.031336
1886.92,0.031328
1887.6,0.031312
1888.29,0.031315
1888.98,0.03133
1889.67,0.031289
1890.36,0.031266
1891.05,0.031242
1891.74,0.031141
1892.43,0.031164
1893.12,0.031239
1893.81,0.031286
1894.5,0.031334
1895.19,0.031344
1895.89,0.031395
1896.58,0.031442
1897.27,0.031411
1897.97,0.031404
1898.66,0.03136
1899.36,0.031227
1900.05,0.031181
1900.75,0.031271
1901.45,0.031348
1902.15,0.031255
1902.84,0.031193
1903.54,0.031251
1904.24,0.031322
1904.94,0.031379
1905.64,0.03135
1906.34,0.031375
1907.04,0.031413
1907.74,0.031407
1908.45,0.031404
1909.15,0.031365
1909.85,0.031329
1910.56,0.031407
1911.26,0.031473
1911.96,0.031464
1912.67,0.031406
1913.38,0.031331
1914.08,0.031343
1914.79,0.031391
1915.5,0.031353
1916.2,0.031342
1916.91,0.031388
1917.62,0.031344
1918.33,0.031275
1919.04,0.031303
1919.75,0.031297
1920.46,0.031284
1921.17,0.031333
1921.89,0.031334
1922.6,0.031349
1923.31,0.031378
1924.03,0.031413
1924.74,0.031393
1925.45,0.0314
1926.17,0.031469
1926.89,0.031483
1927.6,0.031462
1928.32,0.031496
1929.04,0.031509
1929.75,0.031417
1930.47,0.031405
1931.19,0.031478
1931.91,0.031563
1932.63,0.031565
1933.35,0.031545
1934.07,0.031562
1934.79,0.031556
1935.52,0.031529
1936.24,0.031517
1936.96,0.031457
1937.69,0.031399
1938.41,0.031387
1939.14,0.031452
1939.86,0.031496
1940.59,0.031478
1941.31,0.03146
1942.04,0.031485
1942.77,0.031524
1943.5,0.031504
1944.22,0.0315
1944.95,0.031484
1945.68,0.031501
1946.41,0.031517
1947.15,0.031497
1947.88,0.031494
1948.61,0.031513
1949.34,0.031497
1950.07,0.031461
1950.81,0.031478
1951.54,0.031512
1952.28,0.031496
1953.01,0.031508
1953.75,0.031597
1954.48,0.031658
1955.22,0.031549
1955.96,0.031449
1956.7,0.031541
1957.44,0.031568
1958.18,0.03149
1958.91,0.031428
1959.66,0.031472
1960.4,0.03152
1961.14,0.031549
1961.88,0.031545
1962.62,0.031502
1963.37,0.031451
1964.11,0.031417
1964.85,0.031465
1965.6,0.031547
1966.34,0.031584
1967.09,0.031553
1967.84,0.031518
1968.58,0.031554
1969.33,0.031559
1970.08,0.03151
1970.83,0.031464
1971.58,0.031465
1972.33,0.031465
1973.08,0.031464
1973.83,0.031546
1974.58,0.031581
1975.33,0.031533
1976.09,0.031573
1976.84,0.031593
1977.59,0.031606
1978.35,0.031638
1979.1,0.031662
1979.86,0.03164
1980.61,0.031668
1981.37,0.031648
1982.13,0.031519
1982.89,0.031534
1983.64,0.031613
1984.4,0.031655
1985.16,0.031653
1985.92,0.031644
1986.69,0.031582
1987.45,0.031546
1988.21,0.031616
1988.97,0.031636
1989.73,0.031587
1990.5,0.031611
1991.26,0.031675
1992.03,0.031668
1992.79,0.031605
1993.56,0.031619
1994.33,0.031721
1995.09,0.031733
1995.86,0.031686
1996.63,0.031687
1997.4,0.0317
1998.17,0.031665
1998.94,0.031641
1999.71,0.031645
2000.48,0.031666
2001.25,0.031664
2002.03,0.031649
2002.8,0.031679
2003.57,0.031758
2004.35,0.031738
2005.12,0.031618
2005.9,0.031667
2006.68,0.031757
2007.45,0.03169
2008.23,0.031652
2009.01,0.031684
2009.79,0.031704
2010.57,0.031695
2011.35,0.0317
2012.13,0.031727
2012.91,0.031756
2013.69,0.031743
2014.47,0.031668
2015.25,0.031684
2016.04,0.031733
2016.82,0.031712
2017.61,0.031733
2018.39,0.031734
2019.18,0.031668
2019.96,0.031649
2020.75,0.031717
2021.54,0.0318
2022.33,0.031775
2023.12,0.031785
2023.91,0.031801
2024.7,0.031751
2025.49,0.031688
2026.28,0.031666
2027.07,0.031698
2027.86,0.031725
2028.66,0.031703
2029.45,0.031717
2030.25,0.031801
2031.04,0.031802
2031.84,0.031737
2032.63,0.031741
2033.43,0.031755
2034.23,0.031754
2035.03,0.031767
2035.83,0.031731
2036.63,0.031702
2037.43,0.031733
2038.23,0.031714
2039.03,0.0317
2039.83,0.031722
2040.63,0.031742
2041.44,0.031754
2042.24,0.031715
2043.04,0.031735
2043.85,0.031747
2044.66,0.031702
2045.46,0.031716
2046.27,0.031741
2047.08,0.031753
2047.89,0.03179
2048.7,0.031786
2049.5,0.031701
2050.32,0.031725
2051.13,0.031808
2051.94,0.031807
2052.75,0.031756
2053.56,0.031763
2054.38,0.031808
2055.19,0.031821
2056.01,0.031773
2056.82,0.031708
2057.64,0.031713
2058.46,0.031756
2059.27,0.031767
2060.09,0.03185
2060.91,0.031882
2061.73,0.031808
2062.55,0.031806
2063.37,0.031795
2064.19,0.031773
2065.01,0.031758
2065.84,0.031762
2066.66,0.03181
2067.48,0.03182
2068.31,0.031804
2069.13,0.0318
2069.96,0.031799
2070.79,0.031764
2071.61,0.031777
2072.44,0.031801
2073.27,0.031755
2074.1,0.031731
2074.93,0.031767
2075.76,0.031758
2076.59,0.031764
2077.42,0.031753
2078.26,0.031785
2079.09,0.031838
2079.92,0.031857
2080.76,0.03186
2081.59,0.031824
2082.43,0.031785
2083.27,0.031788
2084.1,0.031818
2084.94,0.031945
2085.78,0.032013
2086.62,0.031929
2087.46,0.031864
2088.3,0.03187
2089.14,0.031889
2089.98,0.031891
2090.83,0.031848
2091.67,0.031847
2092.51,0.031836
2093.36,0.031865
2094.2,0.031912
2095.05,0.031888
2095.9,0.031904
2096.74,0.031926
2097.59,0.031878
2098.44,0.03188
2099.29,0.031961
2100.14,0.032008
2100.99,0.031964
2101.84,0.031889
2102.7,0.031897
2103.55,0.031916
2104.4,0.031901
2105.26,0.03192
2106.11,0.031895
2106.97,0.03192
2107.82,0.031957
2108.68,0.031917
2109.54,0.031945
2110.4,0.031949
2111.26,0.031975
2112.12,0.032058
2112.98,0.032055
2113.84,0.031984
2114.7,0.031938
2115.56,0.031958
2116.43,0.032018
2117.29,0.032024
2118.16,0.031995
2119.02,0.031964
2119.89,0.031939
2120.76,0.031918
2121.62,0.031901
2122.49,0.031918
2123.36,0.031956
2124.23,0.031978
2125.1,0.032002
2125.97,0.032023
2126.85,0.031979
2127.72,0.031943
2128.59,0.031948
2129.47,0.031937
2130.34,0.031944
2131.22,0.031891
2132.09,0.031901
2132.97,0.031984
2133.85,0.031981
2134.73,0.031973
2135.6,0.032013
2136.48,0.03202
2137.37,0.031974
2138.25,0.031925
2139.13,0.031873
2140.01,0.031833
2140.9,0.031834
2141.78,0.031874
2142.66,0.031867
2143.55,0.031917
2144.44,0.031968
2145.32,0.031874
2146.21,0.031859
2147.1,0.031958
2147.99,0.031966
2148.88,0.031936
2149.77,0.031964
2150.66,0.031984
2151.56,0.031966
2152.45,0.031946
2153.34,0.031906
2154.24,0.031881
2155.13,0.031903
2156.03,0.031922
2156.93,0.031909
2157.82,0.031928
2158.72,0.031893
2159.62,0.031832
2160.52,0.031826
2161.42,0.031855
2162.32,0.03186
2163.22,0.031859
2164.13,0.031876
2165.03,0.031874
2165.93,0.031931
2166.84,0.031966
2167.75,0.0319
2168.65,0.031847
2169.56,0.031826
2170.47,0.03186
2171.38,0.031902
2172.29,0.031869
2173.2,0.031816
2174.11,0.031886
2175.02,0.031918
2175.93,0.031846
2176.85,0.031869
2177.76,0.031908
2178.68,0.031873
2179.59,0.031839
2180.51,0.031814
2181.43,0.031818
2182.34,0.03188
2183.26,0.031934
2184.18,0.031916
2185.1,0.031877
2186.02,0.031879
2186.95,0.031901
2187.87,0.031904
2188.79,0.031933
2189.72,0.031942
2190.64,0.031861
2191.57,0.031853
2192.49,0.031835
2193.42,0.03178
2194.35,0.031772
2195.28,0.031843
2196.21,0.031888
2197.14,0.031918
2198.07,0.031944
2199.0,0.031892
2199.94,0.031813
2200.87,0.031808
2201.8,0.031841
2202.74,0.031882
2203.68,0.031937
2204.61,0.031928
2205.55,0.031866
2206.49,0.031867
2207.43,0.031899
2208.37,0.031891
2209.31,0.031894
2210.25,0.031939
2211.19,0.031949
2212.14,0.031973
2213.08,0.031933
2214.03,0.031827
2214.97,0.031858
2215.92,0.031932
2216.87,0.031928
2217.81,0.031862
2218.76,0.031857
2219.71,0.031907
2220.66,0.03194
2221.61,0.031923
2222.57,0.031909
2223.52,0.031909
2224.47,0.031895
2225.43,0.031854
2226.38,0.031869
2227.34,0.031932
2228.3,0.031952
2229.26,0.03197
2230.21,0.03196
2231.17,0.031926
2232.13,0.031921
2233.1,0.031974
2234.06,0.032004
2235.02,0.03198
2235.98,0.031976
2236.95,0.031979
2237.91,0.031954
2238.88,0.031916
2239.85,0.031922
2240.82,0.031891
2241.79,0.031904
2242.75,0.032016
2243.72,0.032035
2244.7,0.031976
2245.67,0.031929
2246.64,0.031865
2247.62,0.03183
2248.59,0.031876
2249.57,0.031966
2250.54,0.031972
2251.52,0.031922
2252.5,0.031941
2253.48,0.031973
2254.46,0.031957
2255.44,0.031978
2256.42,0.032017
2257.4,0.031969
2258.38,0.031946
2259.37,0.031954
2260.35,0.031926
2261.34,0.031935
2262.32,0.031902
2263.31,0.031876
2264.3,0.03189
2265.29,0.031904
2266.28,0.031892
2267.27,0.03186
2268.26,0.031881
2269.26,0.031949
2270.25,0.031963
2271.24,0.031988
2272.24,0.032012
2273.23,0.032019
2274.23,0.032053
2275.23,0.032036
2276.23,0.031965
2277.23,0.031913
2278.23,0.031942
2279.23,0.031971
2280.23,0.031934
2281.24,0.031872
2282.24,0.031856
2283.24,0.031919
2284.25,0.031924
2285.26,0.031875
2286.26,0.031863
2287.27,0.031856
2288.28,0.031858
2289.29,0.031881
2290.3,0.031928
2291.32,0.031925
2292.33,0.03188
2293.34,0.03187
2294.36,0.031947
2295.37,0.031967
2296.39,0.031887
2297.41,0.031851
2298.43,0.03186
2299.45,0.031853
2300.47,0.03185
2301.49,0.031868
2302.51,0.031863
2303.53,0.031886
2304.55,0.031922
2305.58,0.03188
2306.61,0.031805
2307.63,0.031787
2308.66,0.031815
2309.69,0.031795
2310.72,0.031738
2311.75,0.031737
2312.78,0.031832
2313.81,0.031839
2314.84,0.031777
2315.88,0.03177
2316.91,0.031822
2317.95,0.031869
2318.98,0.031844
2320.02,0.031778
2321.06,0.031746
2322.1,0.03177
2323.14,0.031815
2324.18,0.031869
2325.22,0.031901
2326.27,0.031865
2327.31,0.031821
2328.36,0.031821
2329.4,0.031821
2330.45,0.031846
2331.5,0.031846
2332.55,0.031847
2333.6,0.031854
2334.65,0.031835
2335.7,0.031837
2336.75,0.031804
2337.8,0.031786
2338.86,0.031808
2339.91,0.031828
2340.97,0.031811
2342.03,0.031808
2343.09,0.031883
2344.14,0.031923
2345.2,0.031909
2346.27,0.031862
2347.33,0.031823
2348.39,0.031798
2349.46,0.031828
2350.52,0.031886
2351.59,0.031889
2352.65,0.031885
2353.72,0.031904
2354.79,0.03191
2355.86,0.031907
2356.93,0.031947
2358.0,0.031995
2359.08,0.03194
2360.15,0.03185
2361.22,0.031881
2362.3,0.031944
2363.38,0.031951
2364.45,0.031945
2365.53,0.031936
2366.61,0.03193
2367.69,0.031892
2368.77,0.031892
2369.86,0.031946
2370.94,0.031957
2372.03,0.031908
2373.11,0.031898
2374.2,0.031916
2375.29,0.031886
2376.37,0.031886
2377.46,0.031916
2378.55,0.031906
2379.65,0.031904
2380.74,0.031907
2381.83,0.031879
2382.93,0.031863
2384.02,0.031873
2385.12,0.031861
2386.22,0.031856
2387.32,0.031902
2388.41,0.031921
2389.52,0.031947
2390.62,0.031909
2391.72,0.031882
2392.82,0.031894
2393.93,0.031904
2395.03,0.031913
2396.14,0.031919
2397.25,0.031921
2398.36,0.031921
2399.47,0.031979
2400.58,0.032016
2401.69,0.032002
2402.8,0.03199
2403.92,0.031963
2405.03,0.03196
2406.15,0.03194
2407.26,0.031927
2408.38,0.031948
2409.5,0.031967
2410.62,0.031973
2411.74,0.032001
2412.87,0.032048
2413.99,0.03207
2415.11,0.032071
2416.24,0.032048
2417.37,0.032008
2418.49,0.03205
2419.62,0.032108
2420.75,0.032096
2421.88,0.032064
2423.01,0.032025
2424.15,0.031982
2425.28,0.031964
2426.41,0.032006
2427.55,0.032048
2428.69,0.032071
2429.83,0.032053
2430.96,0.032015
2432.1,0.032045
2433.25,0.03209
2434.39,0.032114
2435.53,0.032129
2436.68,0.032161
2437.82,0.032172
2438.97,0.032132
2440.12,0.032137
2441.27,0.032141
2442.42,0.032131
2443.57,0.032121
2444.72,0.032105
2445.87,0.032112
2447.03,0.032086
2448.18,0.032072
2449.34,0.032096
2450.5,0.032148
2451.65,0.032182
2452.81,0.032129
2453.97,0.032104
2455.14,0.032176
2456.3,0.03221
2457.46,0.032224
2458.63,0.0322
2459.8,0.032154
2460.96,0.032129
2462.13,0.032132
2463.3,0.032156
2464.47,0.032152
2465.64,0.032121
2466.82,0.032129
2467.99,0.03218
2469.17,0.032167
2470.34,0.032149
2471.52,0.032165
2472.7,0.032163
2473.88,0.032192
2475.06,0.032198
2476.24,0.032176
2477.42,0.032202
2478.61,0.032184
2479.79,0.032167
2480.98,0.032199
2482.17,0.032239
2483.36,0.032271
2484.55,0.032248
2485.74,0.032263
2486.93,0.032288
2488.12,0.03225
2489.32,0.03224
2490.51,0.032211
2491.71,0.032156
2492.91,0.032169
2494.11,0.032203
2495.31,0.032207
2496.51,0.032222
2497.71,0.032202
2498.91,0.032174
2500.12,0.032181
2501.33,0.032223
2502.53,0.032247
2503.74,0.03223
2504.95,0.032241
2506.16,0.032264
2507.37,0.032314
2508.59,0.03234
2509.8,0.032355
2511.02,0.032343
2512.23,0.032315
2513.45,0.032296
2514.67,0.032295
2515.89,0.032312
2517.11,0.032317
2518.33,0.032317
2519.56,0.032285
2520.78,0.032285
2522.01,0.032313
2523.24,0.032309
2524.46,0.032298
2525.69,0.032314
2526.92,0.032366
2528.16,0.032361
2529.39,0.032318
2530.62,0.032306
2531.86,0.032344
2533.1,0.032365
2534.33,0.032358
2535.57,0.032347
2536.81,0.032367
2538.06,0.032346
2539.3,0.032295
2540.54,0.032314
2541.79,0.032337
2543.04,0.032305
2544.28,0.032318
2545.53,0.03238
2546.78,0.032365
2548.03,0.032333
2549.29,0.032378
2550.54,0.032358
2551.8,0.032304
2553.05,0.032305
2554.31,0.032351
2555.57,0.032403
2556.83,0.032445
2558.09,0.032424
2559.35,0.032386
2560.62,0.032349
2561.88,0.032257
2563.15,0.032234
2564.42,0.032267
2565.68,0.032351
2566.95,0.032432
2568.23,0.032398
2569.5,0.032336
2570.77,0.032407
2572.05,0.032431
2573.32,0.032324
2574.6,0.032344
2575.88,0.03231
2577.16,0.032275
2578.44,0.032373
2579.73,0.032372
2581.01,0.032323
2582.3,0.032368
2583.58,0.032254
2584.87,0.032281
2586.16,0.032373
2587.45,0.032324
2588.74,0.032366
2590.03,0.032436
2591.33,0.032463
2592.62,0.03242
2593.92,0.03217
2595.22,0.031983
2596.52,0.032215
2597.82,0.032393
2599.12,0.032476
2600.43,0.032458
2601.73,0.032427
2603.04,0.032383
2604.34,0.032291
2605.65,0.032226
2606.96,0.032325
2608.27,0.032395
2609.59,0.032392
2610.9,0.03243
2612.22,0.032491
2613.53,0.032495
2614.85,0.032467
2616.17,0.032313
2617.49,0.032287
2618.81,0.03241
2620.14,0.032328
2621.46,0.032358
2622.79,0.032498
2624.11,0.032498
2625.44,0.032437
2626.77,0.03235
2628.1,0.032402
2629.44,0.032346
2630.77,0.032245
2632.11,0.03237
2633.44,0.032415
2634.78,0.032421
2636.12,0.032463
2637.46,0.032456
2638.8,0.03245
2640.15,0.032437
2641.49,0.032429
2642.84,0.03241
2644.19,0.032401
2645.53,0.032377
2646.88,0.032433
2648.24,0.032485
2649.59,0.032468
2650.94,0.032405
2652.3,0.032322
2653.66,0.032344
2655.02,0.032365
2656.38,0.032345
2657.74,0.032334
2659.1,0.032232
2660.47,0.032211
2661.83,0.032249
2663.2,0.032201
2664.57,0.031967
2665.94,0.031802
2667.31,0.03185
2668.68,0.031952
2670.06,0.031801
2671.43,0.031816
2672.81,0.032027
2674.19,0.032004
2675.57,0.031872
2676.95,0.031794
2678.33,0.031811
2679.72,0.03184
2681.1,0.03189
2682.49,0.031785
2683.88,0.031653
2685.27,0.031602
2686.66,0.031529
2688.05,0.031421
2689.44,0.031323
2690.84,0.031224
2692.24,0.030994
2693.64,0.030638
2695.04,0.030375
2696.44,0.030188
2697.84,0.029903
2699.24,0.029513
2700.65,0.028982
2702.06,0.028378
2703.47,0.027851
2704.88,0.027344
2706.29,0.02684
2707.7,0.026288
2709.12,0.025667
2710.53,0.025019
2711.95,0.024518
2713.37,0.024176
2714.79,0.023785
2716.21,0.023409
2717.64,0.023019
2719.06,0.022688
2720.49,0.022415
2721.92,0.022347
2723.34,0.022288
2724.78,0.022171
2726.21,0.022227
2727.64,0.022259
2729.08,0.022243
2730.51,0.022191
2731.95,0.022112
2733.39,0.022036
2734.84,0.021948
2736.28,0.021894
2737.72,0.021801
2739.17,0.021603
2740.62,0.021483
2742.07,0.021468
2743.52,0.021427
2744.97,0.021359
2746.42,0.021315
2747.88,0.021232
2749.34,0.021137
2750.79,0.021049
2752.25,0.020918
2753.72,0.020735
2755.18,0.020507
2756.64,0.020499
2758.11,0.020542
2759.58,0.020427
2761.05,0.020327
2762.52,0.020222
2763.99,0.020118
2765.47,0.020079
2766.94,0.019989
2768.42,0.019909
2769.9,0.019851
2771.38,0.019719
2772.86,0.019666
2774.34,0.019616
2775.83,0.019512
2777.32,0.019435
2778.8,0.019371
2780.29,0.019273
2781.79,0.019209
2783.28,0.019181
2784.77,0.019159
2786.27,0.019073
2787.77,0.018965
2789.27,0.018935
2790.77,0.018895
2792.27,0.018843
2793.78,0.0188
2795.28,0.018754
2796.79,0.018736
2798.3,0.018699
2799.81,0.018599
2801.32,0.018523
2802.84,0.018475
2804.35,0.018475
2805.87,0.018497
2807.39,0.018477
2808.91,0.01846
2810.43,0.018456
2811.96,0.018416
2813.48,0.018372
2815.01,0.018367
2816.54,0.018365
2818.07,0.018316
2819.6,0.018247
2821.14,0.018247
2822.67,0.018274
2824.21,0.018315
2825.75,0.018323
2827.29,0.01834
2828.83,0.018364
2830.38,0.018386
2831.92,0.018426
2833.47,0.01843
2835.02,0.018422
2836.57,0.018446
2838.12,0.018484
2839.68,0.018531
2841.23,0.018542
2842.79,0.018577
2844.35,0.018637
2845.91,0.01866
2847.47,0.018651
2849.04,0.018674
2850.6,0.018702
2852.17,0.018723
2853.74,0.018727
2855.31,0.018714
2856.89,0.018742
2858.46,0.018803
2860.04,0.018842
2861.62,0.018889
2863.2,0.018942
2864.78,0.018935
2866.36,0.018941
2867.95,0.018962
2869.53,0.019001
2871.12,0.019046
2872.71,0.019071
2874.31,0.019085
2875.9,0.019118
2877.5,0.019115
2879.09,0.019112
2880.69,0.019158
2882.29,0.019177
2883.9,0.019189
2885.5,0.019249
2887.11,0.019312
2888.72,0.019304
2890.33,0.019297
2891.94,0.019319
2893.55,0.019366
2895.17,0.019363
2896.79,0.019323
2898.41,0.019292
2900.03,0.019262
2901.65,0.019283
2903.27,0.019329
2904.9,0.019334
2906.53,0.019329
2908.16,0.019335
2909.79,0.019345
2911.43,0.019328
2913.06,0.019297
2914.7,0.019271
2916.34,0.019272
2917.98,0.019304
2919.62,0.019322
2921.27,0.019311
2922.91,0.019287
2924.56,0.019263
2926.21,0.019253
2927.87,0.019254
2929.52,0.019257
2931.18,0.019227
2932.83,0.019206
2934.49,0.019223
2936.15,0.019257
2937.82,0.019266
2939.48,0.019206
2941.15,0.019179
2942.82,0.019258
2944.49,0.019312
2946.16,0.019327
2947.84,0.019341
2949.52,0.019346
2951.19,0.019379
2952.88,0.019408
2954.56,0.019448
2956.24,0.019468
2957.93,0.019421
2959.62,0.019439
2961.31,0.01947
2963.0,0.019482
2964.69,0.019519
2966.39,0.019521
2968.09,0.019522
2969.79,0.019537
2971.49,0.01957
2973.19,0.019603
2974.9,0.019618
2976.61,0.019644
2978.32,0.019677
2980.03,0.019709
2981.74,0.019748
2983.46,0.019755
2985.17,0.019768
2986.89,0.019796
2988.62,0.019803
2990.34,0.019811
2992.06,0.019823
2993.79,0.019775
2995.52,0.019768
2997.25,0.019872
2998.99,0.019949
3000.72,0.019965
3002.46,0.019987
3004.2,0.019994
3005.94,0.019977
3007.68,0.019998
3009.43,0.020046
3011.18,0.020088
3012.93,0.020125
3014.68,0.020167
3016.43,0.020196
3018.19,0.020229
3019.95,0.020241
3021.71,0.020235
3023.47,0.020219
3025.23,0.020219
3027.0,0.020281
3028.77,0.020359
3030.54,0.020405
3032.31,0.020422
3034.08,0.02045
3035.86,0.020515
3037.64,0.020571
3039.42,0.020615
3041.2,0.020643
3042.99,0.020662
3044.77,0.020677
3046.56,0.02074
3048.35,0.020789
3050.15,0.020781
3051.94,0.0208
3053.74,0.02085
3055.54,0.020881
3057.34,0.020862
3059.14,0.020885
3060.95,0.020942
3062.76,0.021011
3064.57,0.021114
3066.38,0.021131
3068.19,0.021161
3070.01,0.021206
3071.83,0.021201
3073.65,0.0212
3075.47,0.021212
3077.3,0.021256
3079.13,0.021295
3080.96,0.021318
3082.79,0.021383
3084.62,0.021435
3086.46,0.021473
3088.3,0.021534
3090.14,0.021576
3091.98,0.021586
3093.82,0.021636
3095.67,0.021735
3097.52,0.021812
3099.37,0.021856
3101.23,0.021868
3103.08,0.021933
3104.94,0.022005
3106.8,0.022047
3108.66,0.022108
3110.53,0.022161
3112.39,0.022206
3114.26,0.02226
3116.13,0.022325
3118.01,0.022355
3119.88,0.022361
3121.76,0.022408
3123.64,0.022458
3125.53,0.022497
3127.41,0.022504
3129.3,0.022548
3131.19,0.022647
3133.08,0.02268
3134.98,0.022689
3136.87,0.022754
3138.77,0.022824
3140.67,0.022837
3142.57,0.022866
3144.48,0.022914
3146.39,0.022976
3148.3,0.023063
3150.21,0.023138
3152.13,0.023169
3154.04,0.023185
3155.96,0.023208
3157.89,0.023255
3159.81,0.023322
3161.74,0.023366
3163.67,0.023388
3165.6,0.023423
3167.53,0.023461
3169.47,0.023506
3171.41,0.023543
3173.35,0.023585
3175.29,0.023652
3177.24,0.023703
3179.18,0.023737
3181.13,0.023787
3183.09,0.023852
3185.04,0.023874
3187.0,0.023904
3188.96,0.023968
3190.92,0.024014
3192.89,0.024046
3194.85,0.024068
3196.82,0.024108
3198.8,0.024165
3200.77,0.024208
3202.75,0.024242
3204.73,0.024278
3206.71,0.024299
3208.69,0.024325
3210.68,0.024405
3212.67,0.024482
3214.66,0.024507
3216.66,0.024526
3218.65,0.024616
3220.65,0.024701
3222.65,0.024729
3224.66,0.024754
3226.66,0.024784
3228.67,0.024834
3230.68,0.024863
3232.7,0.024873
3234.72,0.024885
3236.73,0.024912
3238.76,0.024978
3240.78,0.025045
3242.81,0.025125
3244.84,0.025154
3246.87,0.025151
3248.9,0.025163
3250.94,0.02519
3252.98,0.025262
3255.02,0.025347
3257.07,0.025378
3259.11,0.025391
3261.16,0.025461
3263.21,0.025551
3265.27,0.025598
3267.33,0.025622
3269.39,0.025654
3271.45,0.025696
3273.52,0.0257
3275.58,0.025731
3277.65,0.025748
3279.73,0.025789
3281.8,0.025852
3283.88,0.025883
3285.96,0.0259
3288.05,0.025942
3290.13,0.026001
3292.22,0.026037
3294.31,0.026072
3296.41,0.026124
3298.5,0.026189
3300.6,0.026234
3302.71,0.026265
3304.81,0.026292
3306.92,0.026342
3309.03,0.02639
3311.14,0.026405
3313.26,0.026423
3315.38,0.026436
3317.5,0.026423
3319.62,0.026435
3321.75,0.026517
3323.88,0.026598
3326.01,0.026633
3328.14,0.026647
3330.28,0.026683
3332.42,0.026712
3334.56,0.026706
3336.71,0.026701
3338.86,0.026678
3341.01,0.026635
3343.16,0.026663
3345.32,0.026712
3347.48,0.026727
3349.64,0.026732
3351.81,0.026708
3353.98,0.026708
3356.15,0.026725
3358.32,0.026693
3360.5,0.02663
3362.68,0.026606
3364.86,0.026607
3367.04,0.026564
3369.23,0.026543
3371.42,0.02657
3373.62,0.026566
3375.81,0.026551
3378.01,0.026581
3380.21,0.026619
3382.42,0.026634
3384.63,0.026656
3386.84,0.026696
3389.05,0.02674
3391.27,0.026733
3393.49,0.026721
3395.71,0.0267
3397.93,0.026671
3400.16,0.026667
3402.39,0.026664
3404.63,0.026597
3406.86,0.026554
3409.1,0.026556
3411.35,0.026516
3413.59,0.026496
3415.84,0.026548
3418.09,0.026635
3420.35,0.026722
3422.61,0.02679
3424.87,0.02687
3427.13,0.026962
3429.4,0.027043
3431.67,0.02712
3433.94,0.027208
3436.21,0.027279
3438.49,0.027356
3440.77,0.027432
3443.06,0.027476
3445.35,0.027517
3447.64,0.027585
3449.93,0.027642
3452.23,0.027685
3454.53,0.027725
3456.83,0.027761
3459.14,0.027797
3461.45,0.027813
3463.76,0.027811
3466.07,0.027851
3468.39,0.027913
3470.71,0.027913
3473.04,0.02788
3475.37,0.027875
3477.7,0.027864
3480.03,0.027845
3482.37,0.027874
3484.71,0.027929
3487.05,0.027976
3489.4,0.028004
3491.75,0.028019
3494.1,0.028026
3496.46,0.028014
3498.82,0.028025
3501.18,0.028051
3503.55,0.02813
3505.91,0.028232
3508.29,0.028306
3510.66,0.028354
3513.04,0.02843
3515.42,0.028534
3517.81,0.028621
3520.2,0.028666
3522.59,0.028718
3524.98,0.02879
3527.38,0.028841
3529.78,0.028899
3532.19,0.028972
3534.59,0.02903
3537.0,0.029079
3539.42,0.029106
3541.84,0.029133
3544.26,0.029171
3546.68,0.029214
3549.11,0.029254
3551.54,0.02929
3553.97,0.029324
3556.41,0.029349
3558.85,0.029346
3561.3,0.029355
3563.74,0.029382
3566.2,0.029419
3568.65,0.029449
3571.11,0.029498
3573.57,0.02954
3576.03,0.029535
3578.5,0.029555
3580.97,0.029583
3583.45,0.029588
3585.93,0.029611
3588.41,0.029634
3590.89,0.029665
3593.38,0.029718
3595.87,0.029742
3598.37,0.02976
3600.87,0.029777
3603.37,0.029791
3605.87,0.029812
3608.38,0.029833
3610.9,0.029854
3613.41,0.029893
3615.93,0.029926
3618.46,0.029922
3620.98,0.029937
3623.51,0.029968
3626.05,0.029978
3628.59,0.030007
3631.13,0.030046
3633.67,0.030051
3636.22,0.030055
3638.77,0.030075
3641.33,0.030084
3643.88,0.030108
3646.45,0.030155
3649.01,0.030164
3651.58,0.030169
3654.16,0.030197
3656.73,0.030215
3659.31,0.030224
3661.9,0.030227
3664.49,0.030247
3667.08,0.030281
3669.67,0.03031
3672.27,0.030343
3674.87,0.030362
3677.48,0.030394
3680.09,0.030439
3682.7,0.030454
3685.32,0.03045
3687.94,0.030473
3690.57,0.030497
3693.2,0.030528
3695.83,0.030574
3698.47,0.030587
3701.1,0.030582
3703.75,0.030582
3706.4,0.030618
3709.05,0.030652
3711.7,0.030669
3714.36,0.030672
3717.02,0.030687
3719.69,0.030723
3722.36,0.030747
3725.03,0.030754
3727.71,0.030739
3730.39,0.030733
3733.08,0.030748
3735.77,0.03078
3738.46,0.030826
3741.16,0.030855
3743.86,0.030849
3746.57,0.030831
3749.28,0.03084
3751.99,0.03085
3754.71,0.030848
3757.43,0.030871
3760.15,0.030919
3762.88,0.030925
3765.61,0.030916
3768.35,0.030942
3771.09,0.030955
3773.83,0.030939
3776.58,0.030945
3779.34,0.030971
3782.09,0.030987
3784.85,0.031007
3787.62,0.031014
3790.39,0.031017
3793.16,0.031039
3795.94,0.031045
3798.72,0.031057
3801.5,0.03107
3804.29,0.031065
3807.08,0.03108
3809.88,0.031092
3812.68,0.031098
3815.49,0.0311
3818.3,0.031118
3821.11,0.031124
3823.93,0.031119
3826.75,0.031122
3829.58,0.031149
3832.41,0.031192
3835.24,0.031219
3838.08,0.031216
3840.92,0.031221
3843.77,0.031221
3846.62,0.031231
3849.48,0.031254
3852.34,0.031266
3855.2,0.03127
3858.07,0.031278
3860.94,0.031292
3863.82,0.031328
3866.7,0.031359
3869.59,0.031357
3872.48,0.031364
3875.37,0.031365
3878.27,0.031396
3881.17,0.031436
3884.08,0.03144
3886.99,0.031442
3889.91,0.031448
3892.83,0.031451
3895.75,0.031466
3898.68,0.031478
3901.62,0.03149
3904.55,0.031496
3907.5,0.031488
3910.44,0.031494
3913.4,0.031508
3916.35,0.031508
3919.31,0.031496
3922.27,0.031488
3925.24,0.031488
3928.22,0.031485
3931.2,0.031489
3934.18,0.031525
3937.17,0.031552
3940.16,0.031545
3943.15,0.031535
3946.16,0.031525
3949.16,0.031506
3952.17,0.031512
3955.19,0.031523
3958.2,0.031534
3961.23,0.03155
3964.26,0.031538
3967.29,0.031525
3970.33,0.031553
3973.37,0.031574
3976.42,0.031589
3979.47,0.031613
3982.53,0.031622
3985.59,0.031609
3988.65,0.031621
3991.72,0.031651
3994.8,0.031654
3997.88,0.031683
4000.96,0.031721
4004.05,0.031732
4007.15,0.031726
4010.25,0.031733
4013.35,0.031739
4016.46,0.031754
4019.57,0.031763
4022.69,0.031765
4025.81,0.031773
4028.94,0.031788
4032.07,0.031783
4035.21,0.031777
4038.35,0.031762
4041.5,0.031774
4044.66,0.031828
4047.81,0.031845
4050.97,0.031842
4054.14,0.031876
4057.32,0.031884
4060.49,0.03187
4063.67,0.031863
4066.86,0.031882
4070.05,0.031898
4073.25,0.031885
4076.45,0.031889
4079.66,0.0319
4082.87,0.031902
4086.09,0.0319
4089.31,0.031891
4092.54,0.031886
4095.77,0.031908
4099.01,0.031927
4102.25,0.031915
4105.5,0.031907
4108.75,0.031907
4112.01,0.031915
4115.28,0.031907
4118.54,0.031889
4121.82,0.03186
4125.1,0.031847
4128.38,0.031854
4131.67,0.031844
4134.97,0.031852
4138.27,0.03186
4141.57,0.031828
4144.88,0.031802
4148.2,0.031793
4151.52,0.031781
4154.85,0.031753
4158.18,0.031737
4161.52,0.031761
4164.86,0.031778
4168.21,0.031756
4171.56,0.031727
4174.92,0.03171
4178.28,0.031703
4181.65,0.031686
4185.03,0.031674
4188.41,0.031673
4191.79,0.031678
4195.19,0.031673
4198.58,0.03167
4201.98,0.031661
4205.39,0.031652
4208.81,0.031642
4212.23,0.031604
4215.65,0.03156
4219.08,0.031539
4222.51,0.031506
4225.96,0.031466
4229.4,0.031457
4232.86,0.031472
4236.31,0.03147
4239.78,0.031449
4243.25,0.031452
4246.72,0.031465
4250.2,0.03146
4253.69,0.031466
4257.18,0.031483
4260.68,0.031453
4264.19,0.03142
4267.69,0.0314
4271.21,0.031383
4274.73,0.031375
4278.26,0.031362
4281.79,0.031354
4285.33,0.031365
4288.87,0.031371
4292.42,0.03136
4295.98,0.031342
4299.54,0.031351
4303.11,0.031361
4306.68,0.031364
4310.26,0.031364
4313.85,0.031347
4317.44,0.031354
4321.04,0.031388
4324.64,0.031402
4328.25,0.031396
4331.87,0.03136
4335.49,0.031331
4339.12,0.031336
4342.75,0.031328
4346.39,0.031313
4350.04,0.031299
4353.69,0.031298
4357.35,0.031297
4361.02,0.031274
4364.69,0.031237
4368.36,0.031225
4372.05,0.031214
4375.74,0.031182
4379.43,0.031165
4383.14,0.031156
4386.84,0.031152
4390.56,0.031145
4394.28,0.031126
4398.01,0.031088
4401.74,0.031074
4405.48,0.031064
4409.23,0.031057
4412.98,0.031056
4416.74,0.031053
4420.5,0.031044
4424.27,0.031017
4428.05,0.031007
4431.84,0.031012
4435.63,0.030992
4439.42,0.030959
4443.23,0.030944
4447.04,0.030941
4450.86,0.030926
4454.68,0.030913
4458.51,0.030906
4462.35,0.030893
4466.19,0.030871
4470.04,0.030847
4473.9,0.030806
4477.76,0.030796
4481.63,0.030787
4485.51,0.030772
4489.39,0.03076
4493.28,0.03073
4497.18,0.030711
4501.08,0.030705
4504.99,0.030685
4508.91,0.030655
4512.83,0.030625
4516.77,0.030612
4520.7,0.030608
4524.65,0.030603
4528.6,0.030581
4532.56,0.030552
4536.53,0.030512
4540.5,0.030482
4544.48,0.030453
4548.46,0.030428
4552.46,0.030423
4556.46,0.030419
4560.46,0.030395
4564.48,0.030374
4568.5,0.030376
4572.53,0.030373
4576.56,0.030352
4580.61,0.030348
4584.66,0.030335
4588.72,0.030333
4592.78,0.030347
4596.85,0.030335
4600.93,0.030314
4605.02,0.030288
4609.11,0.030234
4613.21,0.030199
4617.32,0.030207
4621.43,0.03019
4625.56,0.030177
4629.69,0.030177
4633.82,0.030153
4637.97,0.030113
4642.12,0.030091
4646.28,0.030068
4650.45,0.03004
4654.62,0.030025
4658.8,0.030021
4662.99,0.030006
4667.19,0.030003
4671.4,0.029997
4675.61,0.029964
4679.83,0.029936
4684.05,0.029911
4688.29,0.029884
4692.53,0.029857
4696.78,0.029823
4701.04,0.029786
4705.31,0.029763
4709.58,0.029747
4713.86,0.029731
4718.15,0.029687
4722.45,0.029643
4726.75,0.029614
4731.06,0.029598
4735.39,0.029563
4739.71,0.029497
4744.05,0.029463
4748.4,0.029464
4752.75,0.029455
4757.11,0.029443
4761.48,0.029424
4765.85,0.029411
4770.24,0.029389
4774.63,0.029369
4779.03,0.029345
4783.44,0.029326
4787.86,0.029288
4792.28,0.029238
4796.72,0.029227
4801.16,0.029237
4805.61,0.029224
4810.06,0.029198
4814.53,0.029159
4819.0,0.029122
4823.49,0.029103
4827.98,0.029105
4832.48,0.029095
4836.98,0.029066
4841.5,0.029004
4846.03,0.028951
4850.56,0.028946
4855.1,0.028921
4859.65,0.028862
4864.21,0.028818
4868.78,0.028793
4873.35,0.028754
4877.94,0.028715
4882.53,0.028671
4887.13,0.028615
4891.74,0.028554
4896.36,0.028511
4900.99,0.028473
4905.63,0.028413
4910.27,0.028357
4914.93,0.028309
4919.59,0.028252
4924.26,0.028222
4928.94,0.028195
4933.63,0.028168
4938.33,0.028162
4943.04,0.02815
4947.76,0.028146
4952.48,0.028144
4957.22,0.028105
4961.96,0.028076
4966.71,0.028063
4971.47,0.028062
4976.25,0.028066
4981.02,0.028043
4985.82,0.02799
4990.62,0.027962
4995.42,0.027948
5000.24,0.027921
5005.07,0.027898
5009.9,0.027869
5014.75,0.02782
5019.6,0.027774
5024.46,0.027759
5029.34,0.027739
5034.22,0.027721
5039.11,0.027707
5044.02,0.02768
5048.93,0.027632
5053.85,0.027583
5058.78,0.027535
5063.72,0.02751
5068.67,0.02749
5073.63,0.027441
5078.6,0.027404
5083.58,0.027395
5088.57,0.027375
5093.56,0.027322
5098.57,0.027277
5103.59,0.027222
5108.62,0.027185
5113.66,0.027163
5118.71,0.027136
5123.76,0.027094
5128.83,0.027051
5133.91,0.027028
5139.0,0.027004
5144.1,0.02696
5149.2,0.026931
5154.32,0.026932
5159.45,0.02691
5164.59,0.026875
5169.74,0.026848
5174.9,0.026813
5180.07,0.026779
5185.25,0.026748
5190.44,0.02672
5195.64,0.026704
5200.85,0.026668
5206.07,0.026637
5211.31,0.026598
5216.55,0.026587
5221.8,0.02661
5227.06,0.026632
5232.34,0.026629
5237.62,0.026617
5242.92,0.026603
5248.23,0.026578
5253.54,0.026567
5258.87,0.026568
5264.21,0.026547
5269.56,0.026506
5274.92,0.026481
5280.29,0.02648
5285.67,0.026464
5291.07,0.02643
5296.48,0.026416
5301.89,0.026406
5307.32,0.026383
5312.75,0.02638
5318.2,0.026361
5323.66,0.026321
5329.14,0.026286
5334.62,0.026261
5340.11,0.026225
5345.62,0.026146
5351.13,0.02607
5356.66,0.026054
5362.2,0.026033
5367.75,0.026019
5373.31,0.025999
5378.89,0.025953
5384.47,0.025898
5390.07,0.025875
5395.68,0.025833
5401.3,0.025765
5406.93,0.025706
5412.58,0.025658
5418.23,0.025562
5423.9,0.025491
5429.58,0.025507
5435.27,0.025505
5440.97,0.025494
5446.69,0.025488
5452.42,0.025457
5458.15,0.025396
5463.91,0.025332
5469.67,0.025325
5475.45,0.025316
5481.24,0.025273
5487.03,0.025256
5492.85,0.025255
5498.67,0.025258
5504.51,0.025255
5510.36,0.025222
5516.22,0.025177
5522.09,0.025149
5527.98,0.025137
5533.88,0.025101
5539.79,0.025043
5545.72,0.024984
5551.66,0.024897
5557.61,0.024819
5563.57,0.024781
5569.55,0.024716
5575.53,0.024548
5581.54,0.024427
5587.55,0.024421
5593.58,0.024365
5599.62,0.024263
5605.67,0.02419
5611.74,0.024142
5617.82,0.024107
5623.91,0.024089
5630.02,0.024026
5636.14,0.023923
5642.27,0.023855
5648.42,0.023908
5654.58,0.023926
5660.75,0.023958
5666.94,0.024005
5673.14,0.023938
5679.35,0.023888
5685.58,0.023893
5691.82,0.023844
5698.07,0.023816
5704.34,0.023752
5710.62,0.023646
5716.92,0.023599
5723.23,0.023572
5729.56,0.023548
5735.9,0.023498
5742.25,0.023409
5748.61,0.02329
5754.99,0.023218
5761.39,0.023047
5767.79,0.022891
5774.22,0.022934
5780.65,0.022932
5787.11,0.022895
5793.57,0.022816
5800.05,0.022728
5806.55,0.022638
5813.06,0.022484
5819.58,0.022268
5826.12,0.022181
5832.68,0.022195
5839.24,0.022204
5845.83,0.022163
5852.43,0.022064
5859.04,0.021926
5865.67,0.021818
5872.31,0.021704
5878.97,0.021414
5885.64,0.021318
5892.33,0.021316
5899.03,0.021228
5905.75,0.021213
5912.48,0.021109
5919.23,0.020947
5926.0,0.020762
5932.78,0.020482
5939.58,0.020282
5946.39,0.020313
5953.21,0.020297
5960.05,0.020222
5966.91,0.020091
5973.79,0.020018
5980.68,0.019952
5987.58,0.019821
5994.51,0.019781
6001.44,0.019799
6008.4,0.019722
6015.37,0.019628
6022.35,0.019582
6029.36,0.019537
6036.38,0.019458
6043.41,0.019228
6050.46,0.019026
6057.53,0.019162
6064.62,0.019171
6071.72,0.019039
6078.84,0.018996
6085.97,0.019011
6093.12,0.018978
6100.29,0.018923
6107.48,0.018792
6114.68,0.018639
6121.9,0.01864
6129.13,0.01865
6136.39,0.018567
6143.66,0.018467
6150.95,0.018383
6158.25,0.018303
6165.57,0.018312
6172.92,0.018394
6180.27,0.018432
6187.65,0.018487
6195.04,0.018625
6202.45,0.018737
6209.88,0.018787
6217.32,0.018814
6224.79,0.018875
6232.27,0.018915
6239.77,0.018942
6247.29,0.018955
6254.82,0.018974
6262.38,0.018998
6269.95,0.019004
6277.54,0.019024
6285.15,0.019066
6292.78,0.019102
6300.42,0.019122
6308.09,0.019159
6315.77,0.019211
6323.47,0.019277
6331.19,0.019317
6338.94,0.019271
6346.69,0.019288
6354.47,0.019425
6362.27,0.019456
6370.08,0.019428
6377.92,0.019502
6385.77,0.019561
6393.65,0.019615
6401.54,0.019603
6409.46,0.019409
6417.39,0.019377
6425.34,0.019586
6433.31,0.019723
6441.3,0.019824
6449.31,0.019883
6457.35,0.019928
6465.39,0.019942
6473.47,0.019912
6481.56,0.019856
6489.67,0.019755
6497.81,0.019798
6505.96,0.020013
6514.13,0.020077
6522.32,0.020052
6530.54,0.020136
6538.77,0.020179
6547.03,0.020149
6555.31,0.020111
6563.6,0.020085
6571.93,0.020026
6580.26,0.020055
6588.63,0.020083
6597.01,0.020097
6605.41,0.020125
6613.84,0.020091
6622.28,0.020017
6630.75,0.019857
6639.24,0.019773
6647.76,0.019902
6656.29,0.019974
6664.84,0.019923
6673.42,0.01983
6682.02,0.019747
6690.64,0.019752
6699.29,0.019737
6707.95,0.019642
6716.64,0.019592
6725.35,0.019599
6734.09,0.019595
6742.85,0.019536
6751.62,0.019452
6760.43,0.019375
6769.25,0.019243
6778.1,0.019081
6786.97,0.018934
6795.87,0.018871
6804.79,0.018839
6813.73,0.018722
6822.69,0.018584
6831.68,0.018521
6840.7,0.018514
6849.73,0.018442
6858.8,0.018277
6867.88,0.018251
6876.99,0.018372
6886.12,0.018376
6895.28,0.018328
6904.46,0.018284
6913.66,0.018275
6922.9,0.018278
6932.15,0.018233
6941.43,0.018198
6950.73,0.01814
6960.07,0.018042
6969.42,0.018091
6978.8,0.018137
6988.2,0.018063
6997.64,0.017981
7007.09,0.017936
7016.57,0.017889
7026.08,0.017824
7035.61,0.017726
7045.18,0.017621
7054.76,0.017624
7064.37,0.017647
7074.01,0.017624
7083.67,0.017594
7093.36,0.017573
7103.08,0.017536
7112.83,0.017485
7122.59,0.017426
7132.39,0.017377
7142.21,0.017308
7152.07,0.017239
7161.94,0.017214
7171.85,0.017193
7181.78,0.017193
7191.75,0.017159
7201.73,0.017084
7211.75,0.017032
7221.79,0.017001
7231.87,0.016929
7241.97,0.016872
7252.09,0.016833
7262.25,0.016804
7272.44,0.016748
7282.65,0.016684
7292.89,0.016634
7303.17,0.016595
7313.46,0.016563
7323.8,0.016524
7334.16,0.016467
7344.54,0.016442
7354.96,0.016387
7365.41,0.016328
7375.89,0.016317
7386.39,0.016288
7396.93,0.01623
7407.5,0.016194
7418.09,0.01617
7428.73,0.016126
7439.38,0.016069
7450.07,0.016031
7460.79,0.016001
7471.54,0.015951
7482.32,0.015883
7493.13,0.015842
7503.98,0.015792
7514.85,0.015728
7525.76,0.01567
7536.7,0.015607
7547.67,0.015519
7558.67,0.015458
7569.71,0.015424
7580.77,0.015388
7591.87,0.015307
7603.0,0.015243
7614.17,0.015225
7625.36,0.015194
7636.6,0.015144
7647.86,0.015103
7659.16,0.015045
7670.49,0.014968
7681.85,0.01491
7693.25,0.014875
7704.68,0.01482
7716.14,0.014758
7727.64,0.014706
7739.18,0.014668
7750.74,0.014637
7762.35,0.014585
7773.98,0.014521
7785.66,0.014465
7797.37,0.014428
7809.11,0.014368
7820.89,0.014265
7832.7,0.014178
7844.55,0.01411
7856.43,0.014053
7868.36,0.013986
7880.31,0.013911
7892.31,0.013817
7904.34,0.013752
7916.41,0.013682
7928.52,0.0136
7940.65,0.013514
7952.84,0.013458
7965.05,0.013386
7977.31,0.013251
7989.59,0.013132
8001.93,0.013049
8014.29,0.012969
8026.7,0.012887
8039.15,0.012775
8051.63,0.012645
8064.15,0.012518
8076.71,0.012398
8089.31,0.012289
8101.95,0.012177
8114.63,0.012041
8127.35,0.011909
8140.11,0.011801
8152.9,0.011683
8165.75,0.011569
8178.63,0.011457
8191.54,0.011356
8204.51,0.011261
8217.51,0.011162
8230.55,0.011069
8243.64,0.010969
8256.77,0.010876
8269.93,0.010759
8283.14,0.010641
8296.39,0.010535
8309.69,0.01044
8323.03,0.010337
8336.41,0.01026
8349.84,0.010199
8363.3,0.010141
8376.82,0.010085
8390.37,0.010023
8403.97,0.009942
8417.61,0.009853
8431.3,0.009783
8445.03,0.009763
8458.81,0.009762
8472.63,0.009737
8486.49,0.00968
8500.41,0.009625
8514.36,0.009616
8528.37,0.009606
8542.42,0.009587
8556.52,0.009572
8570.65,0.009581
8584.85,0.009609
8599.09,0.009673
8613.37,0.009722
8627.7,0.009748
8642.08,0.009811
8656.51,0.00988
8670.98,0.00993
8685.51,0.009962
8700.08,0.009971
8714.7,0.010036
8729.38,0.010132
8744.09,0.010203
8758.87,0.010337
8773.68,0.010517
8788.56,0.010719
8803.48,0.01091
8818.45,0.011017
8833.47,0.011133
8848.55,0.011236
8863.67,0.011327
8878.85,0.011446
8894.08,0.011556
8909.36,0.011646
8924.7,0.01175
8940.08,0.011864
8955.53,0.011959
8971.02,0.012055
8986.57,0.01212
9002.16,0.012106
9017.82,0.012117
9033.53,0.012128
9049.3,0.012128
9065.11,0.012148
9080.99,0.012106
9096.93,0.012017
9112.91,0.01203
9128.96,0.012118
9145.06,0.012161
9161.22,0.012194
9177.43,0.012295
9193.7,0.012488
9210.03,0.012635
9226.42,0.012782
9242.87,0.013034
9259.37,0.013276
9275.94,0.013465
9292.56,0.013633
9309.24,0.013788
9325.98,0.01392
9342.79,0.014002
9359.65,0.013954
9376.58,0.013859
9393.57,0.013812
9410.61,0.013819
9427.73,0.013794
9444.9,0.013762
9462.13,0.013681
9479.43,0.013573
9496.79,0.013474
9514.21,0.013443
9531.71,0.013463
9549.26,0.013413
9566.88,0.013336
9584.57,0.013256
9602.31,0.013154
9620.13,0.013096
9638.01,0.013046
9655.96,0.012974
9673.97,0.012939
9692.05,0.013
9710.2,0.013094
9728.42,0.013168
9746.7,0.013276
9765.06,0.013399
9783.49,0.013537
9801.98,0.013701
9820.55,0.013836
9839.18,0.013952
9857.89,0.014063
9876.66,0.014178
9895.51,0.014284
9914.43,0.014369
9933.43,0.01442
9952.5,0.014479
9971.63,0.014536
9990.85,0.014572
10010.13,0.01466
10029.49,0.014803
10048.93,0.014937
10068.44,0.01514
10088.03,0.015374
10107.7,0.015576
10127.44,0.015757
10147.26,0.01589
10167.15,0.015913
10187.13,0.015892
10207.18,0.015913
10227.31,0.015983
10247.53,0.016073
10267.82,0.016182
10288.19,0.016284
10308.64,0.016405
10329.18,0.016552
10349.8,0.016735
10370.5,0.016978
10391.28,0.017316
10412.14,0.017778
10433.09,0.018159
10454.13,0.018391
10475.25,0.018577
10496.45,0.018732
10517.74,0.018827
10539.12,0.018882
10560.59,0.01893
10582.14,0.018992
10603.78,0.019045
10625.51,0.019125
10647.33,0.019137
10669.23,0.019126
10691.23,0.019144
10713.32,0.019164
10735.5,0.019167
10757.78,0.019136
10780.14,0.01911
10802.6,0.019079
10825.15,0.019004
10847.8,0.01895
10870.54,0.018882
10893.38,0.018789
10916.31,0.018718
10939.34,0.018652
10962.47,0.018641
10985.69,0.018689
11009.02,0.018781
11032.44,0.018884
11055.97,0.018974
11079.59,0.019048
11103.31,0.019104
11127.14,0.019148
11151.07,0.019232
11175.1,0.019247
11199.24,0.019196
11223.48,0.019143
11247.83,0.019147
11272.28,0.019156
11296.84,0.019152
11321.5,0.019176
11346.28,0.019164
11371.16,0.019094
11396.15,0.019085
11421.25,0.019054
11446.46,0.018908
11471.79,0.018709
11497.22,0.018429
11522.77,0.018142
11548.44,0.017922
11574.21,0.017762
11600.11,0.01768
11626.12,0.017583
11652.24,0.01741
11678.49,0.017206
11704.85,0.017
11731.33,0.016824
11757.93,0.01667
11784.65,0.016473
11811.5,0.016324
11838.47,0.016303
11865.56,0.016335
11892.77,0.016281
11920.11,0.016267
11947.58,0.016356
11975.17,0.016429
12002.89,0.016493
12030.74,0.016537
12058.72,0.01651
12086.83,0.016546
12115.07,0.01668
12143.44,0.016795
12171.94,0.016832
12200.58,0.016915
12229.36,0.017053
12258.27,0.0171
12287.32,0.01708
12316.5,0.017076
12345.83,0.017102
12375.29,0.017076
12404.9,0.017025
12434.65,0.016927
12464.54,0.016814
12494.57,0.016739
12524.75,0.016676
12555.08,0.016663
12585.55,0.016584
12616.18,0.01646
12646.95,0.016353
12677.87,0.016179
12708.94,0.016066
12740.17,0.016
12771.55,0.015865
12803.08,0.015683
12834.77,0.015513
12866.62,0.015403
12898.63,0.015263
12930.79,0.015103
12963.12,0.014951
12995.61,0.014792
13028.26,0.014649
13061.08,0.014484
13094.06,0.014379
13127.21,0.014259
13160.53,0.01406
13194.02,0.013919
13227.67,0.01383
13261.5,0.013716
13295.51,0.013529
13329.69,0.013427
13364.04,0.013301
13398.57,0.013132
13433.28,0.013028
13468.18,0.01291
13503.25,0.012817
13538.51,0.012709
13573.95,0.012621
13609.58,0.012541
13645.39,0.012504
13681.39,0.012473
13717.59,0.01232
13753.97,0.012203
13790.55,0.012099
13827.33,0.012085
13864.3,0.012162
13901.47,0.012149
13938.84,0.012032
13976.41,0.01192
14014.18,0.011838
14052.16,0.01172
14090.35,0.011644
14128.74,0.011605
14167.34,0.011515
14206.16,0.011465
14245.19,0.011414
14284.43,0.011379
14323.89,0.011294
14363.57,0.011246
14403.47,0.011265
14443.59,0.011239
14483.93,0.011232
14524.51,0.011183
14565.3,0.011241
14606.33,0.011279
14647.59,0.011233
14689.09,0.011324
14730.82,0.011361
14772.79,0.011343
14814.99,0.011259
