Composition,
Date Added,2009-09-04
Formula,
Grain Size Description,<125.0um
Grain Size,"(0.0, 125.0)"
Locality,"Allende, Mexico"
Minimum Wavelength,280
Sample Name,Allende dark inclusion 5a1 <125 um
Maximum Wavelength,25050
Database of Origin,RELAB
Other Information,CV3 Dark Inclusion
References,
Resolution,4.0
Material class,Rock
Sample Description,
Sample ID,BKR1MT103
Original Sample ID,MT-MEZ-103
Viewing Geometry,unknown
Wavelength,Response
280.0,0.03655
285.0,0.03225
290.0,0.03149
295.0,0.0306
300.0,0.03085
305.0,0.03142
310.0,0.03244
315.0,0.03379
320.0,0.0353
325.0,0.0367
330.0,0.0381
335.0,0.03956
340.0,0.0408
345.0,0.04187
350.0,0.04314
355.0,0.04466
360.0,0.04599
365.0,0.04728
370.0,0.04843
375.0,0.04949
380.0,0.05045
385.0,0.05125
390.0,0.05178
395.0,0.05259
400.0,0.05312
405.0,0.05376
410.0,0.05444
415.0,0.05505
420.0,0.05573
425.0,0.05639
430.0,0.05704
435.0,0.05749
440.0,0.05794
445.0,0.05829
450.0,0.05852
455.0,0.05878
460.0,0.05909
465.0,0.05945
470.0,0.05969
475.0,0.06
480.0,0.06043
485.0,0.06068
490.0,0.06089
495.0,0.06112
500.0,0.06137
505.0,0.06179
510.0,0.0619
515.0,0.06216
520.0,0.06231
525.0,0.06249
530.0,0.06265
535.0,0.06288
540.0,0.06296
545.0,0.06313
550.0,0.06324
555.0,0.06346
560.0,0.06346
565.0,0.06362
570.0,0.06373
575.0,0.06373
580.0,0.06387
585.0,0.0639
590.0,0.06402
595.0,0.06405
600.0,0.0641
605.0,0.06419
610.0,0.06431
615.0,0.06432
620.0,0.06436
625.0,0.06433
630.0,0.06441
635.0,0.06442
640.0,0.06449
645.0,0.06452
650.0,0.06455
655.0,0.06457
660.0,0.0646
665.0,0.06459
670.0,0.06482
675.0,0.06508
680.0,0.06528
685.0,0.06541
690.0,0.06548
695.0,0.06554
700.0,0.06555
705.0,0.06549
710.0,0.06552
715.0,0.06555
720.0,0.06549
725.0,0.06557
730.0,0.06551
735.0,0.06551
740.0,0.06551
745.0,0.06543
750.0,0.06561
755.0,0.06547
760.0,0.06559
765.0,0.06564
770.0,0.06557
775.0,0.06572
780.0,0.06566
785.0,0.0656
790.0,0.06571
795.0,0.06561
800.0,0.06551
805.0,0.06556
810.0,0.06545
815.0,0.0654
820.0,0.06546
825.0,0.06557
830.0,0.06556
835.0,0.06567
840.0,0.06567
845.0,0.06566
850.0,0.0657
855.0,0.06567
860.0,0.06561
865.0,0.06562
870.0,0.06543
875.0,0.06531
880.0,0.06529
885.0,0.06522
890.0,0.06524
895.0,0.06533
900.0,0.0654
905.0,0.06544
910.0,0.06553
915.0,0.0656
920.0,0.06567
925.0,0.06574
930.0,0.06578
935.0,0.06588
940.0,0.06588
945.0,0.06587
950.0,0.06582
955.0,0.06578
960.0,0.06567
965.0,0.06566
970.0,0.06559
975.0,0.06559
980.0,0.06552
985.0,0.06549
990.0,0.06537
995.0,0.06534
1000.0,0.06521
1005.0,0.06518
1010.0,0.06515
1015.0,0.06516
1020.0,0.06515
1025.0,0.06516
1030.0,0.06518
1035.0,0.06522
1040.0,0.06523
1045.0,0.06526
1050.0,0.06526
1055.0,0.06527
1060.0,0.06529
1065.0,0.06537
1070.0,0.0654
1075.0,0.06546
1080.0,0.0655
1085.0,0.06551
1090.0,0.06548
1095.0,0.06549
1100.0,0.06555
1105.0,0.06559
1110.0,0.06561
1115.0,0.06566
1120.0,0.06569
1125.0,0.06571
1130.0,0.06574
1135.0,0.06582
1140.0,0.06583
1145.0,0.0659
1150.0,0.06593
1155.0,0.06598
1160.0,0.06597
1165.0,0.06604
1170.0,0.06607
1175.0,0.06612
1180.0,0.06616
1185.0,0.0662
1190.0,0.06626
1195.0,0.06629
1200.0,0.06628
1205.0,0.06632
1210.0,0.06635
1215.0,0.06635
1220.0,0.06638
1225.0,0.06647
1230.0,0.06658
1235.0,0.06666
1240.0,0.06671
1245.0,0.06677
1250.0,0.06682
1255.0,0.06676
1260.0,0.06682
1265.0,0.06691
1270.0,0.06698
1275.0,0.06695
1280.0,0.06691
1285.0,0.06692
1290.0,0.06698
1295.0,0.06698
1300.0,0.06708
1305.0,0.06717
1310.0,0.06726
1315.0,0.06721
1320.0,0.06734
1325.0,0.06743
1330.0,0.06756
1335.0,0.06763
1340.0,0.06779
1345.0,0.06783
1350.0,0.06784
1355.0,0.0679
1360.0,0.06793
1365.0,0.06794
1370.0,0.06795
1375.0,0.068
1380.0,0.06797
1385.0,0.06802
1390.0,0.06812
1395.0,0.0681
1400.0,0.06806
1405.0,0.06814
1410.0,0.06825
1415.0,0.06825
1420.0,0.06835
1425.0,0.06845
1430.0,0.06855
1435.0,0.06864
1440.0,0.06878
1445.0,0.0688
1450.0,0.06886
1455.0,0.06885
1460.0,0.06886
1465.0,0.0689
1470.0,0.069
1475.0,0.06901
1480.0,0.06909
1485.0,0.06913
1490.0,0.06913
1495.0,0.06915
1500.0,0.0692
1505.0,0.06925
1510.0,0.06931
1515.0,0.06947
1520.0,0.06954
1525.0,0.06964
1530.0,0.06974
1535.0,0.06978
1540.0,0.06983
1545.0,0.06989
1550.0,0.06993
1555.0,0.06996
1560.0,0.07004
1565.0,0.07006
1570.0,0.07015
1575.0,0.07016
1580.0,0.07018
1585.0,0.07022
1590.0,0.07028
1595.0,0.07032
1600.0,0.07034
1605.0,0.07041
1610.0,0.07046
1615.0,0.07049
1620.0,0.07048
1625.0,0.07054
1630.0,0.07056
1635.0,0.07055
1640.0,0.07062
1645.0,0.07065
1650.0,0.07068
1655.0,0.07066
1660.0,0.07071
1665.0,0.07075
1670.0,0.0708
1675.0,0.0708
1680.0,0.07081
1685.0,0.07078
1690.0,0.07079
1695.0,0.07079
1700.0,0.07091
1705.0,0.07092
1710.0,0.07091
1715.0,0.07091
1720.0,0.07092
1725.0,0.07094
1730.0,0.07089
1735.0,0.07086
1740.0,0.07077
1745.0,0.07072
1750.0,0.07075
1755.0,0.0708
1760.0,0.07077
1765.0,0.07071
1770.0,0.07077
1775.0,0.07077
1780.0,0.07074
1785.0,0.07082
1790.0,0.07084
1795.0,0.07083
1800.0,0.07082
1805.0,0.07077
1810.0,0.07078
1815.0,0.07071
1820.0,0.07071
1825.0,0.0707
1830.0,0.0707
1835.0,0.07075
1840.0,0.07074
1845.0,0.07072
1850.0,0.07073
1855.0,0.0708
1860.0,0.07088
1865.0,0.07084
1870.0,0.07083
1875.0,0.07086
1880.0,0.07078
1885.0,0.0707
1890.0,0.07078
1895.0,0.07067
1900.0,0.07064
1905.0,0.07059
1910.0,0.0706
1915.0,0.07052
1920.0,0.07052
1925.0,0.07058
1930.0,0.07044
1935.0,0.07044
1940.0,0.07046
1945.0,0.07063
1950.0,0.07047
1955.0,0.07045
1960.0,0.07042
1965.0,0.07053
1970.0,0.07045
1975.0,0.07041
1980.0,0.07038
1985.0,0.07036
1990.0,0.07041
1995.0,0.07037
2000.0,0.07033
2005.0,0.07041
2010.0,0.07043
2015.0,0.07041
2020.0,0.07041
2025.0,0.07049
2030.0,0.07047
2035.0,0.07047
2040.0,0.07058
2045.0,0.07052
2050.0,0.0705
2055.0,0.07048
2060.0,0.07039
2065.0,0.07027
2070.0,0.07036
2075.0,0.0704
2080.0,0.07045
2085.0,0.07051
2090.0,0.07059
2095.0,0.07057
2100.0,0.07073
2105.0,0.07068
2110.0,0.07071
2115.0,0.07062
2120.0,0.07048
2125.0,0.07043
2130.0,0.07038
2135.0,0.07035
2140.0,0.07022
2145.0,0.07038
2150.0,0.07025
2155.0,0.07019
2160.0,0.07021
2165.0,0.07025
2170.0,0.07036
2175.0,0.07035
2180.0,0.07036
2185.0,0.07038
2190.0,0.0704
2195.0,0.07038
2200.0,0.07037
2205.0,0.07045
2210.0,0.07049
2215.0,0.07057
2220.0,0.07061
2225.0,0.07048
2230.0,0.07043
2235.0,0.07044
2240.0,0.07059
2245.0,0.07063
2250.0,0.07069
2255.0,0.07083
2260.0,0.07087
2265.0,0.07078
2270.0,0.07091
2275.0,0.07091
2280.0,0.07101
2285.0,0.07111
2290.0,0.0711
2295.0,0.07104
2300.0,0.07098
2305.0,0.07079
2310.0,0.0708
2315.0,0.07084
2320.0,0.07093
2325.0,0.07094
2330.0,0.07105
2335.0,0.07092
2340.0,0.07092
2345.0,0.07082
2350.0,0.07091
2355.0,0.07078
2360.0,0.07079
2365.0,0.07071
2370.0,0.0706
2375.0,0.07057
2380.0,0.07043
2385.0,0.07073
2390.0,0.07065
2395.0,0.07096
2400.0,0.0709
2405.0,0.07109
2410.0,0.07117
2415.0,0.07119
2420.0,0.07113
2425.0,0.07121
2430.0,0.07118
2435.0,0.07115
2440.0,0.07114
2445.0,0.07114
2450.0,0.07105
2455.0,0.07102
2460.0,0.07107
2465.0,0.07112
2470.0,0.07112
2475.0,0.07112
2480.0,0.07129
2485.0,0.07098
2490.0,0.07085
2495.0,0.07105
2500.0,0.07082
2505.0,0.07081
2510.0,0.07084
2515.0,0.07092
2520.0,0.07085
2525.0,0.07077
2530.0,0.07082
2535.0,0.07093
2540.0,0.0709
2545.0,0.07089
2550.0,0.07114
2551.9,0.07111
2553.1,0.07119
2554.4,0.07122
2555.7,0.07116
2556.9,0.07118
2558.2,0.07116
2559.4,0.07113
2560.7,0.07115
2562.0,0.07123
2563.2,0.07125
2564.5,0.07126
2565.8,0.07129
2567.1,0.0713
2568.3,0.0713
2569.6,0.07135
2570.9,0.07139
2572.1,0.07135
2573.4,0.07137
2574.7,0.07138
2576.0,0.07134
2577.3,0.07137
2578.5,0.07134
2579.8,0.0713
2581.1,0.07138
2582.4,0.07148
2583.7,0.0715
2585.0,0.07154
2586.3,0.0715
2587.5,0.07152
2588.8,0.07152
2590.1,0.0715
2591.4,0.07146
2592.7,0.0715
2594.0,0.07152
2595.3,0.07157
2596.6,0.07155
2597.9,0.07153
2599.2,0.07153
2600.5,0.07157
2601.8,0.0716
2603.1,0.07155
2604.4,0.07156
2605.8,0.0716
2607.1,0.07167
2608.4,0.07161
2609.7,0.07163
2611.0,0.07169
2612.3,0.07166
2613.6,0.07163
2614.9,0.07158
2616.3,0.07167
2617.6,0.07177
2618.9,0.07162
2620.2,0.07162
2621.6,0.07174
2622.9,0.07163
2624.2,0.0716
2625.5,0.07165
2626.9,0.07177
2628.2,0.07176
2629.5,0.07166
2630.9,0.07173
2632.2,0.07179
2633.5,0.07176
2634.9,0.07179
2636.2,0.07173
2637.6,0.07169
2638.9,0.07171
2640.2,0.07173
2641.6,0.07177
2642.9,0.07172
2644.3,0.07169
2645.6,0.07175
2647.0,0.07178
2648.3,0.07179
2649.7,0.07181
2651.0,0.0718
2652.4,0.07185
2653.8,0.0719
2655.1,0.07183
2656.5,0.07184
2657.8,0.07182
2659.2,0.07188
2660.6,0.07194
2661.9,0.0719
2663.3,0.07191
2664.7,0.07194
2666.0,0.072
2667.4,0.07205
2668.8,0.07195
2670.1,0.07179
2671.5,0.07192
2672.9,0.0719
2674.3,0.07182
2675.7,0.07185
2677.0,0.07199
2678.4,0.07207
2679.8,0.07207
2681.2,0.07203
2682.6,0.07194
2684.0,0.07198
2685.4,0.07204
2686.8,0.07203
2688.1,0.07195
2689.5,0.07192
2690.9,0.07201
2692.3,0.07209
2693.7,0.07209
2695.1,0.07209
2696.5,0.07205
2697.9,0.07202
2699.3,0.07204
2700.8,0.07207
2702.1,0.07206
2703.6,0.07205
2705.0,0.07206
2706.4,0.07202
2707.8,0.07203
2709.2,0.07216
2710.6,0.07212
2712.1,0.07202
2713.5,0.07202
2714.9,0.07211
2716.3,0.07208
2717.7,0.07204
2719.2,0.07209
2720.6,0.07217
2722.0,0.07213
2723.4,0.07196
2724.9,0.07196
2726.3,0.07201
2727.7,0.07198
2729.2,0.07202
2730.6,0.07201
2732.1,0.07196
2733.5,0.07192
2734.9,0.07192
2736.4,0.07192
2737.8,0.07182
2739.3,0.0719
2740.7,0.07198
2742.2,0.07191
2743.6,0.07176
2745.1,0.07178
2746.5,0.07185
2748.0,0.07182
2749.4,0.07185
2750.9,0.07184
2752.4,0.0718
2753.8,0.07171
2755.3,0.07176
2756.7,0.07186
2758.2,0.07181
2759.7,0.07173
2761.1,0.07169
2762.6,0.07177
2764.1,0.07179
2765.6,0.07172
2767.0,0.07169
2768.5,0.07163
2770.0,0.07163
2771.5,0.07171
2773.0,0.07172
2774.4,0.07168
2775.9,0.07166
2777.4,0.07162
2778.9,0.07168
2780.4,0.07171
2781.9,0.07167
2783.4,0.07162
2784.9,0.0716
2786.4,0.07161
2787.9,0.07156
2789.4,0.07156
2790.9,0.07161
2792.4,0.0716
2793.9,0.07156
2795.4,0.07154
2796.9,0.07155
2798.4,0.07152
2799.9,0.07151
2801.4,0.07152
2802.9,0.07154
2804.4,0.07154
2806.0,0.07154
2807.5,0.07153
2809.0,0.07155
2810.5,0.07153
2812.1,0.07152
2813.6,0.07144
2815.1,0.0714
2816.6,0.0714
2818.2,0.07139
2819.7,0.07144
2821.2,0.07147
2822.8,0.07145
2824.3,0.07147
2825.9,0.07148
2827.4,0.07151
2828.9,0.07146
2830.5,0.07145
2832.0,0.07149
2833.6,0.07151
2835.1,0.07154
2836.7,0.07158
2838.2,0.07158
2839.8,0.07157
2841.3,0.07156
2842.9,0.07159
2844.4,0.07162
2846.0,0.07164
2847.6,0.07162
2849.1,0.07164
2850.7,0.07162
2852.3,0.0716
2853.8,0.07166
2855.4,0.07166
2857.0,0.07162
2858.6,0.0716
2860.1,0.07159
2861.7,0.07162
2863.3,0.07164
2864.9,0.07164
2866.5,0.07166
2868.1,0.0717
2869.6,0.0717
2871.2,0.07168
2872.8,0.07171
2874.4,0.07175
2876.0,0.07172
2877.6,0.0717
2879.2,0.07172
2880.8,0.07178
2882.4,0.07185
2884.0,0.07188
2885.6,0.07186
2887.2,0.07185
2888.8,0.07181
2890.4,0.0718
2892.0,0.07187
2893.6,0.07192
2895.3,0.07194
2896.9,0.07194
2898.5,0.07192
2900.1,0.07194
2901.8,0.07197
2903.4,0.07198
2905.0,0.07202
2906.6,0.07206
2908.3,0.07201
2909.9,0.07194
2911.5,0.07201
2913.2,0.07211
2914.8,0.0721
2916.4,0.0721
2918.1,0.07213
2919.7,0.07212
2921.4,0.07213
2923.0,0.07214
2924.7,0.07213
2926.3,0.07216
2928.0,0.07219
2929.6,0.07221
2931.3,0.0722
2932.9,0.07219
2934.6,0.07225
2936.3,0.07226
2937.9,0.07226
2939.6,0.07229
2941.3,0.07229
2942.9,0.0723
2944.6,0.0723
2946.3,0.07228
2947.9,0.07233
2949.6,0.07238
2951.3,0.07239
2953.0,0.07241
2954.7,0.07243
2956.3,0.07243
2958.0,0.07244
2959.7,0.07244
2961.4,0.07246
2963.1,0.07252
2964.8,0.07256
2966.5,0.07256
2968.2,0.07255
2969.9,0.07258
2971.6,0.07259
2973.3,0.07258
2975.0,0.07261
2976.7,0.07264
2978.4,0.07263
2980.1,0.07261
2981.9,0.07264
2983.6,0.07267
2985.3,0.07271
2987.0,0.07272
2988.7,0.07269
2990.4,0.07275
2992.2,0.0728
2993.9,0.07278
2995.6,0.0728
2997.4,0.07287
2999.1,0.07292
3000.8,0.07293
3002.6,0.07291
3004.3,0.07293
3006.1,0.07294
3007.8,0.07295
3009.5,0.07296
3011.3,0.07295
3013.0,0.07297
3014.8,0.07302
3016.5,0.07306
3018.3,0.07305
3020.1,0.07307
3021.8,0.07309
3023.6,0.07308
3025.3,0.07306
3027.1,0.0731
3028.9,0.07317
3030.6,0.07318
3032.4,0.07318
3034.2,0.07319
3036.0,0.07319
3037.7,0.07317
3039.5,0.07316
3041.3,0.07321
3043.1,0.07323
3044.9,0.07322
3046.7,0.07325
3048.5,0.07328
3050.3,0.07332
3052.1,0.07332
3053.8,0.07329
3055.6,0.07329
3057.4,0.07334
3059.3,0.07332
3061.1,0.07331
3062.9,0.0733
3064.7,0.07328
3066.5,0.07333
3068.3,0.07336
3070.1,0.07329
3071.9,0.07324
3073.8,0.07324
3075.6,0.07327
3077.4,0.07329
3079.2,0.07329
3081.1,0.07332
3082.9,0.07332
3084.7,0.07329
3086.6,0.07327
3088.4,0.07331
3090.2,0.07334
3092.1,0.0733
3093.9,0.07326
3095.8,0.07329
3097.6,0.0733
3099.5,0.0733
3101.3,0.07332
3103.2,0.07335
3105.1,0.07337
3106.9,0.07339
3108.8,0.07341
3110.6,0.07337
3112.5,0.07339
3114.4,0.0734
3116.2,0.07341
3118.1,0.07345
3120.0,0.07347
3121.9,0.07344
3123.8,0.07343
3125.6,0.07343
3127.5,0.07344
3129.4,0.07349
3131.3,0.0735
3133.2,0.07348
3135.1,0.07347
3137.0,0.07348
3138.9,0.07348
3140.8,0.07352
3142.7,0.07355
3144.6,0.07355
3146.5,0.07354
3148.4,0.07356
3150.3,0.07359
3152.2,0.07358
3154.1,0.07355
3156.1,0.07357
3158.0,0.07358
3159.9,0.07361
3161.8,0.07362
3163.8,0.07361
3165.7,0.07362
3167.6,0.07363
3169.6,0.07362
3171.5,0.07363
3173.5,0.07362
3175.4,0.07366
3177.3,0.07369
3179.3,0.07367
3181.2,0.07367
3183.2,0.07372
3185.1,0.07373
3187.1,0.07372
3189.1,0.07373
3191.0,0.07376
3193.0,0.07374
3195.0,0.07371
3196.9,0.07374
3198.9,0.07375
3200.9,0.07378
3202.9,0.07381
3204.8,0.07382
3206.8,0.07381
3208.8,0.07382
3210.8,0.07384
3212.8,0.07387
3214.8,0.07387
3216.8,0.07387
3218.8,0.0739
3220.8,0.07392
3222.8,0.07394
3224.8,0.07395
3226.8,0.07393
3228.8,0.07397
3230.8,0.07404
3232.8,0.07407
3234.8,0.07404
3236.8,0.07402
3238.9,0.07402
3240.9,0.07402
3242.9,0.07405
3244.9,0.07408
3247.0,0.07408
3249.0,0.07408
3251.1,0.07411
3253.1,0.07413
3255.1,0.07412
3257.2,0.0741
3259.2,0.07412
3261.3,0.07419
3263.3,0.07422
3265.4,0.07422
3267.4,0.07424
3269.5,0.07423
3271.6,0.07422
3273.6,0.07422
3275.7,0.07425
3277.8,0.07425
3279.8,0.07424
3281.9,0.07423
3284.0,0.07421
3286.1,0.07422
3288.2,0.07424
3290.2,0.07427
3292.3,0.07428
3294.4,0.07425
3296.5,0.07426
3298.6,0.0743
3300.7,0.07432
3302.8,0.07433
3304.9,0.07431
3307.0,0.07428
3309.1,0.07431
3311.3,0.07432
3313.4,0.07433
3315.5,0.07434
3317.6,0.07431
3319.7,0.07428
3321.9,0.07428
3324.0,0.0743
3326.1,0.07431
3328.3,0.07433
3330.4,0.07432
3332.5,0.07431
3334.7,0.0743
3336.8,0.07431
3339.0,0.07429
3341.1,0.07427
3343.3,0.07426
3345.4,0.07424
3347.6,0.07421
3349.8,0.07419
3351.9,0.07417
3354.1,0.07412
3356.3,0.07404
3358.4,0.07397
3360.6,0.07388
3362.8,0.07371
3365.0,0.07354
3367.2,0.07335
3369.4,0.07314
3371.5,0.07292
3373.7,0.07268
3375.9,0.07247
3378.1,0.07232
3380.3,0.07219
3382.5,0.07207
3384.7,0.07203
3386.9,0.07204
3389.2,0.07208
3391.4,0.07212
3393.6,0.07218
3395.8,0.07223
3398.1,0.07225
3400.3,0.07216
3402.5,0.07201
3404.7,0.07182
3407.0,0.0716
3409.2,0.0714
3411.5,0.0712
3413.7,0.07098
3416.0,0.07085
3418.2,0.07078
3420.5,0.0708
3422.7,0.07096
3425.0,0.07119
3427.3,0.07141
3429.5,0.07163
3431.8,0.07181
3434.1,0.07202
3436.3,0.0722
3438.6,0.07235
3440.9,0.07248
3443.2,0.07261
3445.5,0.07276
3447.8,0.07288
3450.1,0.07297
3452.4,0.07304
3454.6,0.07316
3456.9,0.07327
3459.3,0.07337
3461.6,0.07348
3463.9,0.07357
3466.2,0.0736
3468.5,0.0736
3470.8,0.07359
3473.2,0.07361
3475.5,0.07356
3477.8,0.07348
3480.1,0.07338
3482.5,0.07329
3484.8,0.07322
3487.2,0.07321
3489.5,0.07321
3491.9,0.0732
3494.2,0.07319
3496.6,0.0731
3498.9,0.07303
3501.3,0.07303
3503.7,0.07309
3506.0,0.07318
3508.4,0.07331
3510.8,0.07347
3513.2,0.07364
3515.5,0.0738
3517.9,0.07395
3520.3,0.07408
3522.7,0.07424
3525.1,0.07437
3527.5,0.07446
3529.9,0.07457
3532.3,0.07467
3534.7,0.07475
3537.1,0.0748
3539.5,0.07485
3541.9,0.07488
3544.4,0.07491
3546.8,0.07492
3549.2,0.07493
3551.7,0.07494
3554.1,0.07496
3556.5,0.07497
3559.0,0.07498
3561.4,0.07503
3563.9,0.07506
3566.3,0.07506
3568.8,0.07505
3571.2,0.07504
3573.7,0.07505
3576.1,0.0751
3578.6,0.07512
3581.1,0.07509
3583.6,0.07507
3586.0,0.0751
3588.5,0.07513
3591.0,0.07515
3593.5,0.07515
3596.0,0.07516
3598.5,0.07517
3601.0,0.07516
3603.5,0.07515
3606.0,0.07516
3608.5,0.07517
3611.0,0.07518
3613.5,0.07522
3616.1,0.07523
3618.6,0.07516
3621.1,0.07513
3623.6,0.07516
3626.2,0.07515
3628.7,0.07518
3631.3,0.07522
3633.8,0.07522
3636.3,0.0752
3638.9,0.07519
3641.4,0.07518
3644.0,0.07521
3646.6,0.07524
3649.1,0.07523
3651.7,0.0752
3654.3,0.0752
3656.9,0.0752
3659.4,0.07517
3662.0,0.07517
3664.6,0.07516
3667.2,0.07515
3669.8,0.07517
3672.4,0.07519
3675.0,0.0752
3677.6,0.07521
3680.2,0.0752
3682.8,0.07519
3685.4,0.07519
3688.1,0.07519
3690.7,0.07519
3693.3,0.07521
3695.9,0.07522
3698.6,0.07522
3701.2,0.07523
3703.9,0.07525
3706.5,0.07524
3709.2,0.07521
3711.8,0.07523
3714.5,0.07525
3717.1,0.07525
3719.8,0.07526
3722.5,0.07527
3725.2,0.07525
3727.8,0.07522
3730.5,0.07524
3733.2,0.07524
3735.9,0.07524
3738.6,0.07524
3741.3,0.07526
3744.0,0.07528
3746.7,0.07527
3749.4,0.07523
3752.1,0.0752
3754.8,0.07524
3757.6,0.07527
3760.3,0.07525
3763.0,0.07525
3765.7,0.07527
3768.5,0.07528
3771.2,0.07528
3774.0,0.07527
3776.7,0.07526
3779.5,0.07529
3782.2,0.07531
3785.0,0.07532
3787.7,0.07531
3790.5,0.07531
3793.3,0.07531
3796.1,0.0753
3798.8,0.07527
3801.6,0.07528
3804.4,0.07529
3807.2,0.0753
3810.0,0.07532
3812.8,0.07534
3815.6,0.07535
3818.4,0.07534
3821.2,0.07535
3824.1,0.07535
3826.9,0.07529
3829.7,0.07528
3832.5,0.07531
3835.4,0.0753
3838.2,0.07531
3841.1,0.07533
3843.9,0.07533
3846.8,0.07532
3849.6,0.07532
3852.5,0.07535
3855.3,0.07533
3858.2,0.07529
3861.1,0.0753
3863.9,0.07535
3866.8,0.07537
3869.7,0.07536
3872.6,0.07532
3875.5,0.07534
3878.4,0.07536
3881.3,0.07534
3884.2,0.07533
3887.1,0.07535
3890.0,0.07534
3893.0,0.07531
3895.9,0.07532
3898.8,0.07535
3901.7,0.07535
3904.7,0.07534
3907.6,0.07533
3910.6,0.07531
3913.5,0.07533
3916.5,0.07535
3919.4,0.07534
3922.4,0.07533
3925.4,0.07529
3928.4,0.0753
3931.3,0.07532
3934.3,0.07532
3937.3,0.07531
3940.3,0.0753
3943.3,0.07529
3946.3,0.07528
3949.3,0.07529
3952.3,0.07529
3955.3,0.07529
3958.3,0.07526
3961.4,0.07523
3964.4,0.07524
3967.4,0.07525
3970.5,0.07527
3973.5,0.07528
3976.6,0.07528
3979.6,0.07525
3982.6,0.07523
3985.7,0.07524
3988.8,0.07523
3991.9,0.07524
3994.9,0.07524
3998.0,0.07524
4001.1,0.07523
4004.2,0.07519
4007.3,0.07518
4010.4,0.0752
4013.5,0.07523
4016.6,0.07523
4019.7,0.07522
4022.8,0.0752
4025.9,0.07522
4029.1,0.07521
4032.2,0.0752
4035.3,0.07519
4038.5,0.07519
4041.6,0.0752
4044.8,0.0752
4047.9,0.07518
4051.1,0.07518
4054.3,0.07517
4057.4,0.07515
4060.6,0.07513
4063.8,0.07511
4067.0,0.07512
4070.2,0.07513
4073.4,0.07512
4076.6,0.0751
4079.8,0.07508
4083.0,0.07508
4086.2,0.0751
4089.4,0.07511
4092.7,0.07511
4095.9,0.07511
4099.1,0.07508
4102.4,0.07507
4105.6,0.07506
4108.9,0.07506
4112.1,0.07506
4115.4,0.07505
4118.7,0.07506
4122.0,0.07504
4125.2,0.07501
4128.5,0.07503
4131.8,0.07505
4135.1,0.07503
4138.4,0.07501
4141.7,0.07503
4145.0,0.07503
4148.3,0.07501
4151.6,0.07497
4155.0,0.07495
4158.3,0.07496
4161.6,0.07496
4165.0,0.07495
4168.3,0.07495
4171.7,0.07493
4175.0,0.07492
4178.4,0.07493
4181.8,0.07494
4185.2,0.07493
4188.5,0.07492
4191.9,0.07493
4195.3,0.0749
4198.7,0.07486
4202.1,0.07486
4205.5,0.07487
4208.9,0.07487
4212.4,0.07487
4215.8,0.07487
4219.2,0.07488
4222.6,0.07486
4226.1,0.07485
4229.5,0.07485
4233.0,0.07486
4236.5,0.07487
4239.9,0.07485
4243.4,0.07483
4246.9,0.07484
4250.3,0.07485
4253.8,0.07482
4257.3,0.07479
4260.8,0.07477
4264.3,0.0748
4267.8,0.07479
4271.3,0.07475
4274.9,0.07475
4278.4,0.07475
4281.9,0.07472
4285.5,0.07471
4289.0,0.07472
4292.6,0.07475
4296.1,0.07475
4299.7,0.07473
4303.3,0.0747
4306.8,0.07467
4310.4,0.07464
4314.0,0.07464
4317.6,0.07464
4321.2,0.07463
4324.8,0.07462
4328.4,0.07461
4332.0,0.0746
4335.6,0.07459
4339.3,0.07461
4342.9,0.07461
4346.5,0.07458
4350.2,0.07454
4353.8,0.07452
4357.5,0.07452
4361.1,0.07451
4364.8,0.07452
4368.5,0.07451
4372.2,0.0745
4375.9,0.07449
4379.6,0.07446
4383.3,0.07446
4387.0,0.07449
4390.7,0.07451
4394.4,0.07451
4398.1,0.07448
4401.9,0.07445
4405.6,0.07445
4409.4,0.07446
4413.1,0.07444
4416.9,0.07442
4420.6,0.07439
4424.4,0.0744
4428.2,0.07438
4432.0,0.07435
4435.8,0.07435
4439.6,0.07435
4443.4,0.07434
4447.2,0.07433
4451.0,0.07432
4454.8,0.07432
4458.6,0.07431
4462.5,0.07429
4466.3,0.07426
4470.2,0.07424
4474.0,0.07423
4477.9,0.07423
4481.8,0.07424
4485.6,0.07423
4489.5,0.07421
4493.4,0.0742
4497.3,0.07419
4501.2,0.07417
4505.1,0.07415
4509.0,0.07414
4513.0,0.07412
4516.9,0.0741
4520.9,0.07408
4524.8,0.07408
4528.7,0.07406
4532.7,0.07405
4536.7,0.07406
4540.6,0.07404
4544.6,0.07404
4548.6,0.07401
4552.6,0.07402
4556.6,0.07402
4560.6,0.07399
4564.6,0.07397
4568.6,0.07395
4572.7,0.07393
4576.7,0.07392
4580.8,0.07391
4584.8,0.07389
4588.9,0.07389
4592.9,0.07387
4597.0,0.07383
4601.1,0.07382
4605.2,0.07382
4609.3,0.07381
4613.4,0.0738
4617.5,0.07378
4621.6,0.07376
4625.7,0.07373
4629.8,0.07372
4634.0,0.07373
4638.1,0.07371
4642.3,0.07367
4646.4,0.07366
4650.6,0.07366
4654.8,0.07363
4659.0,0.0736
4663.1,0.07361
4667.3,0.0736
4671.5,0.07357
4675.8,0.07356
4680.0,0.07357
4684.2,0.07357
4688.4,0.07356
4692.7,0.07353
4696.9,0.07349
4701.2,0.07347
4705.5,0.07346
4709.7,0.07346
4714.0,0.07345
4718.3,0.07342
4722.6,0.0734
4726.9,0.0734
4731.2,0.07339
4735.5,0.07336
4739.9,0.07332
4744.2,0.07331
4748.5,0.07331
4752.9,0.07328
4757.3,0.07327
4761.6,0.07326
4766.0,0.07325
4770.4,0.07325
4774.8,0.07322
4779.2,0.07316
4783.6,0.07314
4788.0,0.07313
4792.4,0.07312
4796.9,0.07311
4801.3,0.07311
4805.8,0.07308
4810.2,0.07306
4814.7,0.07302
4819.1,0.07299
4823.6,0.07298
4828.1,0.07297
4832.6,0.07298
4837.1,0.07297
4841.6,0.07294
4846.2,0.07293
4850.7,0.07292
4855.3,0.07289
4859.8,0.07287
4864.4,0.07283
4868.9,0.07282
4873.5,0.07281
4878.1,0.0728
4882.7,0.07278
4887.3,0.07272
4891.9,0.07267
4896.5,0.07266
4901.1,0.07263
4905.8,0.07261
4910.4,0.07261
4915.1,0.07259
4919.7,0.07256
4924.4,0.07253
4929.1,0.07249
4933.8,0.07247
4938.5,0.07244
4943.2,0.07238
4947.9,0.07235
4952.6,0.07233
4957.4,0.0723
4962.1,0.07225
4966.9,0.0722
4971.6,0.07214
4976.4,0.07208
4981.2,0.07204
4986.0,0.072
4990.8,0.07196
4995.6,0.07192
5000.4,0.07188
5005.2,0.07185
5010.0,0.07182
5014.9,0.0718
5019.8,0.07178
5024.6,0.07177
5029.5,0.07174
5034.4,0.07172
5039.3,0.07168
5044.2,0.07164
5049.1,0.07163
5054.0,0.07161
5058.9,0.07158
5063.9,0.07156
5068.8,0.07155
5073.8,0.07154
5078.8,0.07153
5083.7,0.07151
5088.7,0.07148
5093.7,0.07147
5098.7,0.07145
5103.7,0.07144
5108.8,0.07143
5113.8,0.07144
5118.9,0.07142
5123.9,0.07139
5129.0,0.07141
5134.1,0.07142
5139.1,0.07137
5144.3,0.07136
5149.4,0.07136
5154.5,0.07132
5159.6,0.0713
5164.7,0.07128
5169.9,0.07126
5175.0,0.07127
5180.2,0.07124
5185.4,0.0712
5190.6,0.07114
5195.8,0.07108
5201.0,0.07108
5206.2,0.07107
5211.5,0.07105
5216.7,0.07101
5222.0,0.07095
5227.2,0.07093
5232.5,0.07091
5237.8,0.07087
5243.1,0.07081
5248.4,0.07076
5253.7,0.07072
5259.0,0.07068
5264.4,0.07062
5269.7,0.0706
5275.1,0.07057
5280.5,0.07052
5285.8,0.07047
5291.2,0.07044
5296.6,0.07041
5302.0,0.07038
5307.5,0.07033
5312.9,0.0703
5318.4,0.07029
5323.8,0.07029
5329.3,0.07024
5334.8,0.07022
5340.3,0.07021
5345.8,0.07019
5351.3,0.07017
5356.8,0.07012
5362.4,0.07007
5367.9,0.07005
5373.5,0.07003
5379.0,0.07001
5384.6,0.07
5390.2,0.06997
5395.8,0.06992
5401.5,0.06989
5407.1,0.06986
5412.7,0.06982
5418.4,0.06977
5424.1,0.06974
5429.7,0.06972
5435.4,0.06966
5441.1,0.06959
5446.9,0.06954
5452.6,0.06951
5458.3,0.06945
5464.1,0.06942
5469.8,0.0694
5475.6,0.06933
5481.4,0.06931
5487.2,0.0693
5493.0,0.06924
5498.8,0.06918
5504.7,0.06914
5510.5,0.06911
5516.4,0.06911
5522.3,0.06909
5528.1,0.06905
5534.0,0.069
5540.0,0.06899
5545.9,0.06898
5551.8,0.06896
5557.8,0.06892
5563.7,0.06888
5569.7,0.06884
5575.7,0.06881
5581.7,0.06873
5587.7,0.06865
5593.7,0.06857
5599.8,0.0685
5605.8,0.06843
5611.9,0.06836
5618.0,0.06826
5624.1,0.06815
5630.2,0.06805
5636.3,0.06798
5642.4,0.06792
5648.6,0.06781
5654.7,0.06774
5660.9,0.06767
5667.1,0.06764
5673.3,0.06764
5679.5,0.06766
5685.7,0.06768
5692.0,0.06777
5698.2,0.06784
5704.5,0.06789
5710.8,0.06803
5717.1,0.06818
5723.4,0.06828
5729.7,0.0684
5736.0,0.06854
5742.4,0.06863
5748.8,0.06874
5755.1,0.0688
5761.5,0.06887
5768.0,0.069
5774.4,0.06898
5780.8,0.06894
5787.3,0.06891
5793.7,0.0689
5800.2,0.06891
5806.7,0.06887
5813.2,0.06885
5819.8,0.06884
5826.3,0.0688
5832.8,0.06877
5839.4,0.06868
5846.0,0.06858
5852.6,0.06853
5859.2,0.06853
5865.8,0.06854
5872.5,0.06849
5879.1,0.06849
5885.8,0.06849
5892.5,0.06844
5899.2,0.06841
5905.9,0.06836
5912.6,0.06835
5919.4,0.06839
5926.2,0.06837
5932.9,0.0684
5939.7,0.06844
5946.5,0.06837
5953.4,0.06834
5960.2,0.06828
5967.1,0.06825
5974.0,0.06822
5980.8,0.06814
5987.8,0.06815
5994.7,0.0681
6001.6,0.06801
6008.6,0.06796
6015.5,0.06794
6022.5,0.06784
6029.5,0.06777
6036.5,0.06774
6043.6,0.06777
6050.6,0.06785
6057.7,0.06781
6064.8,0.06779
6071.9,0.06787
6079.0,0.06789
6086.1,0.0679
6093.3,0.06793
6100.5,0.06797
6107.6,0.06808
6114.9,0.06816
6122.1,0.06803
6129.3,0.06795
6136.5,0.06794
6143.8,0.06794
6151.1,0.06785
6158.4,0.06782
6165.7,0.06775
6173.1,0.06764
6180.4,0.06758
6187.8,0.06751
6195.2,0.06733
6202.6,0.06722
6210.0,0.06714
6217.5,0.06703
6225.0,0.0669
6232.4,0.06675
6239.9,0.06661
6247.5,0.06644
6255.0,0.06627
6262.5,0.06615
6270.1,0.06603
6277.7,0.0659
6285.3,0.06574
6292.9,0.06563
6300.6,0.06557
6308.3,0.06551
6315.9,0.06544
6323.6,0.06541
6331.4,0.0654
6339.1,0.06545
6346.9,0.06551
6354.6,0.06546
6362.4,0.0654
6370.3,0.06547
6378.1,0.06553
6385.9,0.06553
6393.8,0.06551
6401.7,0.06553
6409.6,0.06566
6417.6,0.06585
6425.5,0.06577
6433.5,0.06576
6441.5,0.06577
6449.5,0.06576
6457.5,0.06577
6465.6,0.06576
6473.6,0.0658
6481.7,0.06583
6489.8,0.06585
6498.0,0.06579
6506.1,0.0657
6514.3,0.06566
6522.5,0.06563
6530.7,0.06553
6538.9,0.06551
6547.2,0.06556
6555.5,0.06554
6563.8,0.06553
6572.1,0.06555
6580.4,0.06548
6588.8,0.0654
6597.2,0.06537
6605.6,0.06528
6614.0,0.06524
6622.5,0.0652
6630.9,0.06521
6639.4,0.06518
6647.9,0.06498
6656.5,0.06482
6665.0,0.06475
6673.6,0.06473
6682.2,0.06469
6690.8,0.06458
6699.5,0.06451
6708.1,0.06447
6716.8,0.06439
6725.5,0.06427
6734.3,0.06414
6743.0,0.06405
6751.8,0.06399
6760.6,0.06388
6769.4,0.06377
6778.3,0.06366
6787.1,0.06356
6796.0,0.06334
6805.0,0.06304
6813.9,0.06277
6822.9,0.06262
6831.9,0.0625
6840.9,0.06239
6849.9,0.06233
6859.0,0.06234
6868.0,0.06228
6877.2,0.06221
6886.3,0.06218
6895.5,0.06223
6904.6,0.06229
6913.8,0.06228
6923.1,0.06227
6932.3,0.06231
6941.6,0.06233
6950.9,0.06234
6960.2,0.06235
6969.6,0.06234
6979.0,0.06224
6988.4,0.06219
6997.8,0.06215
7007.3,0.06211
7016.8,0.062
7026.3,0.06193
7035.8,0.06187
7045.4,0.0618
7054.9,0.06168
7064.5,0.06156
7074.2,0.06143
7083.9,0.06138
7093.5,0.06134
7103.3,0.06128
7113.0,0.06121
7122.8,0.06114
7132.6,0.06109
7142.4,0.06106
7152.2,0.06103
7162.1,0.06097
7172.0,0.06087
7182.0,0.06074
7191.9,0.06065
7201.9,0.06059
7211.9,0.06045
7222.0,0.06025
7232.0,0.0601
7242.1,0.05999
7252.3,0.05982
7262.4,0.05969
7272.6,0.05963
7282.8,0.05966
7293.1,0.05967
7303.3,0.05962
7313.6,0.05949
7324.0,0.05943
7334.3,0.05941
7344.7,0.05938
7355.1,0.05926
7365.6,0.05917
7376.1,0.05912
7386.6,0.05907
7397.1,0.05896
7407.7,0.05882
7418.3,0.05869
7428.9,0.0586
7439.6,0.05851
7450.3,0.05845
7461.0,0.05836
7471.7,0.05825
7482.5,0.05815
7493.3,0.05802
7504.2,0.05789
7515.0,0.05779
7525.9,0.05764
7536.9,0.05749
7547.9,0.05734
7558.9,0.05724
7569.9,0.05712
7581.0,0.05701
7592.0,0.05688
7603.2,0.05674
7614.4,0.05664
7625.5,0.05656
7636.8,0.05646
7648.0,0.05637
7659.3,0.05624
7670.7,0.05612
7682.0,0.056
7693.4,0.05591
7704.9,0.05582
7716.3,0.05573
7727.8,0.05563
7739.4,0.05554
7750.9,0.05543
7762.5,0.05532
7774.2,0.0552
7785.8,0.05511
7797.5,0.05499
7809.3,0.05486
7821.1,0.05469
7832.9,0.05456
7844.7,0.05445
7856.6,0.05432
7868.5,0.05417
7880.5,0.05402
7892.5,0.05383
7904.5,0.05372
7916.6,0.0536
7928.7,0.05349
7940.8,0.05334
7953.0,0.05317
7965.2,0.053
7977.5,0.05287
7989.8,0.05269
8002.1,0.05254
8014.5,0.05241
8026.9,0.05225
8039.3,0.05206
8051.8,0.05189
8064.3,0.05168
8076.9,0.05151
8089.5,0.05134
8102.1,0.05114
8114.8,0.05093
8127.5,0.05075
8140.3,0.05054
8153.1,0.05034
8165.9,0.05016
8178.8,0.04998
8191.7,0.04976
8204.7,0.04954
8217.7,0.04927
8230.7,0.04908
8243.8,0.04889
8257.0,0.04866
8270.1,0.04841
8283.3,0.04819
8296.6,0.04795
8309.9,0.04776
8323.2,0.04756
8336.6,0.04739
8350.0,0.04716
8363.5,0.04694
8377.0,0.0467
8390.5,0.04647
8404.2,0.04626
8417.8,0.04604
8431.5,0.04579
8445.2,0.0456
8459.0,0.04541
8472.8,0.04523
8486.7,0.04497
8500.6,0.0447
8514.5,0.04446
8528.5,0.04428
8542.6,0.04405
8556.7,0.04383
8570.8,0.04357
8585.0,0.04336
8599.3,0.04313
8613.5,0.04292
8627.9,0.04268
8642.3,0.04248
8656.7,0.04227
8671.2,0.04212
8685.7,0.04191
8700.3,0.04173
8714.9,0.04157
8729.6,0.04142
8744.3,0.04122
8759.0,0.04107
8773.9,0.04093
8788.7,0.04071
8803.7,0.04047
8818.6,0.04028
8833.7,0.03999
8848.7,0.03965
8863.8,0.03925
8879.0,0.03892
8894.3,0.03852
8909.5,0.03809
8924.9,0.03761
8940.3,0.0371
8955.7,0.03652
8971.2,0.03598
8986.8,0.0354
9002.3,0.03481
9018.0,0.03421
9033.7,0.03364
9049.5,0.03301
9065.3,0.03244
9081.2,0.03187
9097.1,0.03137
9113.1,0.03081
9129.1,0.03026
9145.2,0.02983
9161.4,0.02956
9177.6,0.02933
9193.9,0.02927
9210.2,0.02919
9226.6,0.02913
9243.0,0.029
9259.5,0.02891
9276.1,0.02881
9292.7,0.02873
9309.4,0.02869
9326.2,0.02873
9343.0,0.02873
9359.8,0.02876
9376.8,0.02876
9393.7,0.0288
9410.8,0.02877
9427.9,0.02882
9445.1,0.02892
9462.3,0.02909
9479.6,0.0292
9497.0,0.02934
9514.4,0.02941
9531.9,0.02935
9549.4,0.02915
9567.1,0.02904
9584.7,0.0289
9602.5,0.02873
9620.3,0.02842
9638.2,0.02815
9656.1,0.02781
9674.2,0.02744
9692.2,0.02705
9710.4,0.02672
9728.6,0.02628
9746.9,0.02595
9765.2,0.02561
9783.7,0.02534
9802.2,0.02509
9820.7,0.02486
9839.4,0.02458
9858.1,0.0244
9876.8,0.02421
9895.7,0.02412
9914.6,0.02398
9933.6,0.02391
9952.7,0.02386
9971.8,0.02391
9991.0,0.02391
10010.3,0.02397
10029.7,0.02404
10049.1,0.02418
10068.6,0.02436
10088.2,0.02466
10107.9,0.02495
10127.6,0.02526
10147.4,0.02561
10167.3,0.02605
10187.3,0.02643
10207.4,0.02688
10227.5,0.02729
10247.7,0.02766
10268.0,0.0279
10288.4,0.02811
10308.8,0.02819
10329.4,0.02817
10350.0,0.02791
10370.7,0.02762
10391.5,0.02739
10412.3,0.02735
10433.3,0.02759
10454.3,0.0282
10475.5,0.02894
10496.7,0.02971
10517.9,0.03025
10539.3,0.03064
10560.8,0.03094
10582.3,0.0315
10604.0,0.03244
10625.7,0.03366
10647.5,0.03491
10669.4,0.03607
10691.4,0.03703
10713.5,0.03791
10735.7,0.0386
10758.0,0.03917
10780.3,0.0397
10802.8,0.0402
10825.4,0.04058
10848.0,0.04086
10870.8,0.04107
10893.6,0.04126
10916.5,0.04146
10939.5,0.04162
10962.7,0.0417
10985.9,0.04181
11009.2,0.04195
11032.7,0.04212
11056.2,0.04228
11079.8,0.0424
11103.5,0.04244
11127.3,0.04253
11151.3,0.04262
11175.3,0.04274
11199.5,0.04288
11223.7,0.04291
11248.0,0.04285
11272.5,0.04287
11297.1,0.04279
11321.7,0.04258
11346.5,0.04231
11371.4,0.042
11396.4,0.0417
11421.5,0.04136
11446.7,0.04085
11472.0,0.04035
11497.5,0.03977
11523.0,0.0392
11548.7,0.03859
11574.4,0.038
11600.3,0.03748
11626.3,0.03705
11652.5,0.03672
11678.7,0.03659
11705.1,0.03652
11731.6,0.03653
11758.2,0.03651
11784.9,0.03658
11811.7,0.03664
11838.7,0.03646
11865.8,0.03591
11893.0,0.03501
11920.3,0.03409
11947.8,0.03384
11975.4,0.03457
12003.1,0.03605
12031.0,0.03793
12059.0,0.04019
12087.1,0.04255
12115.3,0.04481
12143.7,0.04685
12172.2,0.04874
12200.8,0.05051
12229.6,0.05211
12258.5,0.05354
12287.6,0.05481
12316.8,0.05578
12346.1,0.05643
12375.5,0.05687
12405.2,0.05729
12434.9,0.05762
12464.8,0.05781
12494.8,0.05794
12525.0,0.05799
12555.3,0.05799
12585.8,0.05786
12616.4,0.05769
12647.2,0.05743
12678.1,0.0571
12709.2,0.05681
12740.4,0.0565
12771.8,0.05614
12803.3,0.05577
12835.0,0.05529
12866.9,0.05468
12898.9,0.05417
12931.1,0.05373
12963.4,0.0533
12995.9,0.05265
13028.5,0.052
13061.3,0.05148
13094.3,0.05096
13127.5,0.05039
13160.8,0.04984
13194.3,0.04921
13228.0,0.04856
13261.8,0.04791
13295.8,0.04727
13330.0,0.04661
13364.3,0.04592
13398.9,0.04516
13433.6,0.04453
13468.5,0.04404
13503.5,0.04352
13538.8,0.04296
13574.2,0.04246
13609.9,0.04196
13645.7,0.04139
13681.7,0.04088
13717.9,0.04045
13754.3,0.04001
13790.8,0.03957
13827.6,0.03905
13864.6,0.03862
13901.8,0.03815
13939.1,0.03768
13976.7,0.03712
14014.5,0.03652
14052.5,0.03592
14090.7,0.03547
14129.0,0.03498
14167.7,0.03446
14206.5,0.03394
14245.5,0.03353
14284.7,0.03314
14324.2,0.03273
14363.9,0.03225
14403.8,0.03183
14443.9,0.03137
14484.2,0.03098
14524.8,0.03053
14565.6,0.03012
14606.7,0.02966
14647.9,0.02918
14689.4,0.02884
14731.2,0.02847
14773.1,0.02785
14815.3,0.02734
14857.8,0.02693
14900.5,0.02672
14943.4,0.02656
14986.6,0.02651
15030.0,0.02639
15073.7,0.02621
15117.7,0.02595
15161.9,0.02573
15206.3,0.0254
15251.1,0.02504
15296.1,0.02463
15341.3,0.02423
15386.8,0.02379
15432.6,0.02319
15478.7,0.02247
15525.0,0.02189
15571.7,0.02128
15618.6,0.0208
15665.8,0.02013
15713.2,0.01961
15761.0,0.01921
15809.0,0.01879
15857.4,0.01843
15906.0,0.01822
15955.0,0.01792
16004.2,0.01776
16053.8,0.0177
16103.6,0.01773
16153.8,0.01767
16204.3,0.01787
16255.1,0.018
16306.2,0.01821
16357.6,0.01826
16409.4,0.0184
16461.5,0.01851
16513.9,0.01864
16566.7,0.01881
16619.8,0.01895
16673.2,0.01891
16727.0,0.01902
16781.1,0.01924
16835.6,0.01948
16890.5,0.01967
16945.7,0.01981
17001.2,0.01984
17057.2,0.0201
17113.4,0.02016
17170.1,0.02018
17227.2,0.02021
17284.6,0.0203
17342.4,0.02017
17400.6,0.02021
17459.2,0.02019
17518.2,0.02007
17577.5,0.01993
17637.3,0.01993
17697.5,0.0197
17758.1,0.01977
17819.2,0.01984
17880.6,0.01995
17942.5,0.02041
18004.8,0.02114
18067.5,0.02167
18130.7,0.02242
18194.3,0.02348
18258.4,0.02465
18322.9,0.02578
18387.9,0.02695
18453.3,0.02797
18519.2,0.02891
18585.6,0.02991
18652.4,0.03105
18719.8,0.03168
18787.6,0.032
18855.9,0.03227
18924.8,0.0325
18994.1,0.03266
19063.9,0.0324
19134.3,0.03196
19205.1,0.03197
19276.5,0.03168
19348.4,0.03133
19420.9,0.03114
19493.9,0.03086
19567.5,0.03053
19641.6,0.03069
19716.3,0.03067
19791.5,0.03014
19867.4,0.02989
19943.8,0.03039
20020.8,0.03053
20098.4,0.03044
20176.6,0.03069
20255.4,0.03121
20334.8,0.03133
20414.9,0.03141
20495.6,0.03142
20576.9,0.03158
20658.9,0.03131
20741.5,0.031
20824.8,0.03075
20908.8,0.0305
20993.4,0.03022
21078.8,0.02987
21164.8,0.02953
21251.6,0.02932
21339.0,0.02888
21427.2,0.02854
21516.1,0.0279
21605.8,0.0276
21696.2,0.02729
21787.3,0.02708
21879.3,0.02651
21972.0,0.02592
22065.5,0.02528
22159.8,0.02543
22254.9,0.02562
22350.8,0.02544
22447.5,0.02458
22545.1,0.02428
22643.6,0.02429
22742.9,0.02465
22843.1,0.02512
22944.2,0.02542
23046.2,0.02526
23149.0,0.0251
23252.8,0.02511
23357.6,0.02595
23463.3,0.02623
23569.9,0.02734
23677.6,0.02814
23786.2,0.029
23895.8,0.02922
24006.4,0.02997
24118.1,0.03086
24230.8,0.03217
24344.5,0.03208
24459.4,0.03304
24575.3,0.03392
24692.3,0.03367
24810.4,0.03346
24929.7,0.03402
25050.2,0.03438
