Composition,
Date Added,2015-09-22
Formula,
Grain Size Description,<45.0um
Grain Size,"(0.0, 45.0)"
Locality,"Lewis Cliff, Antarctica"
Minimum Wavelength,800
Sample Name,"LEW87254,16 (LL3.5) <45 um"
Maximum Wavelength,99719
Database of Origin,RELAB
Other Information,LL3.5
References,
Resolution,4.0
Material class,Rock
Sample Description,Asteroid-meteorite connection (NASA-F)
Sample ID,BIR2MT173A
Original Sample ID,MT-PFV-173-A
Viewing Geometry,unknown
Wavelength,Response
799.9,0.10994
800.0,0.10991
800.2,0.11101
800.3,0.11086
800.4,0.10997
800.5,0.11059
800.7,0.11139
800.8,0.11032
800.9,0.10937
801.0,0.1102
801.2,0.11129
801.3,0.11098
801.4,0.11007
801.5,0.11015
801.6,0.11094
801.8,0.11067
801.9,0.10984
802.0,0.10938
802.1,0.10898
802.3,0.10848
802.4,0.10889
802.5,0.1097
802.6,0.11019
802.8,0.10953
802.9,0.1094
803.0,0.10975
803.1,0.10965
803.3,0.10959
803.4,0.11006
803.5,0.1106
803.6,0.11013
803.8,0.11006
803.9,0.10984
804.0,0.10965
804.1,0.10955
804.3,0.10919
804.4,0.10989
804.5,0.11022
804.6,0.11047
804.8,0.11065
804.9,0.1101
805.0,0.11064
805.1,0.11081
805.3,0.10984
805.4,0.109
805.5,0.10991
805.6,0.1103
805.8,0.10946
805.9,0.10929
806.0,0.10953
806.1,0.1092
806.3,0.10921
806.4,0.11008
806.5,0.11013
806.6,0.10949
806.8,0.10932
806.9,0.10962
807.0,0.1105
807.1,0.10996
807.3,0.10965
807.4,0.11024
807.5,0.11069
807.6,0.11087
807.8,0.1096
807.9,0.10871
808.0,0.11001
808.1,0.1096
808.3,0.10987
808.4,0.11067
808.5,0.10969
808.6,0.10955
808.8,0.10987
808.9,0.10912
809.0,0.10862
809.2,0.10992
809.3,0.11107
809.4,0.11066
809.5,0.11038
809.7,0.1103
809.8,0.10993
809.9,0.10944
810.0,0.10942
810.2,0.10973
810.3,0.10948
810.4,0.10913
810.5,0.10898
810.7,0.11031
810.8,0.11074
810.9,0.10989
811.0,0.10965
811.2,0.1096
811.3,0.10947
811.4,0.10911
811.5,0.10987
811.7,0.11059
811.8,0.11042
811.9,0.10897
812.1,0.10795
812.2,0.10774
812.3,0.10923
812.4,0.11024
812.6,0.10971
812.7,0.10988
812.8,0.10996
813.0,0.10988
813.1,0.10997
813.2,0.11005
813.3,0.10933
813.5,0.10956
813.6,0.11002
813.7,0.11021
813.8,0.1102
814.0,0.10983
814.1,0.10983
814.2,0.10976
814.4,0.10882
814.5,0.10819
814.6,0.1086
814.7,0.10827
814.9,0.10853
815.0,0.10865
815.1,0.10868
815.3,0.10884
815.4,0.10933
815.5,0.10962
815.6,0.10963
815.8,0.10858
815.9,0.10815
816.0,0.10944
816.2,0.11085
816.3,0.10991
816.4,0.10834
816.5,0.10891
816.7,0.10957
816.8,0.10961
816.9,0.10949
817.0,0.10943
817.2,0.10991
817.3,0.10991
817.4,0.10988
817.6,0.10976
817.7,0.10973
817.8,0.10971
818.0,0.10995
818.1,0.10986
818.2,0.10899
818.3,0.10816
818.5,0.10944
818.6,0.10961
818.7,0.10845
818.9,0.10859
819.0,0.10942
819.1,0.11011
819.3,0.10916
819.4,0.1088
819.5,0.10897
819.6,0.10986
819.8,0.10997
819.9,0.10847
820.0,0.10843
820.2,0.10986
820.3,0.11008
820.4,0.10914
820.5,0.10837
820.7,0.10849
820.8,0.10933
820.9,0.11043
821.1,0.11054
821.2,0.11003
821.3,0.10928
821.5,0.10942
821.6,0.11025
821.7,0.11003
821.8,0.10918
822.0,0.10888
822.1,0.10908
822.2,0.11008
822.4,0.11057
822.5,0.10986
822.6,0.10916
822.8,0.10923
822.9,0.10939
823.0,0.10928
823.2,0.10823
823.3,0.10813
823.4,0.10969
823.5,0.11049
823.7,0.10953
823.8,0.10953
823.9,0.11073
824.1,0.11083
824.2,0.11014
824.3,0.10963
824.5,0.10891
824.6,0.10863
824.7,0.10952
824.8,0.11002
825.0,0.10917
825.1,0.10943
825.3,0.10942
825.4,0.10927
825.5,0.10924
825.6,0.10882
825.8,0.10868
825.9,0.10868
826.0,0.10916
826.2,0.10974
826.3,0.11029
826.4,0.10945
826.6,0.10821
826.7,0.10834
826.8,0.10947
827.0,0.11069
827.1,0.11084
827.2,0.10904
827.3,0.10815
827.5,0.10805
827.6,0.10863
827.8,0.1089
827.9,0.10933
828.0,0.10984
828.2,0.10943
828.3,0.10953
828.4,0.11054
828.5,0.1106
828.7,0.11012
828.8,0.10908
828.9,0.10803
829.1,0.1078
829.2,0.10866
829.3,0.10941
829.5,0.10901
829.6,0.10908
829.7,0.10881
829.9,0.10823
830.0,0.10796
830.1,0.10853
830.3,0.10908
830.4,0.10895
830.5,0.10826
830.7,0.10812
830.8,0.10888
830.9,0.1093
831.1,0.10957
831.2,0.10933
831.3,0.10835
831.5,0.10867
831.6,0.10876
831.7,0.10864
831.9,0.10954
832.0,0.10983
832.1,0.10891
832.3,0.10812
832.4,0.10838
832.5,0.10914
832.7,0.10998
832.8,0.10949
832.9,0.10973
833.1,0.10985
833.2,0.10924
833.3,0.10876
833.5,0.10863
833.6,0.10867
833.7,0.10802
833.9,0.10786
834.0,0.10805
834.1,0.10789
834.3,0.10789
834.4,0.10885
834.5,0.10957
834.7,0.10908
834.8,0.10888
835.0,0.1082
835.1,0.10815
835.2,0.10901
835.3,0.10877
835.5,0.10857
835.6,0.10871
835.8,0.10904
835.9,0.10861
836.0,0.10817
836.2,0.10823
836.3,0.10856
836.4,0.10902
836.6,0.10834
836.7,0.10795
836.8,0.10882
837.0,0.109
837.1,0.10803
837.2,0.10803
837.4,0.10861
837.5,0.10861
837.6,0.10812
837.8,0.10784
837.9,0.10835
838.0,0.10843
838.2,0.10823
838.3,0.10842
838.5,0.10907
838.6,0.10908
838.7,0.10815
838.9,0.10767
839.0,0.1079
839.1,0.10832
839.3,0.10864
839.4,0.10859
839.5,0.1092
839.7,0.10914
839.8,0.10853
840.0,0.10864
840.1,0.10836
840.2,0.10806
840.4,0.10776
840.5,0.10732
840.6,0.1077
840.8,0.10858
840.9,0.10837
841.0,0.10855
841.2,0.10853
841.3,0.10804
841.5,0.10815
841.6,0.10883
841.7,0.1083
841.9,0.10708
842.0,0.10718
842.1,0.10803
842.3,0.10856
842.4,0.10856
842.5,0.10818
842.7,0.10794
842.8,0.10885
843.0,0.10934
843.1,0.10846
843.2,0.10791
843.4,0.10782
843.5,0.1084
843.6,0.10848
843.8,0.10811
843.9,0.10808
844.0,0.10809
844.2,0.10801
844.3,0.10785
844.5,0.10778
844.6,0.10789
844.7,0.10848
844.9,0.10789
845.0,0.10743
845.2,0.10759
845.3,0.10803
845.4,0.10807
845.6,0.10781
845.7,0.10771
845.8,0.10774
846.0,0.10848
846.1,0.10829
846.3,0.10766
846.4,0.10772
846.5,0.10794
846.7,0.1077
846.8,0.108
847.0,0.10873
847.1,0.10875
847.2,0.10847
847.4,0.10831
847.5,0.10776
847.6,0.10736
847.8,0.10744
847.9,0.10847
848.1,0.10863
848.2,0.10821
848.3,0.10735
848.5,0.10734
848.6,0.10776
848.8,0.10783
848.9,0.10789
849.0,0.10814
849.2,0.10866
849.3,0.10814
849.5,0.10743
849.6,0.10732
849.7,0.10805
849.9,0.10861
850.0,0.10748
850.1,0.10703
850.3,0.10787
850.4,0.10839
850.6,0.10841
850.7,0.10801
850.8,0.1078
851.0,0.10758
851.1,0.1078
851.3,0.10829
851.4,0.108
851.5,0.10737
851.7,0.10702
851.8,0.10733
852.0,0.10809
852.1,0.10848
852.2,0.10868
852.4,0.10828
852.5,0.10768
852.7,0.1075
852.8,0.10731
852.9,0.10745
853.1,0.10778
853.2,0.10721
853.4,0.10711
853.5,0.10711
853.6,0.10726
853.8,0.1078
853.9,0.10812
854.1,0.10808
854.2,0.10823
854.3,0.10777
854.5,0.10724
854.6,0.10758
854.8,0.10745
854.9,0.1076
855.0,0.10801
855.2,0.10766
855.3,0.10767
855.5,0.10741
855.6,0.10713
855.8,0.10725
855.9,0.10782
856.0,0.10807
856.2,0.10821
856.3,0.10773
856.5,0.10708
856.6,0.10701
856.8,0.10699
856.9,0.10727
857.0,0.10758
857.2,0.10752
857.3,0.10748
857.5,0.10677
857.6,0.1071
857.7,0.10724
857.9,0.1071
858.0,0.1078
858.2,0.10785
858.3,0.10747
858.5,0.10729
858.6,0.1073
858.7,0.1076
858.9,0.10743
859.0,0.10738
859.2,0.10739
859.3,0.10717
859.4,0.10641
859.6,0.10661
859.7,0.1075
859.9,0.10751
860.0,0.10698
860.2,0.10733
860.3,0.10772
860.4,0.10733
860.6,0.10697
860.7,0.10672
860.9,0.10678
861.0,0.10679
861.2,0.10658
861.3,0.10642
861.4,0.10654
861.6,0.10751
861.7,0.1076
861.9,0.10653
862.0,0.10689
862.2,0.10744
862.3,0.10775
862.5,0.10781
862.6,0.10715
862.7,0.10653
862.9,0.107
863.0,0.10703
863.2,0.10665
863.3,0.10655
863.5,0.10672
863.6,0.10712
863.7,0.10786
863.9,0.10772
864.0,0.10758
864.2,0.10705
864.3,0.10646
864.5,0.10643
864.6,0.10665
864.8,0.10661
864.9,0.10658
865.0,0.10657
865.2,0.1067
865.3,0.10656
865.5,0.10641
865.6,0.10665
865.8,0.10647
865.9,0.10657
866.0,0.10672
866.2,0.10635
866.3,0.10651
866.5,0.10671
866.6,0.10644
866.8,0.10626
866.9,0.10631
867.1,0.10616
867.2,0.10651
867.3,0.10692
867.5,0.10696
867.6,0.10714
867.8,0.10692
867.9,0.10637
868.1,0.10616
868.2,0.10631
868.4,0.10617
868.5,0.10605
868.7,0.10641
868.8,0.10692
869.0,0.10682
869.1,0.10685
869.2,0.10685
869.4,0.10691
869.5,0.10648
869.7,0.10663
869.8,0.10659
870.0,0.10576
870.1,0.10569
870.3,0.10604
870.4,0.10676
870.6,0.10713
870.7,0.10665
870.8,0.10607
871.0,0.10607
871.1,0.10618
871.3,0.10588
871.4,0.10581
871.6,0.10599
871.7,0.10617
871.9,0.10603
872.0,0.1062
872.2,0.10603
872.3,0.10582
872.5,0.10558
872.6,0.10607
872.8,0.10672
872.9,0.10671
873.0,0.10639
873.2,0.10671
873.3,0.10673
873.5,0.10634
873.6,0.10652
873.8,0.10676
873.9,0.10665
874.1,0.1067
874.2,0.1066
874.4,0.10644
874.5,0.10628
874.7,0.106
874.8,0.10592
875.0,0.10586
875.1,0.10591
875.3,0.10598
875.4,0.10578
875.5,0.10569
875.7,0.10605
875.8,0.10597
876.0,0.10589
876.2,0.10575
876.3,0.10583
876.4,0.10578
876.6,0.10553
876.7,0.10568
876.9,0.10629
877.0,0.10618
877.2,0.10641
877.3,0.10647
877.5,0.10621
877.6,0.10594
877.8,0.10579
877.9,0.10547
878.1,0.10561
878.2,0.10578
878.4,0.10562
878.5,0.10586
878.7,0.10564
878.8,0.10526
879.0,0.10553
879.1,0.10563
879.3,0.10592
879.4,0.106
879.6,0.10558
879.7,0.10547
879.9,0.10503
880.0,0.10528
880.2,0.1056
880.3,0.10574
880.5,0.10581
880.6,0.10571
880.8,0.10574
880.9,0.1057
881.1,0.10551
881.2,0.1056
881.4,0.1062
881.5,0.10573
881.7,0.10493
881.8,0.10533
882.0,0.10571
882.1,0.10535
882.3,0.10537
882.4,0.10563
882.6,0.10542
882.7,0.10535
882.9,0.10526
883.0,0.10545
883.2,0.10541
883.3,0.10556
883.5,0.1056
883.6,0.10534
883.8,0.10516
883.9,0.10514
884.1,0.10502
884.2,0.10499
884.4,0.10518
884.5,0.10491
884.7,0.10492
884.8,0.10495
885.0,0.10483
885.1,0.10531
885.3,0.10524
885.4,0.10493
885.6,0.10495
885.7,0.10504
885.9,0.10522
886.0,0.10482
886.2,0.10438
886.3,0.10455
886.5,0.10489
886.6,0.10521
886.8,0.10479
886.9,0.10463
887.1,0.10486
887.2,0.10494
887.4,0.1049
887.5,0.10501
887.7,0.10545
887.8,0.10541
888.0,0.10497
888.2,0.10443
888.3,0.10408
888.5,0.10417
888.6,0.10468
888.8,0.10525
888.9,0.10555
889.1,0.10561
889.2,0.10553
889.4,0.10518
889.5,0.10516
889.7,0.1054
889.8,0.10542
890.0,0.10529
890.1,0.10543
890.3,0.10509
890.4,0.10454
890.6,0.10471
890.8,0.10491
890.9,0.10483
891.0,0.1048
891.2,0.10497
891.4,0.10482
891.5,0.10483
891.7,0.10489
891.8,0.10509
892.0,0.10482
892.1,0.10428
892.3,0.10433
892.4,0.10499
892.6,0.10507
892.7,0.10465
892.9,0.10463
893.0,0.10448
893.2,0.10456
893.4,0.1048
893.5,0.10456
893.7,0.10454
893.8,0.10475
894.0,0.10509
894.1,0.1053
894.3,0.10508
894.4,0.10469
894.6,0.10455
894.7,0.10455
894.9,0.10463
895.0,0.1049
895.2,0.10498
895.4,0.1049
895.5,0.10499
895.7,0.105
895.8,0.10515
896.0,0.10528
896.1,0.10515
896.3,0.10478
896.4,0.10441
896.6,0.10457
896.8,0.10489
896.9,0.10447
897.1,0.10424
897.2,0.10434
897.4,0.10459
897.5,0.1048
897.7,0.10441
897.8,0.10429
898.0,0.10444
898.2,0.10433
898.3,0.10429
898.5,0.10435
898.6,0.10424
898.8,0.10425
898.9,0.10473
899.1,0.10445
899.2,0.10406
899.4,0.10431
899.6,0.10475
899.7,0.10463
899.9,0.10447
900.0,0.10452
900.2,0.10458
900.3,0.10475
900.5,0.1048
900.7,0.10437
900.8,0.10453
901.0,0.10481
901.1,0.1044
901.3,0.10422
901.4,0.1044
901.6,0.10409
901.8,0.10404
901.9,0.10415
902.1,0.10414
902.2,0.10431
902.4,0.10453
902.5,0.10467
902.7,0.10453
902.8,0.10458
903.0,0.10444
903.2,0.10444
903.3,0.10446
903.5,0.10428
903.6,0.10439
903.8,0.10449
904.0,0.10427
904.1,0.1043
904.3,0.10434
904.4,0.10444
904.6,0.10457
904.7,0.10436
904.9,0.10399
905.0,0.10409
905.2,0.1042
905.4,0.10421
905.5,0.10446
905.7,0.10446
905.8,0.1043
906.0,0.10418
906.2,0.10419
906.3,0.10419
906.5,0.10437
906.6,0.10424
906.8,0.10406
907.0,0.10393
907.1,0.1038
907.3,0.10371
907.4,0.10357
907.6,0.10376
907.7,0.10416
907.9,0.10428
908.1,0.1041
908.2,0.10432
908.4,0.10415
908.5,0.10382
908.7,0.10365
908.9,0.10391
909.0,0.1042
909.2,0.10403
909.3,0.10392
909.5,0.10394
909.7,0.10427
909.8,0.1042
910.0,0.1038
910.1,0.10391
910.3,0.10405
910.5,0.10412
910.6,0.10409
910.8,0.10392
910.9,0.10392
911.1,0.10399
911.3,0.10401
911.4,0.10381
911.6,0.10392
911.7,0.10406
911.9,0.10379
912.1,0.10366
912.2,0.10374
912.4,0.10376
912.5,0.10367
912.7,0.10359
912.9,0.10364
913.0,0.10357
913.2,0.10361
913.3,0.10398
913.5,0.10428
913.7,0.10403
913.8,0.10374
914.0,0.10384
914.2,0.10387
914.3,0.10404
914.5,0.10411
914.6,0.10405
914.8,0.10415
915.0,0.10402
915.1,0.10393
915.3,0.10409
915.4,0.104
915.6,0.10389
915.8,0.10352
915.9,0.10374
916.1,0.10418
916.3,0.10397
916.4,0.10384
916.6,0.10402
916.7,0.10418
916.9,0.10415
917.1,0.10401
917.2,0.10369
917.4,0.10364
917.5,0.10375
917.7,0.10384
917.9,0.10397
918.0,0.10388
918.2,0.10376
918.4,0.1038
918.5,0.10372
918.7,0.10359
918.8,0.10373
919.0,0.10405
919.2,0.10398
919.3,0.10373
919.5,0.10364
919.7,0.10375
919.8,0.10374
920.0,0.10364
920.2,0.10374
920.3,0.10383
920.5,0.1037
920.6,0.10361
920.8,0.1034
921.0,0.10353
921.1,0.10361
921.3,0.10357
921.5,0.10366
921.6,0.10374
921.8,0.10365
922.0,0.10352
922.1,0.10357
922.3,0.1034
922.4,0.10332
922.6,0.10341
922.8,0.10356
922.9,0.10353
923.1,0.10346
923.3,0.10351
923.4,0.10353
923.6,0.10361
923.8,0.10357
923.9,0.10362
924.1,0.10349
924.3,0.10312
924.4,0.1031
924.6,0.10355
924.7,0.10398
924.9,0.10397
925.1,0.10367
925.2,0.10341
925.4,0.10338
925.6,0.10351
925.7,0.10376
925.9,0.10379
926.1,0.10371
926.2,0.10376
926.4,0.10369
926.6,0.10347
926.7,0.10358
926.9,0.1036
927.1,0.10352
927.2,0.10348
927.4,0.10361
927.6,0.1039
927.7,0.10394
927.9,0.1037
928.0,0.10357
928.2,0.10357
928.4,0.10358
928.5,0.10372
928.7,0.10367
928.9,0.1035
929.0,0.10353
929.2,0.10345
929.4,0.10351
929.5,0.10365
929.7,0.10374
929.9,0.10365
930.0,0.10362
930.2,0.10367
930.4,0.10343
930.5,0.10336
930.7,0.10347
930.9,0.10356
931.0,0.10349
931.2,0.10347
931.4,0.10344
931.6,0.10331
931.7,0.10334
931.9,0.10347
932.1,0.10353
932.2,0.10357
932.4,0.10344
932.6,0.10346
932.7,0.10345
932.9,0.10342
933.1,0.10347
933.2,0.10345
933.4,0.10344
933.6,0.1035
933.7,0.10357
933.9,0.10348
934.1,0.10337
934.2,0.10337
934.4,0.10341
934.6,0.10335
934.8,0.10343
934.9,0.10368
935.1,0.10366
935.3,0.10343
935.4,0.10327
935.6,0.10337
935.8,0.10336
935.9,0.10318
936.1,0.10329
936.3,0.10343
936.4,0.10343
936.6,0.10346
936.8,0.1035
936.9,0.10338
937.1,0.10336
937.3,0.1033
937.5,0.10308
937.6,0.10321
937.8,0.10338
938.0,0.10347
938.1,0.1033
938.3,0.10306
938.5,0.10312
938.6,0.10339
938.8,0.10336
939.0,0.1033
939.2,0.10338
939.3,0.10362
939.5,0.10341
939.7,0.10329
939.8,0.10349
940.0,0.10347
940.2,0.10335
940.3,0.10353
940.5,0.10367
940.7,0.10339
940.8,0.10315
941.0,0.10332
941.2,0.10342
941.4,0.10338
941.5,0.10334
941.7,0.10342
941.9,0.10362
942.0,0.10359
942.2,0.10332
942.4,0.10326
942.6,0.10334
942.7,0.10353
942.9,0.10339
943.1,0.10318
943.3,0.10321
943.4,0.10329
943.6,0.10315
943.8,0.10331
943.9,0.10352
944.1,0.10336
944.3,0.10327
944.5,0.10342
944.6,0.1035
944.8,0.10343
945.0,0.1033
945.1,0.10343
945.3,0.10348
945.5,0.10356
945.7,0.10368
945.8,0.10371
946.0,0.10358
946.2,0.10339
946.3,0.1035
946.5,0.10358
946.7,0.10325
946.9,0.10302
947.0,0.10312
947.2,0.10328
947.4,0.10315
947.6,0.10302
947.7,0.10312
947.9,0.10333
948.1,0.10342
948.3,0.10343
948.4,0.10328
948.6,0.10324
948.8,0.10346
949.0,0.10355
949.1,0.10332
949.3,0.10313
949.5,0.10322
949.6,0.10329
949.8,0.10321
950.0,0.10318
950.2,0.10333
950.3,0.10362
950.5,0.10351
950.7,0.10312
950.9,0.103
951.0,0.10314
951.2,0.10344
951.4,0.10352
951.6,0.10332
951.7,0.10315
951.9,0.1032
952.1,0.10347
952.3,0.10375
952.4,0.10353
952.6,0.1033
952.8,0.10353
953.0,0.1036
953.1,0.10347
953.3,0.10332
953.5,0.10332
953.7,0.1034
953.8,0.10337
954.0,0.10339
954.2,0.10354
954.4,0.10376
954.5,0.1037
954.7,0.10359
954.9,0.10347
955.1,0.10346
955.2,0.10366
955.4,0.10359
955.6,0.10346
955.8,0.10355
956.0,0.10367
956.1,0.10365
956.3,0.10361
956.5,0.10348
956.7,0.10348
956.8,0.10363
957.0,0.1035
957.2,0.10347
957.4,0.10359
957.5,0.10355
957.7,0.1035
957.9,0.10351
958.1,0.10353
958.2,0.10352
958.4,0.10357
958.6,0.10375
958.8,0.10374
959.0,0.10361
959.1,0.10371
959.3,0.10372
959.5,0.10337
959.7,0.10328
959.8,0.10357
960.0,0.10351
960.2,0.1033
960.4,0.10344
960.5,0.10361
960.7,0.10368
960.9,0.1037
961.1,0.10363
961.3,0.10371
961.4,0.1038
961.6,0.10373
961.8,0.10366
962.0,0.10353
962.2,0.10346
962.3,0.10344
962.5,0.1034
962.7,0.10352
962.9,0.10356
963.0,0.10364
963.2,0.10381
963.4,0.10373
963.6,0.10367
963.8,0.10366
963.9,0.10346
964.1,0.10335
964.3,0.10345
964.5,0.10361
964.7,0.10379
964.8,0.10391
965.0,0.10379
965.2,0.10347
965.4,0.10344
965.6,0.10368
965.7,0.1038
965.9,0.10365
966.1,0.10345
966.3,0.10336
966.5,0.10345
966.6,0.10358
966.8,0.10365
967.0,0.10381
967.2,0.10362
967.4,0.10348
967.5,0.10363
967.7,0.10371
967.9,0.10373
968.1,0.10365
968.3,0.10363
968.4,0.10367
968.6,0.10371
968.8,0.10362
969.0,0.10374
969.2,0.10378
969.3,0.10389
969.5,0.10398
969.7,0.10387
969.9,0.1036
970.1,0.10354
970.3,0.10358
970.4,0.10356
970.6,0.1035
970.8,0.10365
971.0,0.10378
971.2,0.10375
971.3,0.10381
971.5,0.10378
971.7,0.10382
971.9,0.10372
972.1,0.10375
972.3,0.10396
972.4,0.10381
972.6,0.10375
972.8,0.10376
973.0,0.10384
973.2,0.10395
973.3,0.104
973.5,0.10404
973.7,0.10397
973.9,0.10385
974.1,0.10381
974.3,0.10387
974.5,0.10397
974.6,0.10399
974.8,0.10411
975.0,0.10404
975.2,0.10383
975.4,0.10384
975.5,0.10396
975.7,0.10396
975.9,0.10387
976.1,0.10389
976.3,0.10392
976.5,0.10402
976.7,0.10404
976.8,0.10403
977.0,0.10399
977.2,0.10389
977.4,0.10383
977.6,0.10375
977.8,0.10376
977.9,0.10381
978.1,0.10395
978.3,0.10407
978.5,0.104
978.7,0.10393
978.9,0.104
979.0,0.10403
979.2,0.10402
979.4,0.10399
979.6,0.1039
979.8,0.10408
980.0,0.10418
980.2,0.10402
980.3,0.10394
980.5,0.10401
980.7,0.10393
980.9,0.1038
981.1,0.10394
981.3,0.10412
981.5,0.10418
981.7,0.10411
981.8,0.10413
982.0,0.10424
982.2,0.10407
982.4,0.10394
982.6,0.10412
982.8,0.10436
983.0,0.10429
983.1,0.1041
983.3,0.10406
983.5,0.10406
983.7,0.10412
983.9,0.10406
984.1,0.10408
984.3,0.10402
984.4,0.10394
984.6,0.10406
984.8,0.10408
985.0,0.10388
985.2,0.10396
985.4,0.10402
985.6,0.10389
985.8,0.10408
985.9,0.1043
986.1,0.10418
986.3,0.1041
986.5,0.10417
986.7,0.10412
986.9,0.10418
987.1,0.10423
987.3,0.10415
987.4,0.10412
987.6,0.10403
987.8,0.10399
988.0,0.10415
988.2,0.10425
988.4,0.1041
988.6,0.10409
988.8,0.10407
989.0,0.10414
989.1,0.10421
989.3,0.10407
989.5,0.10415
989.7,0.10422
989.9,0.10413
990.1,0.10415
990.3,0.10424
990.5,0.1043
990.7,0.10437
990.8,0.10447
991.0,0.1045
991.2,0.10435
991.4,0.1043
991.6,0.10426
991.8,0.10413
992.0,0.10426
992.2,0.10445
992.4,0.10438
992.5,0.10423
992.7,0.10421
992.9,0.1042
993.1,0.10413
993.3,0.10412
993.5,0.1042
993.7,0.10422
993.9,0.10423
994.1,0.10425
994.3,0.10432
994.5,0.10429
994.6,0.10423
994.8,0.10427
995.0,0.10438
995.2,0.10428
995.4,0.10421
995.6,0.10437
995.8,0.10441
996.0,0.10433
996.2,0.10433
996.4,0.10431
996.5,0.10439
996.7,0.10438
996.9,0.10446
997.1,0.1045
997.3,0.10446
997.5,0.10448
997.7,0.10453
997.9,0.10457
998.1,0.10457
998.3,0.10445
998.5,0.10436
998.7,0.10431
998.9,0.10429
999.0,0.10447
999.2,0.10449
999.4,0.1044
999.6,0.10451
999.8,0.10461
1000.0,0.10457
1000.2,0.10455
1000.4,0.10469
1000.6,0.10456
1000.8,0.10434
1001.0,0.10446
1001.2,0.10462
1001.4,0.10468
1001.6,0.10454
1001.8,0.10445
1001.9,0.1045
1002.1,0.10456
1002.3,0.10457
1002.5,0.10463
1002.7,0.10461
1002.9,0.10453
1003.1,0.10452
1003.3,0.10448
1003.5,0.10437
1003.7,0.10442
1003.9,0.10452
1004.1,0.10459
1004.3,0.10456
1004.5,0.10455
1004.7,0.10468
1004.9,0.10455
1005.0,0.10458
1005.3,0.10483
1005.4,0.10489
1005.6,0.10487
1005.8,0.10468
1006.0,0.10458
1006.2,0.10468
1006.4,0.10479
1006.6,0.10472
1006.8,0.10458
1007.0,0.10465
1007.2,0.10478
1007.4,0.10475
1007.6,0.10469
1007.8,0.10477
1008.0,0.10483
1008.2,0.1048
1008.4,0.10482
1008.6,0.10475
1008.8,0.10478
1009.0,0.10484
1009.2,0.10477
1009.4,0.10473
1009.5,0.10474
1009.8,0.10471
1010.0,0.1047
1010.1,0.10472
1010.3,0.10465
1010.5,0.1046
1010.7,0.10469
1010.9,0.10478
1011.1,0.10477
1011.3,0.10472
1011.5,0.10478
1011.7,0.10489
1011.9,0.10485
1012.1,0.1049
1012.3,0.10481
1012.5,0.10469
1012.7,0.10464
1012.9,0.10461
1013.1,0.10467
1013.3,0.10478
1013.5,0.10483
1013.7,0.10486
1013.9,0.1049
1014.1,0.10493
1014.3,0.10493
1014.5,0.10496
1014.7,0.10489
1014.9,0.1048
1015.1,0.10477
1015.3,0.10474
1015.5,0.10476
1015.7,0.10479
1015.9,0.10501
1016.1,0.10503
1016.3,0.10487
1016.5,0.10489
1016.7,0.10494
1016.9,0.10489
1017.1,0.1049
1017.3,0.10491
1017.5,0.10497
1017.7,0.10496
1017.9,0.10484
1018.1,0.10486
1018.3,0.10507
1018.5,0.10519
1018.7,0.10517
1018.9,0.10513
1019.1,0.10519
1019.3,0.10523
1019.5,0.10525
1019.7,0.10512
1019.9,0.10511
1020.1,0.1051
1020.3,0.10503
1020.5,0.10501
1020.7,0.105
1020.9,0.10496
1021.1,0.105
1021.3,0.10501
1021.5,0.10502
1021.7,0.10497
1021.9,0.10513
1022.1,0.10528
1022.3,0.10527
1022.5,0.10523
1022.7,0.10518
1022.9,0.10516
1023.1,0.10515
1023.3,0.10517
1023.5,0.10525
1023.7,0.1052
1023.9,0.1052
1024.1,0.10518
1024.3,0.10516
1024.5,0.10518
1024.7,0.10518
1024.9,0.10526
1025.1,0.10539
1025.3,0.10533
1025.5,0.10514
1025.7,0.10522
1025.9,0.10536
1026.1,0.10528
1026.3,0.10527
1026.5,0.10528
1026.8,0.10535
1026.9,0.10539
1027.2,0.10526
1027.4,0.10524
1027.6,0.10528
1027.8,0.10527
1028.0,0.10529
1028.2,0.10535
1028.4,0.10528
1028.6,0.10528
1028.8,0.10529
1029.0,0.10538
1029.2,0.10537
1029.4,0.10534
1029.6,0.10537
1029.8,0.10544
1030.0,0.10534
1030.2,0.10535
1030.4,0.10548
1030.6,0.10548
1030.8,0.10537
1031.0,0.10532
1031.2,0.10538
1031.4,0.10531
1031.7,0.10529
1031.8,0.10534
1032.1,0.10541
1032.3,0.10546
1032.5,0.10547
1032.7,0.10559
1032.9,0.10565
1033.1,0.10558
1033.3,0.10557
1033.5,0.10558
1033.7,0.10567
1033.9,0.10574
1034.1,0.10565
1034.3,0.10551
1034.5,0.10557
1034.7,0.10566
1034.9,0.10571
1035.2,0.10561
1035.4,0.1056
1035.6,0.10568
1035.8,0.10563
1036.0,0.10552
1036.2,0.10562
1036.4,0.10564
1036.6,0.10563
1036.8,0.10571
1037.0,0.10577
1037.2,0.10587
1037.4,0.10583
1037.6,0.10575
1037.8,0.10576
1038.1,0.10576
1038.3,0.1057
1038.5,0.10568
1038.7,0.10575
1038.9,0.10579
1039.1,0.10575
1039.3,0.10574
1039.5,0.10583
1039.7,0.10582
1039.9,0.10579
1040.1,0.10582
1040.3,0.10582
1040.6,0.10581
1040.8,0.10584
1041.0,0.10588
1041.2,0.1059
1041.4,0.10588
1041.6,0.10586
1041.8,0.10578
1042.0,0.10577
1042.2,0.10584
1042.4,0.10589
1042.6,0.10584
1042.8,0.10589
1043.1,0.10598
1043.3,0.1059
1043.5,0.10593
1043.7,0.10599
1043.9,0.10593
1044.1,0.10593
1044.3,0.10587
1044.5,0.10588
1044.8,0.10596
1045.0,0.10604
1045.2,0.10614
1045.4,0.10618
1045.6,0.10608
1045.8,0.10601
1046.0,0.10596
1046.2,0.10597
1046.4,0.10602
1046.6,0.10603
1046.9,0.10601
1047.1,0.10599
1047.3,0.10603
1047.5,0.10607
1047.7,0.10605
1047.9,0.10605
1048.1,0.10608
1048.3,0.10606
1048.6,0.10609
1048.8,0.10611
1049.0,0.10602
1049.2,0.10605
1049.4,0.10622
1049.6,0.10627
1049.8,0.10621
1050.0,0.10622
1050.3,0.10621
1050.5,0.10624
1050.7,0.10629
1050.9,0.10623
1051.1,0.10625
1051.3,0.10627
1051.5,0.10629
1051.7,0.10623
1051.9,0.10623
1052.2,0.10624
1052.4,0.1063
1052.6,0.10627
1052.8,0.1062
1053.0,0.10614
1053.2,0.10622
1053.4,0.10637
1053.7,0.10638
1053.9,0.10631
1054.1,0.10624
1054.3,0.10633
1054.5,0.10641
1054.7,0.1064
1054.9,0.10642
1055.2,0.10641
1055.4,0.10637
1055.6,0.10646
1055.8,0.10648
1056.0,0.10651
1056.2,0.10655
1056.4,0.10657
1056.7,0.10647
1056.9,0.10647
1057.1,0.10653
1057.3,0.10647
1057.5,0.10642
1057.8,0.10649
1058.0,0.10653
1058.2,0.10662
1058.4,0.10674
1058.6,0.10678
1058.8,0.10678
1059.0,0.10669
1059.3,0.10662
1059.5,0.10665
1059.7,0.10667
1059.9,0.1067
1060.1,0.10671
1060.3,0.10664
1060.6,0.10663
1060.8,0.10662
1061.0,0.10668
1061.2,0.10679
1061.4,0.10677
1061.7,0.10677
1061.9,0.10674
1062.1,0.10671
1062.3,0.1067
1062.5,0.10668
1062.7,0.10683
1062.9,0.10692
1063.2,0.1068
1063.4,0.10672
1063.6,0.10675
1063.8,0.10687
1064.0,0.10688
1064.3,0.10686
1064.5,0.10689
1064.7,0.10686
1064.9,0.10683
1065.1,0.10685
1065.3,0.10688
1065.6,0.10692
1065.8,0.10701
1066.0,0.10697
1066.2,0.10699
1066.4,0.10705
1066.7,0.10701
1066.9,0.10701
1067.1,0.10699
1067.3,0.10693
1067.6,0.10693
1067.8,0.10688
1068.0,0.10695
1068.2,0.10713
1068.4,0.10713
1068.7,0.10705
1068.9,0.10706
1069.1,0.1071
1069.3,0.10704
1069.5,0.10706
1069.8,0.10712
1070.0,0.10715
1070.2,0.10711
1070.4,0.10708
1070.6,0.10721
1070.8,0.10731
1071.1,0.10728
1071.3,0.10725
1071.5,0.10722
1071.7,0.10722
1072.0,0.10728
1072.2,0.10722
1072.4,0.10715
1072.6,0.10717
1072.8,0.10726
1073.1,0.10727
1073.3,0.10723
1073.5,0.1072
1073.7,0.10721
1074.0,0.10726
1074.2,0.10738
1074.4,0.10751
1074.6,0.10749
1074.8,0.10739
1075.1,0.10737
1075.3,0.10741
1075.5,0.10739
1075.7,0.10739
1076.0,0.1074
1076.2,0.10742
1076.4,0.10745
1076.6,0.10736
1076.9,0.10735
1077.1,0.10753
1077.3,0.10755
1077.5,0.10745
1077.8,0.10739
1078.0,0.10735
1078.2,0.10742
1078.4,0.10754
1078.7,0.10756
1078.9,0.10752
1079.1,0.10752
1079.3,0.10754
1079.6,0.10757
1079.8,0.10763
1080.0,0.10762
1080.2,0.10764
1080.4,0.1077
1080.7,0.10761
1080.9,0.10755
1081.1,0.10766
1081.3,0.10769
1081.6,0.10762
1081.8,0.10765
1082.0,0.10773
1082.3,0.10774
1082.5,0.10778
1082.7,0.10784
1082.9,0.10789
1083.2,0.10781
1083.4,0.10772
1083.6,0.10774
1083.8,0.1078
1084.1,0.1078
1084.3,0.10782
1084.5,0.10787
1084.8,0.10787
1085.0,0.1079
1085.2,0.10789
1085.4,0.10783
1085.7,0.10781
1085.9,0.1079
1086.1,0.10796
1086.3,0.10793
1086.6,0.10796
1086.8,0.10799
1087.0,0.10799
1087.3,0.10799
1087.5,0.10798
1087.7,0.10803
1087.9,0.10803
1088.2,0.10806
1088.4,0.10804
1088.6,0.10796
1088.8,0.10804
1089.1,0.10811
1089.3,0.10812
1089.5,0.10812
1089.8,0.10814
1090.0,0.10818
1090.2,0.10814
1090.4,0.10803
1090.7,0.10809
1090.9,0.10811
1091.1,0.10825
1091.4,0.10835
1091.6,0.10829
1091.8,0.1083
1092.1,0.10832
1092.3,0.10832
1092.5,0.10823
1092.8,0.10818
1093.0,0.10818
1093.2,0.10826
1093.4,0.10833
1093.7,0.10832
1093.9,0.10832
1094.1,0.10837
1094.4,0.1084
1094.6,0.10842
1094.8,0.10846
1095.1,0.10848
1095.3,0.10847
1095.5,0.1084
1095.8,0.10839
1096.0,0.10842
1096.2,0.10848
1096.4,0.10855
1096.7,0.10853
1096.9,0.10854
1097.1,0.10851
1097.4,0.10852
1097.6,0.10854
1097.8,0.10849
1098.1,0.10853
1098.3,0.10861
1098.5,0.10865
1098.8,0.10858
1099.0,0.10858
1099.2,0.10863
1099.5,0.10862
1099.7,0.10862
1099.9,0.10864
1100.2,0.10871
1100.4,0.10875
1100.6,0.10878
1100.9,0.10881
1101.1,0.10876
1101.3,0.10878
1101.6,0.1088
1101.8,0.10872
1102.0,0.10869
1102.3,0.1088
1102.5,0.10885
1102.7,0.10886
1103.0,0.10887
1103.2,0.10883
1103.4,0.10884
1103.7,0.10884
1103.9,0.10891
1104.2,0.10902
1104.4,0.10895
1104.6,0.10891
1104.9,0.10894
1105.1,0.10891
1105.3,0.1089
1105.6,0.10897
1105.8,0.10904
1106.0,0.10904
1106.3,0.10906
1106.5,0.10911
1106.7,0.10907
1107.0,0.10899
1107.2,0.10901
1107.4,0.10913
1107.7,0.10924
1107.9,0.10919
1108.2,0.10907
1108.4,0.10913
1108.6,0.10917
1108.9,0.10915
1109.1,0.10912
1109.3,0.10909
1109.6,0.10912
1109.8,0.10918
1110.1,0.10912
1110.3,0.10918
1110.5,0.10931
1110.8,0.10933
1111.0,0.10927
1111.3,0.10921
1111.5,0.10916
1111.7,0.10918
1112.0,0.10927
1112.2,0.10928
1112.4,0.10925
1112.7,0.10925
1112.9,0.10925
1113.2,0.10929
1113.4,0.10935
1113.6,0.10932
1113.9,0.10935
1114.1,0.10937
1114.3,0.10939
1114.6,0.10938
1114.8,0.10938
1115.1,0.10944
1115.3,0.10946
1115.6,0.10954
1115.8,0.1096
1116.0,0.10959
1116.3,0.10956
1116.5,0.10956
1116.8,0.10952
1117.0,0.10953
1117.2,0.10961
1117.5,0.10963
1117.7,0.10961
1118.0,0.10956
1118.2,0.10955
1118.4,0.10961
1118.7,0.1097
1118.9,0.10965
1119.2,0.10957
1119.4,0.10958
1119.7,0.10964
1119.9,0.10971
1120.1,0.10976
1120.4,0.10983
1120.6,0.10984
1120.9,0.10978
1121.1,0.10982
1121.3,0.10986
1121.6,0.10983
1121.8,0.10978
1122.1,0.10979
1122.3,0.10979
1122.6,0.10981
1122.8,0.10985
1123.0,0.10984
1123.3,0.10986
1123.5,0.10986
1123.8,0.10986
1124.0,0.10986
1124.3,0.10987
1124.5,0.10991
1124.8,0.10994
1125.0,0.10994
1125.2,0.1099
1125.5,0.10993
1125.7,0.11
1126.0,0.11006
1126.2,0.11005
1126.5,0.11001
1126.7,0.10999
1126.9,0.10997
1127.2,0.11004
1127.4,0.11013
1127.7,0.1101
1127.9,0.1101
1128.2,0.11014
1128.4,0.11012
1128.7,0.11013
1128.9,0.11022
1129.2,0.11022
1129.4,0.11017
1129.7,0.11019
1129.9,0.11022
1130.1,0.11025
1130.4,0.11026
1130.6,0.11029
1130.9,0.1103
1131.1,0.11024
1131.4,0.11023
1131.6,0.11028
1131.9,0.11025
1132.1,0.11022
1132.4,0.11024
1132.6,0.11028
1132.9,0.11035
1133.1,0.1104
1133.3,0.11043
1133.6,0.11048
1133.8,0.11047
1134.1,0.11044
1134.3,0.11037
1134.6,0.11029
1134.8,0.11032
1135.1,0.11037
1135.3,0.11043
1135.6,0.1104
1135.8,0.1104
1136.1,0.11049
1136.3,0.11056
1136.6,0.11056
1136.8,0.1105
1137.1,0.11053
1137.3,0.11054
1137.6,0.1105
1137.8,0.11047
1138.1,0.11049
1138.3,0.11051
1138.6,0.11053
1138.8,0.11051
1139.1,0.11051
1139.3,0.11056
1139.6,0.11063
1139.8,0.11065
1140.1,0.11063
1140.3,0.11069
1140.6,0.11068
1140.8,0.11067
1141.1,0.11067
1141.3,0.11067
1141.6,0.1107
1141.8,0.11069
1142.1,0.11064
1142.3,0.11068
1142.6,0.11076
1142.8,0.11075
1143.1,0.11073
1143.3,0.11071
1143.6,0.11074
1143.9,0.11081
1144.1,0.11076
1144.4,0.11073
1144.6,0.11075
1144.9,0.11084
1145.1,0.1109
1145.4,0.1109
1145.6,0.11088
1145.9,0.11086
1146.1,0.11084
1146.4,0.11086
1146.6,0.11089
1146.9,0.11083
1147.2,0.11085
1147.4,0.11089
1147.7,0.11091
1147.9,0.11101
1148.2,0.11105
1148.4,0.11105
1148.7,0.111
1148.9,0.11096
1149.2,0.11098
1149.4,0.111
1149.7,0.11102
1149.9,0.11099
1150.2,0.11099
1150.4,0.11102
1150.7,0.11104
1151.0,0.11108
1151.2,0.11103
1151.5,0.11102
1151.7,0.11104
1152.0,0.11101
1152.2,0.11107
1152.5,0.11112
1152.8,0.11109
1153.0,0.11108
1153.3,0.11109
1153.5,0.11104
1153.8,0.11108
1154.0,0.11112
1154.3,0.11111
1154.6,0.11108
1154.8,0.1111
1155.1,0.11114
1155.3,0.11115
1155.6,0.11112
1155.8,0.11112
1156.1,0.1112
1156.4,0.11125
1156.6,0.11132
1156.9,0.1113
1157.1,0.11125
1157.4,0.11125
1157.7,0.11126
1157.9,0.11131
1158.2,0.11135
1158.4,0.11136
1158.7,0.11141
1158.9,0.11141
1159.2,0.11135
1159.5,0.11129
1159.7,0.11134
1160.0,0.11141
1160.2,0.11141
1160.5,0.11144
1160.8,0.11146
1161.0,0.11146
1161.3,0.11144
1161.5,0.11142
1161.8,0.11144
1162.1,0.11142
1162.3,0.11144
1162.6,0.11146
1162.8,0.11144
1163.1,0.11138
1163.4,0.11144
1163.6,0.11153
1163.9,0.11153
1164.2,0.11146
1164.4,0.11147
1164.7,0.11152
1164.9,0.11158
1165.2,0.11155
1165.4,0.11156
1165.7,0.11156
1166.0,0.11161
1166.2,0.11162
1166.5,0.11163
1166.8,0.11163
1167.0,0.11161
1167.3,0.11163
1167.6,0.11166
1167.8,0.11166
1168.1,0.11165
1168.3,0.11162
1168.6,0.11161
1168.9,0.11163
1169.1,0.11162
1169.4,0.11168
1169.7,0.11177
1169.9,0.11175
1170.2,0.11168
1170.4,0.11169
1170.7,0.1117
1171.0,0.11168
1171.3,0.11172
1171.5,0.11179
1171.8,0.11178
1172.0,0.11174
1172.3,0.11173
1172.6,0.1117
1172.8,0.11175
1173.1,0.11186
1173.4,0.11191
1173.6,0.11185
1173.9,0.11183
1174.2,0.11183
1174.4,0.1118
1174.7,0.11179
1175.0,0.11179
1175.2,0.11182
1175.5,0.11185
1175.8,0.11185
1176.0,0.11187
1176.3,0.11186
1176.6,0.11184
1176.8,0.11182
1177.1,0.11187
1177.4,0.11189
1177.6,0.11186
1177.9,0.11189
1178.2,0.11194
1178.4,0.11195
1178.7,0.11194
1179.0,0.11196
1179.2,0.11201
1179.5,0.11198
1179.8,0.11195
1180.0,0.11198
1180.3,0.11205
1180.6,0.11202
1180.8,0.11196
1181.1,0.11202
1181.4,0.11205
1181.7,0.112
1181.9,0.112
1182.2,0.11204
1182.5,0.11201
1182.7,0.112
1183.0,0.11206
1183.3,0.11212
1183.5,0.11213
1183.8,0.11209
1184.1,0.11207
1184.4,0.11215
1184.6,0.11215
1184.9,0.11211
1185.2,0.11213
1185.4,0.11215
1185.7,0.11214
1186.0,0.11217
1186.3,0.11221
1186.5,0.11215
1186.8,0.11211
1187.1,0.11217
1187.3,0.1122
1187.6,0.11214
1187.9,0.11209
1188.2,0.11218
1188.4,0.11221
1188.7,0.11222
1189.0,0.11224
1189.3,0.11226
1189.5,0.1122
1189.8,0.11219
1190.1,0.1122
1190.3,0.11222
1190.6,0.11225
1190.9,0.11226
1191.2,0.11223
1191.4,0.11223
1191.7,0.11226
1192.0,0.1123
1192.3,0.11226
1192.5,0.11224
1192.8,0.11225
1193.1,0.11224
1193.3,0.11221
1193.6,0.11226
1193.9,0.11229
1194.2,0.1123
1194.4,0.11233
1194.7,0.11236
1195.0,0.11237
1195.3,0.11237
1195.6,0.11235
1195.8,0.11232
1196.1,0.11235
1196.4,0.11238
1196.7,0.11238
1196.9,0.11233
1197.2,0.11226
1197.5,0.11226
1197.8,0.11234
1198.0,0.1124
1198.3,0.11244
1198.6,0.1125
1198.9,0.11252
1199.2,0.1125
1199.4,0.11245
1199.7,0.11245
1200.0,0.1125
1200.3,0.11252
1200.5,0.11251
1200.8,0.11248
1201.1,0.11249
1201.4,0.11249
1201.7,0.11249
1201.9,0.11247
1202.2,0.11245
1202.5,0.11245
1202.8,0.11247
1203.0,0.11251
1203.3,0.11251
1203.6,0.11251
1203.9,0.11255
1204.2,0.11256
1204.4,0.11254
1204.7,0.11256
1205.0,0.11254
1205.3,0.11253
1205.6,0.11252
1205.8,0.11254
1206.1,0.11253
1206.4,0.1125
1206.7,0.11251
1207.0,0.11254
1207.2,0.11255
1207.5,0.11266
1207.8,0.11266
1208.1,0.11258
1208.4,0.11259
1208.7,0.11263
1208.9,0.11265
1209.2,0.11268
1209.5,0.11268
1209.8,0.11267
1210.1,0.11263
1210.3,0.11265
1210.6,0.11267
1210.9,0.11265
1211.2,0.11269
1211.5,0.11275
1211.8,0.11277
1212.0,0.11273
1212.3,0.11264
1212.6,0.11263
1212.9,0.1127
1213.2,0.11272
1213.5,0.11276
1213.7,0.11277
1214.0,0.11276
1214.3,0.1128
1214.6,0.11282
1214.9,0.11279
1215.2,0.11279
1215.4,0.11282
1215.7,0.11282
1216.0,0.11278
1216.3,0.1128
1216.6,0.1128
1216.9,0.11279
1217.2,0.1128
1217.4,0.1128
1217.7,0.11281
1218.0,0.11282
1218.3,0.11279
1218.6,0.11283
1218.9,0.11288
1219.2,0.1129
1219.4,0.11289
1219.7,0.11286
1220.0,0.11283
1220.3,0.11284
1220.6,0.11285
1220.9,0.11286
1221.2,0.11283
1221.5,0.11286
1221.8,0.11293
1222.0,0.11296
1222.3,0.11295
1222.6,0.1129
1222.9,0.11287
1223.2,0.11289
1223.5,0.11292
1223.8,0.11293
1224.1,0.11296
1224.3,0.11297
1224.6,0.11294
1224.9,0.11291
1225.2,0.11292
1225.5,0.11289
1225.8,0.11293
1226.1,0.11294
1226.4,0.11291
1226.7,0.11297
1227.0,0.11294
1227.3,0.11291
1227.5,0.11297
1227.8,0.11301
1228.1,0.11296
1228.4,0.11296
1228.7,0.113
1229.0,0.11303
1229.3,0.11306
1229.6,0.11298
1229.9,0.11296
1230.2,0.113
1230.4,0.11302
1230.7,0.11309
1231.0,0.11313
1231.3,0.11309
1231.6,0.11306
1231.9,0.11304
1232.2,0.11305
1232.5,0.11306
1232.8,0.11308
1233.1,0.11308
1233.4,0.11306
1233.7,0.11312
1234.0,0.11313
1234.3,0.11316
1234.6,0.11318
1234.8,0.11315
1235.1,0.11316
1235.4,0.11312
1235.7,0.11308
1236.0,0.1131
1236.3,0.11313
1236.6,0.11315
1236.9,0.11317
1237.2,0.11316
1237.5,0.11319
1237.8,0.11321
1238.1,0.11321
1238.4,0.11321
1238.7,0.11322
1239.0,0.11324
1239.3,0.11325
1239.6,0.1132
1239.9,0.1132
1240.2,0.1132
1240.5,0.11324
1240.8,0.11326
1241.1,0.11323
1241.3,0.11324
1241.7,0.11327
1241.9,0.11328
1242.2,0.11326
1242.5,0.11322
1242.8,0.11325
1243.1,0.11326
1243.4,0.11329
1243.7,0.11336
1244.0,0.11337
1244.3,0.11336
1244.6,0.11329
1244.9,0.11322
1245.2,0.11327
1245.5,0.11334
1245.8,0.11335
1246.1,0.11333
1246.4,0.11338
1246.7,0.1134
1247.0,0.11338
1247.3,0.11337
1247.6,0.11334
1247.9,0.11336
1248.2,0.11338
1248.5,0.11336
1248.8,0.11336
1249.1,0.11339
1249.4,0.11338
1249.7,0.11336
1250.0,0.11338
1250.3,0.11337
1250.6,0.11338
1250.9,0.11344
1251.2,0.11347
1251.5,0.11344
1251.8,0.11346
1252.1,0.11347
1252.4,0.11346
1252.8,0.11342
1253.1,0.11343
1253.3,0.11348
1253.7,0.1135
1254.0,0.11352
1254.3,0.11353
1254.6,0.11349
1254.9,0.1135
1255.2,0.11351
1255.5,0.11349
1255.8,0.11351
1256.1,0.11356
1256.4,0.11358
1256.7,0.11357
1257.0,0.11357
1257.3,0.11355
1257.6,0.11355
1257.9,0.11355
1258.2,0.11353
1258.5,0.11352
1258.8,0.11356
1259.1,0.11357
1259.4,0.11353
1259.8,0.11357
1260.1,0.11359
1260.4,0.11359
1260.7,0.1136
1261.0,0.1136
1261.3,0.11358
1261.6,0.11358
1261.9,0.11365
1262.2,0.11367
1262.5,0.11365
1262.8,0.11363
1263.1,0.11362
1263.4,0.11364
1263.7,0.11365
1264.1,0.11364
1264.4,0.11365
1264.7,0.11367
1265.0,0.11371
1265.3,0.1137
1265.6,0.11367
1265.9,0.11369
1266.2,0.1137
1266.5,0.11369
1266.8,0.11375
1267.1,0.11382
1267.4,0.11382
1267.8,0.11378
1268.1,0.11373
1268.4,0.11371
1268.7,0.1137
1269.0,0.11374
1269.3,0.11381
1269.6,0.11379
1269.9,0.1138
1270.2,0.11379
1270.6,0.11379
1270.9,0.1138
1271.2,0.11382
1271.5,0.11385
1271.8,0.11384
1272.1,0.11387
1272.4,0.11388
1272.7,0.11385
1273.1,0.1138
1273.4,0.11377
1273.7,0.11379
1274.0,0.11384
1274.3,0.11391
1274.6,0.11394
1274.9,0.11392
1275.2,0.11391
1275.6,0.11392
1275.9,0.11391
1276.2,0.11393
1276.5,0.11391
1276.8,0.11388
1277.1,0.11389
1277.4,0.1139
1277.8,0.11396
1278.1,0.11402
1278.4,0.11397
1278.7,0.11389
1279.0,0.1139
1279.3,0.11399
1279.7,0.11402
1280.0,0.114
1280.3,0.114
1280.6,0.11403
1280.9,0.11403
1281.2,0.11401
1281.6,0.11397
1281.9,0.114
1282.2,0.11407
1282.5,0.11406
1282.8,0.11408
1283.1,0.11407
1283.4,0.11404
1283.8,0.11406
1284.1,0.1141
1284.4,0.1141
1284.7,0.11408
1285.0,0.11407
1285.4,0.11408
1285.7,0.1141
1286.0,0.11414
1286.3,0.11416
1286.6,0.11414
1286.9,0.11414
1287.3,0.11417
1287.6,0.11415
1287.9,0.11416
1288.2,0.11422
1288.6,0.11425
1288.9,0.11423
1289.2,0.1142
1289.5,0.11422
1289.8,0.11423
1290.2,0.11426
1290.5,0.11427
1290.8,0.11424
1291.1,0.11424
1291.4,0.11423
1291.8,0.1142
1292.1,0.11424
1292.4,0.11428
1292.7,0.11426
1293.1,0.11422
1293.4,0.11423
1293.7,0.11427
1294.0,0.11429
1294.3,0.11432
1294.7,0.11433
1295.0,0.11432
1295.3,0.11431
1295.6,0.11431
1296.0,0.11432
1296.3,0.11436
1296.6,0.11438
1296.9,0.11438
1297.3,0.11436
1297.6,0.11435
1297.9,0.11438
1298.2,0.11439
1298.6,0.11435
1298.9,0.11438
1299.2,0.11441
1299.5,0.11438
1299.9,0.11438
1300.2,0.11442
1300.5,0.11442
1300.8,0.11443
1301.2,0.11444
1301.5,0.11446
1301.8,0.11445
1302.1,0.11443
1302.5,0.11447
1302.8,0.1145
1303.1,0.11448
1303.4,0.11451
1303.8,0.11454
1304.1,0.11453
1304.4,0.11451
1304.8,0.11452
1305.1,0.11455
1305.4,0.11457
1305.8,0.11455
1306.1,0.11456
1306.4,0.11459
1306.7,0.1146
1307.1,0.11461
1307.4,0.1146
1307.7,0.11455
1308.1,0.11458
1308.4,0.11463
1308.7,0.11466
1309.1,0.11467
1309.4,0.11464
1309.7,0.11463
1310.0,0.11464
1310.4,0.11464
1310.7,0.11464
1311.0,0.11466
1311.4,0.11468
1311.7,0.11471
1312.0,0.11469
1312.4,0.11467
1312.7,0.11464
1313.0,0.11465
1313.4,0.11471
1313.7,0.11476
1314.0,0.11479
1314.4,0.11477
1314.7,0.11472
1315.0,0.11474
1315.4,0.11479
1315.7,0.11483
1316.0,0.11485
1316.4,0.11481
1316.7,0.11481
1317.0,0.11483
1317.4,0.11485
1317.7,0.1149
1318.0,0.1149
1318.4,0.11489
1318.7,0.11488
1319.0,0.11484
1319.4,0.11487
1319.7,0.11494
1320.1,0.11494
1320.4,0.11495
1320.7,0.11498
1321.1,0.11495
1321.4,0.11493
1321.7,0.11495
1322.1,0.11496
1322.4,0.11494
1322.7,0.11493
1323.1,0.11495
1323.4,0.11497
1323.8,0.11499
1324.1,0.11498
1324.4,0.11498
1324.8,0.11501
1325.1,0.11502
1325.4,0.11503
1325.8,0.11503
1326.1,0.11507
1326.5,0.1151
1326.8,0.11507
1327.1,0.11507
1327.5,0.11507
1327.8,0.11506
1328.2,0.11508
1328.5,0.11508
1328.8,0.11509
1329.2,0.11515
1329.5,0.11515
1329.9,0.11513
1330.2,0.11514
1330.6,0.11515
1330.9,0.11513
1331.2,0.11513
1331.6,0.11516
1331.9,0.11519
1332.3,0.11521
1332.6,0.11521
1332.9,0.11522
1333.3,0.11525
1333.6,0.11521
1334.0,0.11518
1334.3,0.11519
1334.7,0.11522
1335.0,0.11521
1335.3,0.11521
1335.7,0.11524
1336.0,0.11525
1336.4,0.11523
1336.7,0.11526
1337.1,0.11525
1337.4,0.11527
1337.8,0.11532
1338.1,0.11535
1338.4,0.11536
1338.8,0.11537
1339.1,0.11538
1339.5,0.1154
1339.8,0.11544
1340.2,0.11542
1340.5,0.11543
1340.9,0.11546
1341.2,0.11546
1341.6,0.11544
1341.9,0.11544
1342.3,0.11545
1342.6,0.11544
1342.9,0.11542
1343.3,0.11545
1343.7,0.11548
1344.0,0.11548
1344.3,0.11549
1344.7,0.11551
1345.0,0.11551
1345.4,0.11548
1345.7,0.11549
1346.1,0.11552
1346.4,0.11551
1346.8,0.11553
1347.1,0.11558
1347.5,0.1156
1347.8,0.11561
1348.2,0.11562
1348.5,0.11562
1348.9,0.11563
1349.3,0.11562
1349.6,0.1156
1349.9,0.11562
1350.3,0.11566
1350.7,0.11567
1351.0,0.11567
1351.3,0.1157
1351.7,0.11572
1352.1,0.11573
1352.4,0.11571
1352.8,0.11571
1353.1,0.11571
1353.5,0.1157
1353.8,0.11573
1354.2,0.11574
1354.5,0.11574
1354.9,0.11575
1355.2,0.11576
1355.6,0.11575
1355.9,0.11577
1356.3,0.11582
1356.7,0.11582
1357.0,0.11582
1357.4,0.1158
1357.7,0.11579
1358.1,0.11582
1358.4,0.11586
1358.8,0.11589
1359.2,0.11586
1359.5,0.11585
1359.9,0.11589
1360.2,0.11593
1360.6,0.11593
1360.9,0.11592
1361.3,0.11595
1361.7,0.11595
1362.0,0.11595
1362.4,0.11595
1362.7,0.11598
1363.1,0.11598
1363.4,0.11597
1363.8,0.11598
1364.2,0.11596
1364.5,0.11593
1364.9,0.116
1365.2,0.11603
1365.6,0.11602
1365.9,0.11605
1366.3,0.11604
1366.7,0.11601
1367.0,0.11607
1367.4,0.11612
1367.8,0.11608
1368.1,0.11608
1368.5,0.11609
1368.8,0.11612
1369.2,0.11612
1369.6,0.11608
1369.9,0.11611
1370.3,0.11617
1370.7,0.11618
1371.0,0.1162
1371.4,0.11621
1371.7,0.11621
1372.1,0.11621
1372.5,0.1162
1372.8,0.11618
1373.2,0.11619
1373.6,0.11625
1373.9,0.11628
1374.3,0.11624
1374.6,0.11621
1375.0,0.11623
1375.4,0.11626
1375.7,0.11629
1376.1,0.11634
1376.5,0.11634
1376.8,0.11633
1377.2,0.11635
1377.6,0.11635
1377.9,0.11633
1378.3,0.11632
1378.7,0.11636
1379.0,0.11639
1379.4,0.11637
1379.8,0.11637
1380.1,0.11639
1380.5,0.11639
1380.9,0.11644
1381.2,0.1165
1381.6,0.11646
1382.0,0.11641
1382.3,0.11643
1382.7,0.11648
1383.1,0.11655
1383.4,0.11653
1383.8,0.1165
1384.2,0.11652
1384.6,0.11654
1384.9,0.11653
1385.3,0.11654
1385.7,0.11657
1386.0,0.1166
1386.4,0.11661
1386.8,0.11656
1387.2,0.11658
1387.5,0.11662
1387.9,0.1166
1388.3,0.11657
1388.6,0.11659
1389.0,0.11663
1389.4,0.11665
1389.8,0.11665
1390.1,0.11665
1390.5,0.11662
1390.9,0.11662
1391.2,0.11665
1391.6,0.11667
1392.0,0.11672
1392.4,0.11672
1392.7,0.11673
1393.1,0.11673
1393.5,0.1167
1393.9,0.11671
1394.2,0.11673
1394.6,0.11673
1395.0,0.11676
1395.4,0.11676
1395.7,0.11673
1396.1,0.11675
1396.5,0.11681
1396.9,0.11686
1397.2,0.11686
1397.6,0.11685
1398.0,0.11685
1398.4,0.11684
1398.8,0.11683
1399.1,0.11685
1399.5,0.11685
1399.9,0.11685
1400.3,0.11687
1400.6,0.1169
1401.0,0.11691
1401.4,0.11691
1401.8,0.11691
1402.2,0.11693
1402.5,0.11696
1402.9,0.11699
1403.3,0.11697
1403.7,0.11693
1404.1,0.11694
1404.4,0.11695
1404.8,0.11694
1405.2,0.11695
1405.6,0.11696
1406.0,0.11699
1406.3,0.11701
1406.7,0.11698
1407.1,0.117
1407.5,0.11707
1407.9,0.11708
1408.3,0.11708
1408.6,0.1171
1409.0,0.11712
1409.4,0.11711
1409.8,0.11708
1410.2,0.11708
1410.6,0.11712
1410.9,0.11715
1411.3,0.11711
1411.7,0.11708
1412.1,0.1171
1412.5,0.11714
1412.8,0.11716
1413.2,0.11715
1413.6,0.11717
1414.0,0.11718
1414.4,0.11718
1414.8,0.11721
1415.2,0.11728
1415.6,0.11728
1415.9,0.11727
1416.3,0.1173
1416.7,0.11731
1417.1,0.11728
1417.5,0.11726
1417.9,0.11727
1418.3,0.11729
1418.7,0.11731
1419.0,0.11732
1419.4,0.11733
1419.8,0.11733
1420.2,0.11733
1420.6,0.11737
1421.0,0.11739
1421.4,0.11738
1421.8,0.11734
1422.2,0.11733
1422.5,0.11737
1422.9,0.11741
1423.3,0.11743
1423.7,0.11744
1424.1,0.11743
1424.5,0.11742
1424.9,0.11744
1425.3,0.11745
1425.7,0.11749
1426.1,0.11749
1426.5,0.11747
1426.8,0.11746
1427.2,0.11747
1427.6,0.11751
1428.0,0.1175
1428.4,0.11751
1428.8,0.11755
1429.2,0.11754
1429.6,0.11752
1430.0,0.11756
1430.4,0.11758
1430.8,0.11758
1431.2,0.1176
1431.6,0.1176
1432.0,0.1176
1432.4,0.11762
1432.8,0.11764
1433.2,0.11764
1433.6,0.11763
1433.9,0.11765
1434.3,0.11768
1434.8,0.11769
1435.1,0.11766
1435.5,0.11764
1435.9,0.11766
1436.3,0.11769
1436.7,0.11769
1437.1,0.1177
1437.5,0.11773
1437.9,0.11772
1438.3,0.11774
1438.7,0.11777
1439.1,0.11777
1439.5,0.11777
1439.9,0.1178
1440.3,0.11782
1440.7,0.11783
1441.1,0.11784
1441.5,0.11783
1441.9,0.11781
1442.3,0.11779
1442.7,0.1178
1443.1,0.11783
1443.5,0.11785
1443.9,0.11787
1444.3,0.11789
1444.7,0.11789
1445.1,0.11787
1445.6,0.11785
1445.9,0.11788
1446.3,0.11791
1446.8,0.11792
1447.2,0.11793
1447.6,0.11791
1448.0,0.11788
1448.4,0.11791
1448.8,0.11793
1449.2,0.11794
1449.6,0.11794
1450.0,0.11795
1450.4,0.11797
1450.8,0.118
1451.2,0.11802
1451.6,0.11801
1452.0,0.11801
1452.4,0.11805
1452.8,0.11805
1453.2,0.11803
1453.7,0.11802
1454.1,0.11802
1454.5,0.11804
1454.9,0.11808
1455.3,0.11811
1455.7,0.1181
1456.1,0.1181
1456.5,0.11812
1456.9,0.11814
1457.3,0.11813
1457.7,0.11814
1458.2,0.11814
1458.6,0.11813
1459.0,0.11812
1459.4,0.11814
1459.8,0.11819
1460.2,0.11819
1460.6,0.11817
1461.0,0.11818
1461.4,0.11818
1461.8,0.11819
1462.3,0.11823
1462.7,0.11825
1463.1,0.11824
1463.5,0.11824
1463.9,0.11826
1464.3,0.11827
1464.7,0.11829
1465.2,0.11828
1465.6,0.11827
1466.0,0.11829
1466.4,0.1183
1466.8,0.11826
1467.2,0.1183
1467.6,0.11833
1468.1,0.11835
1468.5,0.11836
1468.9,0.11836
1469.3,0.11835
1469.7,0.11834
1470.1,0.11834
1470.6,0.11836
1471.0,0.11835
1471.4,0.11835
1471.8,0.11836
1472.2,0.11836
1472.6,0.11838
1473.1,0.11843
1473.5,0.11845
1473.9,0.11844
1474.3,0.11845
1474.7,0.11843
1475.2,0.1184
1475.6,0.11842
1476.0,0.11844
1476.4,0.11846
1476.8,0.11847
1477.3,0.11847
1477.7,0.11847
1478.1,0.11847
1478.5,0.11849
1478.9,0.11849
1479.4,0.11851
1479.8,0.11852
1480.2,0.11852
1480.6,0.11852
1481.1,0.11854
1481.5,0.11852
1481.9,0.11854
1482.3,0.11858
1482.8,0.11857
1483.2,0.11856
1483.6,0.11857
1484.0,0.11859
1484.4,0.11859
1484.9,0.11858
1485.3,0.11858
1485.7,0.11859
1486.2,0.1186
1486.6,0.11863
1487.0,0.11862
1487.4,0.11862
1487.9,0.11864
1488.3,0.11862
1488.7,0.1186
1489.1,0.11863
1489.6,0.11865
1490.0,0.11865
1490.4,0.11866
1490.8,0.1187
1491.3,0.11869
1491.7,0.11868
1492.1,0.11869
1492.6,0.11869
1493.0,0.1187
1493.4,0.11869
1493.9,0.11869
1494.3,0.11871
1494.7,0.11872
1495.2,0.11872
1495.6,0.11875
1496.0,0.11875
1496.4,0.11873
1496.9,0.11874
1497.3,0.11876
1497.7,0.11876
1498.2,0.11878
1498.6,0.1188
1499.0,0.1188
1499.5,0.11878
1499.9,0.11877
1500.3,0.1188
1500.8,0.1188
1501.2,0.1188
1501.7,0.11882
1502.1,0.11882
1502.5,0.11881
1502.9,0.11883
1503.4,0.11887
1503.8,0.11886
1504.3,0.11885
1504.7,0.11885
1505.1,0.11885
1505.6,0.11888
1506.0,0.11887
1506.4,0.11886
1506.9,0.11887
1507.3,0.11888
1507.8,0.11889
1508.2,0.11889
1508.6,0.1189
1509.1,0.11891
1509.5,0.11889
1510.0,0.11887
1510.4,0.1189
1510.8,0.11893
1511.3,0.11895
1511.7,0.11896
1512.2,0.11894
1512.6,0.11894
1513.0,0.11895
1513.5,0.11896
1513.9,0.11895
1514.4,0.11894
1514.8,0.11896
1515.3,0.11899
1515.7,0.11899
1516.1,0.11899
1516.6,0.11901
1517.0,0.11901
1517.5,0.11902
1517.9,0.11902
1518.4,0.11901
1518.8,0.11903
1519.3,0.11902
1519.7,0.119
1520.1,0.11901
1520.6,0.11906
1521.0,0.11909
1521.5,0.11906
1521.9,0.11904
1522.4,0.11907
1522.8,0.11909
1523.3,0.1191
1523.7,0.11908
1524.2,0.11906
1524.6,0.11908
1525.1,0.1191
1525.5,0.11911
1525.9,0.1191
1526.4,0.11908
1526.8,0.11908
1527.3,0.11909
1527.8,0.11912
1528.2,0.11912
1528.7,0.11911
1529.1,0.11912
1529.6,0.11912
1530.0,0.11911
1530.5,0.11914
1530.9,0.11917
1531.4,0.11916
1531.8,0.11915
1532.3,0.11914
1532.7,0.11913
1533.2,0.11914
1533.6,0.11915
1534.1,0.11915
1534.5,0.11916
1535.0,0.11915
1535.4,0.11916
1535.9,0.11917
1536.3,0.11917
1536.8,0.11917
1537.3,0.11916
1537.7,0.11919
1538.2,0.1192
1538.6,0.1192
1539.1,0.11923
1539.6,0.11923
1540.0,0.11921
1540.5,0.11921
1540.9,0.11924
1541.4,0.11922
1541.8,0.11922
1542.3,0.11926
1542.8,0.11926
1543.2,0.11922
1543.7,0.1192
1544.1,0.11923
1544.6,0.11925
1545.1,0.11924
1545.5,0.11924
1546.0,0.11923
1546.4,0.11926
1546.9,0.11926
1547.4,0.1193
1547.8,0.1193
1548.3,0.11927
1548.8,0.11926
1549.2,0.11927
1549.7,0.11928
1550.1,0.11929
1550.6,0.11927
1551.1,0.11925
1551.5,0.11926
1552.0,0.11928
1552.4,0.11929
1552.9,0.11929
1553.4,0.11928
1553.8,0.11929
1554.3,0.1193
1554.8,0.11933
1555.3,0.11931
1555.7,0.11932
1556.2,0.11933
1556.7,0.11932
1557.1,0.11931
1557.6,0.11931
1558.1,0.11932
1558.5,0.11932
1559.0,0.11935
1559.5,0.11937
1559.9,0.11937
1560.4,0.11938
1560.9,0.11936
1561.3,0.11935
1561.8,0.11934
1562.3,0.11934
1562.8,0.11933
1563.2,0.11934
1563.7,0.11934
1564.2,0.11935
1564.6,0.11936
1565.1,0.11936
1565.6,0.11936
1566.1,0.11937
1566.5,0.11935
1567.0,0.11935
1567.5,0.11934
1567.9,0.11933
1568.4,0.11934
1568.9,0.11934
1569.4,0.11936
1569.8,0.11935
1570.3,0.11935
1570.8,0.11935
1571.3,0.11936
1571.8,0.11937
1572.2,0.11937
1572.7,0.11939
1573.2,0.1194
1573.7,0.1194
1574.1,0.11938
1574.6,0.11938
1575.1,0.11938
1575.6,0.11938
1576.1,0.11941
1576.5,0.11941
1577.0,0.11938
1577.5,0.11936
1578.0,0.11934
1578.4,0.11933
1578.9,0.11937
1579.4,0.1194
1579.9,0.1194
1580.4,0.1194
1580.9,0.11938
1581.3,0.11938
1581.8,0.11939
1582.3,0.11942
1582.8,0.11942
1583.3,0.11942
1583.8,0.11942
1584.2,0.1194
1584.7,0.11937
1585.2,0.11935
1585.7,0.11937
1586.2,0.11937
1586.7,0.11938
1587.2,0.11939
1587.6,0.1194
1588.1,0.11941
1588.6,0.11942
1589.1,0.11944
1589.6,0.11944
1590.1,0.11942
1590.6,0.11942
1591.0,0.11944
1591.5,0.11943
1592.0,0.1194
1592.5,0.11941
1593.0,0.11942
1593.5,0.11943
1594.0,0.11942
1594.5,0.11942
1595.0,0.11942
1595.4,0.11942
1595.9,0.11939
1596.4,0.11937
1596.9,0.11941
1597.4,0.11944
1597.9,0.11941
1598.4,0.1194
1598.9,0.11941
1599.4,0.11941
1599.9,0.11942
1600.4,0.11942
1600.9,0.1194
1601.4,0.1194
1601.9,0.11937
1602.3,0.11935
1602.8,0.11939
1603.3,0.11941
1603.8,0.11939
1604.3,0.11942
1604.8,0.11942
1605.3,0.11939
1605.8,0.11938
1606.3,0.11939
1606.8,0.11937
1607.3,0.11936
1607.8,0.11934
1608.3,0.11937
1608.8,0.11941
1609.3,0.1194
1609.8,0.11939
1610.3,0.11939
1610.8,0.11938
1611.3,0.11938
1611.8,0.11937
1612.3,0.11938
1612.8,0.1194
1613.3,0.11942
1613.8,0.11939
1614.3,0.11937
1614.8,0.11936
1615.3,0.11934
1615.8,0.11934
1616.3,0.11937
1616.8,0.11938
1617.3,0.11939
1617.8,0.1194
1618.4,0.11941
1618.9,0.11942
1619.4,0.11941
1619.9,0.11938
1620.4,0.11937
1620.9,0.1194
1621.4,0.11942
1621.9,0.11939
1622.4,0.11936
1622.9,0.11936
1623.4,0.11936
1623.9,0.11937
1624.4,0.11937
1624.9,0.11935
1625.5,0.11931
1626.0,0.11935
1626.5,0.11935
1627.0,0.11932
1627.5,0.11933
1628.0,0.11933
1628.5,0.11933
1629.0,0.11933
1629.6,0.11932
1630.1,0.11933
1630.6,0.11934
1631.1,0.11934
1631.6,0.11932
1632.1,0.11934
1632.6,0.11936
1633.1,0.11934
1633.7,0.11933
1634.2,0.11932
1634.7,0.11932
1635.2,0.11932
1635.7,0.11933
1636.2,0.11933
1636.8,0.1193
1637.3,0.11928
1637.8,0.11929
1638.3,0.11934
1638.8,0.11936
1639.3,0.11932
1639.8,0.1193
1640.4,0.11929
1640.9,0.11925
1641.4,0.11925
1641.9,0.11928
1642.4,0.11931
1643.0,0.1193
1643.5,0.1193
1644.0,0.11931
1644.5,0.11929
1645.1,0.11928
1645.6,0.11929
1646.1,0.11928
1646.6,0.11929
1647.2,0.1193
1647.7,0.11931
1648.2,0.11927
1648.7,0.11924
1649.2,0.11925
1649.8,0.11926
1650.3,0.11925
1650.8,0.11926
1651.3,0.11927
1651.9,0.11926
1652.4,0.11925
1652.9,0.11928
1653.4,0.11926
1654.0,0.11923
1654.5,0.11924
1655.0,0.11927
1655.6,0.11926
1656.1,0.11925
1656.6,0.11923
1657.2,0.11921
1657.7,0.11921
1658.2,0.11922
1658.7,0.11922
1659.3,0.11921
1659.8,0.1192
1660.3,0.11922
1660.9,0.11922
1661.4,0.11919
1661.9,0.11917
1662.5,0.11918
1663.0,0.1192
1663.5,0.1192
1664.1,0.1192
1664.6,0.1192
1665.1,0.1192
1665.7,0.11921
1666.2,0.11919
1666.7,0.11917
1667.3,0.11916
1667.8,0.11916
1668.3,0.11916
1668.9,0.11915
1669.4,0.11913
1670.0,0.11914
1670.5,0.11916
1671.0,0.11916
1671.6,0.11914
1672.1,0.11914
1672.7,0.11914
1673.2,0.11914
1673.7,0.11915
1674.3,0.11917
1674.8,0.11916
1675.4,0.11914
1675.9,0.11912
1676.4,0.11913
1677.0,0.11915
1677.5,0.11914
1678.1,0.11912
1678.6,0.11912
1679.2,0.11912
1679.7,0.1191
1680.2,0.11909
1680.8,0.11907
1681.3,0.11906
1681.9,0.11907
1682.4,0.11908
1683.0,0.11907
1683.5,0.11905
1684.1,0.11904
1684.6,0.11905
1685.2,0.11907
1685.7,0.11906
1686.3,0.11905
1686.8,0.11906
1687.3,0.11908
1687.9,0.11907
1688.4,0.11906
1689.0,0.11905
1689.6,0.11903
1690.1,0.11902
1690.7,0.11901
1691.2,0.11901
1691.8,0.11899
1692.3,0.119
1692.9,0.11902
1693.4,0.11902
1694.0,0.11901
1694.5,0.119
1695.1,0.11899
1695.6,0.11898
1696.2,0.11898
1696.7,0.11898
1697.3,0.119
1697.8,0.119
1698.4,0.11898
1699.0,0.11896
1699.5,0.11894
1700.1,0.11894
1700.6,0.11894
1701.2,0.11894
1701.8,0.11895
1702.3,0.11896
1702.9,0.11894
1703.4,0.11892
1704.0,0.11891
1704.6,0.11892
1705.1,0.11893
1705.7,0.11893
1706.2,0.11893
1706.8,0.11893
1707.4,0.1189
1707.9,0.11888
1708.5,0.11889
1709.0,0.11889
1709.6,0.11889
1710.2,0.11889
1710.7,0.11889
1711.3,0.11889
1711.9,0.11889
1712.4,0.11889
1713.0,0.11889
1713.6,0.11887
1714.1,0.11885
1714.7,0.11882
1715.3,0.11883
1715.8,0.11881
1716.4,0.1188
1717.0,0.11882
1717.5,0.11882
1718.1,0.11879
1718.7,0.11878
1719.2,0.11881
1719.8,0.11883
1720.4,0.11884
1721.0,0.11881
1721.5,0.11879
1722.1,0.11879
1722.7,0.1188
1723.2,0.1188
1723.8,0.11881
1724.4,0.11879
1725.0,0.11876
1725.5,0.11877
1726.1,0.11879
1726.7,0.11879
1727.3,0.11878
1727.8,0.11875
1728.4,0.11874
1729.0,0.11874
1729.6,0.11874
1730.1,0.11873
1730.7,0.11874
1731.3,0.11874
1731.9,0.11872
1732.5,0.11874
1733.0,0.11873
1733.6,0.11874
1734.2,0.11874
1734.8,0.11871
1735.4,0.11872
1735.9,0.11874
1736.5,0.11872
1737.1,0.1187
1737.7,0.11869
1738.3,0.11871
1738.8,0.11873
1739.4,0.11873
1740.0,0.11871
1740.6,0.11869
1741.2,0.11866
1741.8,0.11863
1742.3,0.11864
1742.9,0.11866
1743.5,0.11865
1744.1,0.11862
1744.7,0.11861
1745.3,0.11864
1745.9,0.11868
1746.5,0.11867
1747.1,0.11864
1747.6,0.11862
1748.2,0.11863
1748.8,0.11862
1749.4,0.11861
1750.0,0.11862
1750.6,0.11862
1751.2,0.11861
1751.8,0.11857
1752.4,0.11857
1753.0,0.1186
1753.6,0.11861
1754.1,0.11861
1754.7,0.11857
1755.3,0.11854
1755.9,0.11855
1756.5,0.1186
1757.1,0.11858
1757.7,0.11853
1758.3,0.11853
1758.9,0.11852
1759.5,0.11851
1760.1,0.1185
1760.7,0.1185
1761.3,0.11851
1761.9,0.11849
1762.5,0.11847
1763.1,0.11849
1763.7,0.11848
1764.3,0.11848
1764.9,0.1185
1765.5,0.11849
1766.1,0.11848
1766.7,0.11847
1767.3,0.11845
1767.9,0.11843
1768.5,0.11845
1769.1,0.11846
1769.7,0.11845
1770.3,0.11846
1770.9,0.11844
1771.5,0.11843
1772.1,0.11843
1772.7,0.11843
1773.3,0.11841
1773.9,0.11842
1774.6,0.11843
1775.2,0.11842
1775.8,0.11843
1776.4,0.11843
1777.0,0.11841
1777.6,0.11839
1778.2,0.11841
1778.8,0.11841
1779.4,0.11838
1780.0,0.11837
1780.7,0.11835
1781.3,0.11835
1781.9,0.11838
1782.5,0.11838
1783.1,0.11836
1783.7,0.11834
1784.3,0.11834
1784.9,0.11834
1785.6,0.11834
1786.2,0.11835
1786.8,0.11834
1787.4,0.11835
1788.0,0.11835
1788.6,0.11835
1789.3,0.11833
1789.9,0.11831
1790.5,0.11829
1791.1,0.11828
1791.7,0.11829
1792.3,0.1183
1793.0,0.11828
1793.6,0.11828
1794.2,0.11828
1794.8,0.11829
1795.4,0.1183
1796.1,0.11828
1796.7,0.11828
1797.3,0.11828
1797.9,0.11827
1798.6,0.11826
1799.2,0.11826
1799.8,0.11828
1800.4,0.11827
1801.1,0.11828
1801.7,0.11829
1802.3,0.11829
1802.9,0.11828
1803.6,0.11827
1804.2,0.11828
1804.8,0.11829
1805.4,0.11826
1806.1,0.11823
1806.7,0.11823
1807.3,0.11824
1808.0,0.11823
1808.6,0.11823
1809.2,0.11823
1809.9,0.11822
1810.5,0.11821
1811.1,0.11822
1811.8,0.11823
1812.4,0.11822
1813.0,0.11821
1813.7,0.1182
1814.3,0.11822
1814.9,0.11821
1815.6,0.11819
1816.2,0.1182
1816.8,0.11819
1817.5,0.11818
1818.1,0.11818
1818.8,0.11819
1819.4,0.11816
1820.0,0.11814
1820.7,0.11816
1821.3,0.11819
1821.9,0.11815
1822.6,0.11814
1823.2,0.11814
1823.9,0.11813
1824.5,0.11813
1825.2,0.11814
1825.8,0.11811
1826.4,0.11812
1827.1,0.11815
1827.7,0.11812
1828.4,0.1181
1829.0,0.11811
1829.7,0.11809
1830.3,0.11809
1831.0,0.11809
1831.6,0.11811
1832.3,0.11811
1832.9,0.1181
1833.6,0.1181
1834.2,0.11808
1834.8,0.11806
1835.5,0.11807
1836.1,0.11807
1836.8,0.11808
1837.4,0.11809
1838.1,0.11807
1838.8,0.11806
1839.4,0.11803
1840.1,0.11804
1840.7,0.11808
1841.4,0.11805
1842.0,0.11803
1842.7,0.11805
1843.3,0.11804
1844.0,0.11803
1844.6,0.11802
1845.3,0.11799
1845.9,0.11798
1846.6,0.11799
1847.3,0.11801
1847.9,0.11804
1848.6,0.11806
1849.2,0.11805
1849.9,0.11801
1850.6,0.11799
1851.2,0.118
1851.9,0.11801
1852.6,0.11802
1853.2,0.11804
1853.9,0.11803
1854.5,0.11804
1855.2,0.11802
1855.9,0.11799
1856.5,0.118
1857.2,0.11803
1857.9,0.118
1858.5,0.11797
1859.2,0.11797
1859.9,0.11796
1860.5,0.11799
1861.2,0.11801
1861.9,0.118
1862.5,0.11799
1863.2,0.11798
1863.9,0.11797
1864.5,0.11797
1865.2,0.11796
1865.9,0.11796
1866.6,0.11798
1867.2,0.11798
1867.9,0.11798
1868.6,0.118
1869.2,0.11798
1869.9,0.11795
1870.6,0.11795
1871.3,0.11797
1871.9,0.11801
1872.6,0.11797
1873.3,0.11796
1874.0,0.11798
1874.7,0.11796
1875.3,0.11796
1876.0,0.11798
1876.7,0.11795
1877.4,0.11795
1878.0,0.11799
1878.7,0.11798
1879.4,0.11798
1880.1,0.11796
1880.8,0.11796
1881.4,0.11798
1882.1,0.11795
1882.8,0.11793
1883.5,0.11792
1884.2,0.11793
1884.9,0.11796
1885.6,0.11793
1886.2,0.11791
1886.9,0.11794
1887.6,0.11797
1888.3,0.11798
1889.0,0.11795
1889.7,0.11791
1890.4,0.11792
1891.1,0.11795
1891.8,0.11793
1892.4,0.11794
1893.1,0.11795
1893.8,0.11794
1894.5,0.11793
1895.2,0.11794
1895.9,0.11794
1896.6,0.11792
1897.3,0.11791
1898.0,0.11793
1898.7,0.11795
1899.4,0.11793
1900.1,0.11794
1900.8,0.11795
1901.5,0.11793
1902.2,0.11791
1902.9,0.1179
1903.6,0.11793
1904.3,0.11794
1905.0,0.11791
1905.7,0.11791
1906.4,0.11791
1907.1,0.1179
1907.8,0.1179
1908.5,0.1179
1909.2,0.11791
1909.9,0.1179
1910.6,0.1179
1911.3,0.1179
1912.0,0.11791
1912.7,0.11793
1913.4,0.11793
1914.1,0.11794
1914.8,0.11794
1915.5,0.11791
1916.2,0.1179
1916.9,0.11791
1917.6,0.11792
1918.3,0.11792
1919.1,0.11792
1919.8,0.11792
1920.5,0.11793
1921.2,0.11796
1921.9,0.11794
1922.6,0.11791
1923.3,0.11791
1924.0,0.1179
1924.8,0.1179
1925.5,0.11791
1926.2,0.11792
1926.9,0.11792
1927.6,0.11793
1928.3,0.11793
1929.1,0.11796
1929.8,0.11794
1930.5,0.11792
1931.2,0.11792
1931.9,0.11794
1932.7,0.11795
1933.4,0.11792
1934.1,0.1179
1934.8,0.11793
1935.5,0.11793
1936.3,0.11792
1937.0,0.11791
1937.7,0.11792
1938.4,0.11795
1939.2,0.11797
1939.9,0.11796
1940.6,0.11795
1941.3,0.11796
1942.1,0.11796
1942.8,0.11798
1943.5,0.11799
1944.2,0.11799
1945.0,0.11798
1945.7,0.11796
1946.4,0.11796
1947.2,0.11799
1947.9,0.11799
1948.6,0.11798
1949.4,0.118
1950.1,0.11799
1950.8,0.11797
1951.6,0.118
1952.3,0.11803
1953.0,0.11804
1953.8,0.11804
1954.5,0.11804
1955.2,0.11802
1956.0,0.11799
1956.7,0.11801
1957.5,0.11802
1958.2,0.11804
1958.9,0.11804
1959.7,0.11804
1960.4,0.11806
1961.2,0.11806
1961.9,0.11805
1962.6,0.11806
1963.4,0.11807
1964.1,0.11808
1964.9,0.11807
1965.6,0.11808
1966.4,0.11808
1967.1,0.11809
1967.9,0.11807
1968.6,0.11807
1969.3,0.11808
1970.1,0.11806
1970.8,0.11806
1971.6,0.1181
1972.3,0.11812
1973.1,0.11813
1973.8,0.11813
1974.6,0.11813
1975.3,0.11812
1976.1,0.1181
1976.9,0.11809
1977.6,0.11811
1978.4,0.11814
1979.1,0.11815
1979.9,0.11814
1980.6,0.11811
1981.4,0.11813
1982.2,0.11815
1982.9,0.11814
1983.7,0.11816
1984.4,0.11816
1985.2,0.11815
1985.9,0.11814
1986.7,0.11817
1987.5,0.11818
1988.2,0.11818
1989.0,0.11817
1989.8,0.11817
1990.5,0.11819
1991.3,0.11822
1992.1,0.11821
1992.8,0.11821
1993.6,0.1182
1994.3,0.1182
1995.1,0.11822
1995.9,0.11824
1996.7,0.11824
1997.4,0.11825
1998.2,0.11826
1999.0,0.11826
1999.7,0.11826
2000.5,0.11827
2001.3,0.11829
2002.1,0.11829
2002.8,0.11828
2003.6,0.11825
2004.4,0.11827
2005.2,0.11828
2005.9,0.11829
2006.7,0.11828
2007.5,0.11831
2008.3,0.11835
2009.0,0.11836
2009.8,0.11832
2010.6,0.11831
2011.4,0.11834
2012.2,0.11837
2012.9,0.11838
2013.7,0.1184
2014.5,0.11841
2015.3,0.11838
2016.1,0.11836
2016.8,0.11836
2017.6,0.11838
2018.4,0.11842
2019.2,0.11842
2020.0,0.11843
2020.8,0.11847
2021.6,0.11847
2022.3,0.11847
2023.1,0.11847
2023.9,0.11849
2024.7,0.11848
2025.5,0.11846
2026.3,0.11846
2027.1,0.11847
2027.9,0.11846
2028.7,0.11848
2029.5,0.11849
2030.3,0.11851
2031.1,0.11852
2031.9,0.11852
2032.7,0.1185
2033.5,0.11851
2034.3,0.11853
2035.1,0.11855
2035.8,0.11856
2036.7,0.11857
2037.4,0.11858
2038.3,0.11857
2039.1,0.11857
2039.9,0.11859
2040.7,0.11861
2041.5,0.11859
2042.3,0.11861
2043.1,0.11864
2043.9,0.11866
2044.7,0.11865
2045.5,0.11865
2046.3,0.11865
2047.1,0.11865
2047.9,0.11866
2048.7,0.11868
2049.5,0.11868
2050.4,0.11869
2051.2,0.11871
2052.0,0.11873
2052.8,0.11874
2053.6,0.11874
2054.4,0.11873
2055.2,0.11874
2056.0,0.11876
2056.9,0.11876
2057.7,0.11875
2058.5,0.11878
2059.3,0.11881
2060.1,0.11882
2060.9,0.11882
2061.8,0.11881
2062.6,0.1188
2063.4,0.11882
2064.2,0.11885
2065.1,0.11884
2065.9,0.11887
2066.7,0.1189
2067.5,0.1189
2068.3,0.1189
2069.2,0.11893
2070.0,0.11893
2070.8,0.11892
2071.6,0.11893
2072.5,0.11895
2073.3,0.11897
2074.1,0.11897
2075.0,0.11898
2075.8,0.11898
2076.6,0.11899
2077.5,0.11899
2078.3,0.119
2079.1,0.11901
2080.0,0.11901
2080.8,0.11903
2081.6,0.11906
2082.5,0.11908
2083.3,0.11909
2084.1,0.11909
2085.0,0.11908
2085.8,0.11908
2086.6,0.11909
2087.5,0.11908
2088.3,0.11908
2089.2,0.1191
2090.0,0.11911
2090.9,0.11911
2091.7,0.11913
2092.6,0.11916
2093.4,0.11917
2094.2,0.11918
2095.1,0.11916
2095.9,0.11916
2096.8,0.11918
2097.6,0.1192
2098.5,0.11921
2099.3,0.11922
2100.2,0.11923
2101.0,0.11923
2101.9,0.11923
2102.7,0.11925
2103.6,0.11928
2104.4,0.11929
2105.3,0.11929
2106.1,0.11931
2107.0,0.11933
2107.9,0.11933
2108.7,0.11936
2109.6,0.11937
2110.4,0.11936
2111.3,0.11935
2112.1,0.11935
2113.0,0.11934
2113.9,0.11937
2114.7,0.11939
2115.6,0.1194
2116.5,0.1194
2117.3,0.11942
2118.2,0.11943
2119.1,0.11945
2119.9,0.11945
2120.8,0.11944
2121.7,0.11946
2122.5,0.11949
2123.4,0.11949
2124.3,0.11948
2125.1,0.1195
2126.0,0.11951
2126.9,0.11951
2127.8,0.11953
2128.6,0.11955
2129.5,0.11955
2130.4,0.11956
2131.3,0.11956
2132.1,0.11956
2133.0,0.11956
2133.9,0.11959
2134.8,0.11957
2135.6,0.11958
2136.5,0.11962
2137.4,0.11964
2138.3,0.11965
2139.2,0.11968
2140.1,0.11968
2140.9,0.11968
2141.8,0.11969
2142.7,0.11969
2143.6,0.11969
2144.5,0.11967
2145.4,0.11969
2146.3,0.1197
2147.1,0.1197
2148.0,0.11973
2148.9,0.11975
2149.8,0.11974
2150.7,0.11973
2151.6,0.11974
2152.5,0.11978
2153.4,0.11982
2154.3,0.11982
2155.2,0.11981
2156.1,0.11981
2157.0,0.11983
2157.9,0.11984
2158.8,0.11982
2159.7,0.11983
2160.6,0.11985
2161.5,0.11986
2162.4,0.11988
2163.3,0.1199
2164.2,0.11989
2165.1,0.11988
2166.0,0.1199
2166.9,0.11993
2167.8,0.11993
2168.7,0.11992
2169.6,0.11994
2170.5,0.11995
2171.4,0.11996
2172.3,0.11996
2173.2,0.11998
2174.1,0.11999
2175.1,0.11999
2176.0,0.11999
2176.9,0.12
2177.8,0.12001
2178.7,0.12001
2179.6,0.12003
2180.6,0.12003
2181.5,0.12002
2182.4,0.12004
2183.3,0.12007
2184.2,0.1201
2185.1,0.1201
2186.1,0.12008
2187.0,0.1201
2187.9,0.12011
2188.8,0.12013
2189.8,0.12015
2190.7,0.12015
2191.6,0.12015
2192.5,0.12016
2193.5,0.12017
2194.4,0.12019
2195.3,0.12021
2196.3,0.1202
2197.2,0.1202
2198.1,0.12022
2199.1,0.12025
2200.0,0.12027
2200.9,0.12027
2201.9,0.12025
2202.8,0.12024
2203.7,0.12025
2204.7,0.12027
2205.6,0.12029
2206.5,0.12033
2207.5,0.12033
2208.4,0.12034
2209.4,0.1204
2210.3,0.12042
2211.2,0.12039
2212.2,0.12038
2213.1,0.12038
2214.1,0.1204
2215.0,0.12042
2216.0,0.12041
2216.9,0.12043
2217.9,0.12046
2218.8,0.12045
2219.8,0.12047
2220.7,0.12047
2221.7,0.12048
2222.6,0.12049
2223.6,0.12051
2224.5,0.12051
2225.5,0.12052
2226.4,0.12052
2227.4,0.12053
2228.4,0.12052
2229.3,0.12053
2230.3,0.12053
2231.2,0.12054
2232.2,0.12056
2233.1,0.12059
2234.1,0.12062
2235.1,0.12062
2236.0,0.12061
2237.0,0.12062
2238.0,0.12064
2238.9,0.12065
2239.9,0.12063
2240.9,0.12063
2241.8,0.12065
2242.8,0.12066
2243.8,0.12068
2244.8,0.12069
2245.7,0.1207
2246.7,0.12072
2247.7,0.12073
2248.6,0.12073
2249.6,0.12072
2250.6,0.12071
2251.6,0.12074
2252.6,0.12077
2253.5,0.12077
2254.5,0.12077
2255.5,0.12077
2256.5,0.12077
2257.5,0.12078
2258.4,0.1208
2259.4,0.12082
2260.4,0.12084
2261.4,0.12084
2262.4,0.12084
2263.4,0.12085
2264.4,0.12086
2265.4,0.12085
2266.3,0.12086
2267.3,0.12087
2268.3,0.12086
2269.3,0.12088
2270.3,0.12092
2271.3,0.12093
2272.3,0.12093
2273.3,0.12093
2274.3,0.12094
2275.3,0.12094
2276.3,0.12094
2277.3,0.12096
2278.3,0.12096
2279.3,0.12096
2280.3,0.12096
2281.3,0.12097
2282.3,0.121
2283.3,0.121
2284.3,0.12101
2285.3,0.12102
2286.3,0.12105
2287.3,0.12106
2288.3,0.12107
2289.4,0.12108
2290.4,0.12109
2291.4,0.12112
2292.4,0.12113
2293.4,0.12114
2294.4,0.12115
2295.4,0.12115
2296.4,0.12115
2297.5,0.12117
2298.5,0.12118
2299.5,0.12119
2300.5,0.1212
2301.6,0.12121
2302.6,0.12123
2303.6,0.12123
2304.6,0.12121
2305.6,0.12123
2306.7,0.12124
2307.7,0.12124
2308.7,0.12128
2309.8,0.12129
2310.8,0.12126
2311.8,0.12127
2312.8,0.12127
2313.9,0.12127
2314.9,0.12132
2315.9,0.12136
2317.0,0.12136
2318.0,0.12136
2319.1,0.12136
2320.1,0.12137
2321.1,0.12138
2322.2,0.12139
2323.2,0.12142
2324.3,0.12144
2325.3,0.12145
2326.3,0.12145
2327.4,0.12146
2328.4,0.12147
2329.5,0.12149
2330.5,0.12149
2331.6,0.1215
2332.6,0.12153
2333.7,0.12153
2334.7,0.12154
2335.8,0.12156
2336.8,0.12158
2337.9,0.12159
2338.9,0.1216
2340.0,0.1216
2341.0,0.1216
2342.1,0.12161
2343.1,0.12163
2344.2,0.12163
2345.3,0.12162
2346.3,0.12162
2347.4,0.12163
2348.5,0.12166
2349.5,0.12167
2350.6,0.12167
2351.7,0.12168
2352.7,0.1217
2353.8,0.12171
2354.9,0.1217
2355.9,0.12171
2357.0,0.12173
2358.1,0.12174
2359.1,0.12174
2360.2,0.12175
2361.3,0.12179
2362.4,0.12183
2363.4,0.12186
2364.5,0.12182
2365.6,0.12178
2366.7,0.1218
2367.8,0.12183
2368.9,0.12184
2369.9,0.12187
2371.0,0.12188
2372.1,0.12188
2373.2,0.12189
2374.3,0.1219
2375.4,0.12192
2376.4,0.12196
2377.5,0.12197
2378.6,0.12196
2379.7,0.12195
2380.8,0.12196
2381.9,0.12197
2383.0,0.12201
2384.1,0.12203
2385.2,0.12203
2386.3,0.12206
2387.4,0.12206
2388.5,0.12207
2389.6,0.12208
2390.7,0.12209
2391.8,0.12211
2392.9,0.12213
2394.0,0.12214
2395.1,0.12216
2396.2,0.12219
2397.3,0.12221
2398.4,0.12218
2399.5,0.12217
2400.6,0.1222
2401.8,0.12224
2402.9,0.12225
2404.0,0.12226
2405.1,0.12227
2406.2,0.12228
2407.3,0.12229
2408.5,0.12228
2409.6,0.12229
2410.7,0.12232
2411.8,0.12234
2412.9,0.12235
2414.1,0.12237
2415.2,0.12238
2416.3,0.12238
2417.4,0.12238
2418.6,0.1224
2419.7,0.12241
2420.8,0.12244
2422.0,0.12249
2423.1,0.12251
2424.2,0.12251
2425.4,0.12248
2426.5,0.12247
2427.6,0.12248
2428.8,0.12251
2429.9,0.12255
2431.1,0.12257
2432.2,0.12259
2433.3,0.12259
2434.5,0.12259
2435.6,0.12261
2436.8,0.12262
2437.9,0.12262
2439.1,0.12263
2440.2,0.12264
2441.4,0.12263
2442.5,0.12262
2443.6,0.12264
2444.8,0.12265
2445.9,0.12264
2447.1,0.12268
2448.3,0.1227
2449.4,0.12271
2450.6,0.12273
2451.7,0.12275
2452.9,0.12275
2454.1,0.12274
2455.2,0.12277
2456.4,0.12279
2457.6,0.12277
2458.7,0.12277
2459.9,0.12283
2461.1,0.12286
2462.2,0.12286
2463.4,0.12287
2464.6,0.12287
2465.7,0.12286
2466.9,0.12285
2468.1,0.12289
2469.3,0.12292
2470.4,0.12291
2471.6,0.12292
2472.8,0.12295
2474.0,0.12296
2475.1,0.12295
2476.3,0.12298
2477.5,0.12301
2478.7,0.12302
2479.9,0.12301
2481.1,0.12302
2482.3,0.12301
2483.4,0.12302
2484.6,0.12304
2485.8,0.12306
2487.0,0.12308
2488.2,0.1231
2489.4,0.12311
2490.6,0.12312
2491.8,0.12312
2493.0,0.12314
2494.2,0.12315
2495.4,0.12317
2496.6,0.12318
2497.8,0.12319
2499.0,0.1232
2500.2,0.1232
2501.4,0.1232
2502.6,0.1232
2503.8,0.12322
2505.0,0.12321
2506.3,0.12322
2507.5,0.12326
2508.7,0.12328
2509.9,0.12329
2511.1,0.12331
2512.3,0.12336
2513.5,0.12335
2514.8,0.12334
2516.0,0.12338
2517.2,0.12339
2518.4,0.1234
2519.6,0.12341
2520.9,0.12343
2522.1,0.12345
2523.3,0.12346
2524.6,0.12348
2525.8,0.1235
2527.0,0.12351
2528.2,0.1235
2529.5,0.12352
2530.7,0.12353
2531.9,0.12353
2533.2,0.12357
2534.4,0.12359
2535.7,0.1236
2536.9,0.12365
2538.1,0.12367
2539.4,0.12367
2540.6,0.12369
2541.9,0.12369
2543.1,0.1237
2544.4,0.12373
2545.6,0.12374
2546.9,0.12375
2548.1,0.12375
2549.4,0.12378
2550.6,0.12379
2551.9,0.12381
2553.1,0.12384
2554.4,0.12386
2555.6,0.12383
2556.9,0.12386
2558.2,0.12386
2559.4,0.12385
2560.7,0.12382
2562.0,0.1239
2563.2,0.12397
2564.5,0.12399
2565.8,0.12401
2567.0,0.12398
2568.3,0.12392
2569.6,0.12393
2570.9,0.12405
2572.1,0.12401
2573.4,0.12397
2574.7,0.12411
2576.0,0.12407
2577.3,0.12406
2578.5,0.12409
2579.8,0.12405
2581.1,0.12406
2582.4,0.12411
2583.7,0.12405
2585.0,0.12421
2586.2,0.12419
2587.5,0.12415
2588.8,0.12418
2590.1,0.12417
2591.4,0.1242
2592.7,0.12416
2594.0,0.12398
2595.3,0.12414
2596.6,0.12439
2597.9,0.12434
2599.2,0.12424
2600.5,0.12417
2601.8,0.12421
2603.1,0.12428
2604.4,0.12425
2605.7,0.12429
2607.1,0.1244
2608.4,0.12435
2609.7,0.12429
2611.0,0.1243
2612.3,0.12428
2613.6,0.1243
2614.9,0.1243
2616.3,0.12425
2617.6,0.12443
2618.9,0.12444
2620.2,0.12432
2621.6,0.12447
2622.9,0.12444
2624.2,0.12435
2625.5,0.12431
2626.9,0.12434
2628.2,0.12447
2629.5,0.12436
2630.9,0.12442
2632.2,0.12456
2633.5,0.12444
2634.9,0.12443
2636.2,0.12443
2637.6,0.12444
2638.9,0.12445
2640.2,0.12442
2641.6,0.12445
2642.9,0.12449
2644.3,0.12446
2645.6,0.12446
2647.0,0.12452
2648.3,0.1245
2649.7,0.1245
2651.0,0.12448
2652.4,0.12448
2653.8,0.12455
2655.1,0.12452
2656.5,0.12455
2657.8,0.12457
2659.2,0.12455
2660.6,0.12459
2661.9,0.12461
2663.3,0.12455
2664.7,0.12445
2666.0,0.12455
2667.4,0.12465
2668.8,0.12462
2670.1,0.12442
2671.5,0.12462
2672.9,0.12459
2674.3,0.12446
2675.6,0.12441
2677.0,0.12448
2678.4,0.12451
2679.8,0.12445
2681.2,0.12446
2682.6,0.12437
2684.0,0.12434
2685.4,0.12432
2686.8,0.12429
2688.1,0.12426
2689.5,0.1242
2690.9,0.12417
2692.3,0.12412
2693.7,0.12408
2695.1,0.12409
2696.5,0.12407
2697.9,0.12402
2699.3,0.12391
2700.7,0.12387
2702.1,0.12385
2703.6,0.1238
2705.0,0.12371
2706.4,0.12364
2707.8,0.12356
2709.2,0.12347
2710.6,0.12332
2712.0,0.1233
2713.5,0.12317
2714.9,0.12301
2716.3,0.12294
2717.7,0.12283
2719.1,0.12264
2720.6,0.12253
2722.0,0.12257
2723.4,0.12233
2724.9,0.12218
2726.3,0.12212
2727.7,0.12194
2729.2,0.12176
2730.6,0.12162
2732.0,0.12146
2733.5,0.12129
2734.9,0.12117
2736.4,0.12108
2737.8,0.12085
2739.3,0.12068
2740.7,0.12059
2742.2,0.12044
2743.6,0.12023
2745.1,0.12
2746.5,0.11983
2748.0,0.11967
2749.4,0.11952
2750.9,0.11935
2752.3,0.11916
2753.8,0.11894
2755.3,0.11875
2756.7,0.11872
2758.2,0.11854
2759.7,0.11833
2761.1,0.11811
2762.6,0.11793
2764.1,0.11785
2765.6,0.11769
2767.0,0.11746
2768.5,0.11732
2770.0,0.11714
2771.5,0.11699
2772.9,0.11687
2774.4,0.11665
2775.9,0.11646
2777.4,0.11629
2778.9,0.11617
2780.4,0.11604
2781.9,0.11589
2783.4,0.11575
2784.9,0.1156
2786.4,0.11542
2787.9,0.11533
2789.4,0.11525
2790.9,0.1151
2792.4,0.1149
2793.9,0.11473
2795.4,0.11462
2796.9,0.11449
2798.4,0.11437
2799.9,0.11428
2801.4,0.11415
2802.9,0.11406
2804.4,0.11401
2806.0,0.11388
2807.5,0.11374
2809.0,0.1136
2810.5,0.11345
2812.1,0.11333
2813.6,0.11324
2815.1,0.11316
2816.6,0.11308
2818.2,0.11301
2819.7,0.11295
2821.2,0.11282
2822.8,0.11266
2824.3,0.11256
2825.8,0.11245
2827.4,0.11236
2828.9,0.11231
2830.5,0.11221
2832.0,0.1121
2833.6,0.11201
2835.1,0.11191
2836.7,0.11181
2838.2,0.1117
2839.8,0.11162
2841.3,0.11151
2842.9,0.11145
2844.4,0.11141
2846.0,0.11132
2847.6,0.11123
2849.1,0.11117
2850.7,0.11113
2852.3,0.11105
2853.8,0.11095
2855.4,0.11091
2857.0,0.11085
2858.6,0.1108
2860.1,0.11076
2861.7,0.11073
2863.3,0.11065
2864.9,0.11054
2866.4,0.11051
2868.0,0.11051
2869.6,0.11044
2871.2,0.11038
2872.8,0.11033
2874.4,0.1103
2876.0,0.11027
2877.6,0.11022
2879.2,0.11017
2880.8,0.11014
2882.4,0.1101
2884.0,0.11005
2885.6,0.11003
2887.2,0.10997
2888.8,0.10997
2890.4,0.10996
2892.0,0.10992
2893.6,0.10987
2895.3,0.10986
2896.9,0.10985
2898.5,0.1098
2900.1,0.1098
2901.7,0.10981
2903.4,0.10977
2905.0,0.10974
2906.6,0.10974
2908.3,0.10975
2909.9,0.10973
2911.5,0.1097
2913.1,0.10967
2914.8,0.10965
2916.4,0.10966
2918.1,0.10965
2919.7,0.10965
2921.4,0.10964
2923.0,0.10965
2924.7,0.10966
2926.3,0.10963
2928.0,0.10963
2929.6,0.10962
2931.3,0.10959
2932.9,0.10958
2934.6,0.10962
2936.3,0.10965
2937.9,0.10965
2939.6,0.10964
2941.2,0.1096
2942.9,0.10957
2944.6,0.1096
2946.3,0.10963
2947.9,0.10963
2949.6,0.10962
2951.3,0.10962
2953.0,0.10963
2954.6,0.10965
2956.3,0.10964
2958.0,0.10966
2959.7,0.10972
2961.4,0.10974
2963.1,0.10975
2964.8,0.10978
2966.5,0.1098
2968.2,0.10977
2969.9,0.10976
2971.6,0.1098
2973.3,0.10982
2975.0,0.10981
2976.7,0.10984
2978.4,0.10986
2980.1,0.10988
2981.8,0.10992
2983.6,0.10997
2985.3,0.11003
2987.0,0.11003
2988.7,0.11001
2990.4,0.11007
2992.2,0.1101
2993.9,0.11014
2995.6,0.11018
2997.4,0.11021
2999.1,0.11024
3000.8,0.11026
3002.6,0.11032
3004.3,0.11033
3006.0,0.11035
3007.8,0.11039
3009.5,0.11042
3011.3,0.11045
3013.0,0.11046
3014.8,0.11049
3016.5,0.11055
3018.3,0.11063
3020.0,0.11068
3021.8,0.11068
3023.6,0.11071
3025.3,0.11073
3027.1,0.11073
3028.9,0.11078
3030.6,0.11085
3032.4,0.1109
3034.2,0.11095
3036.0,0.11095
3037.7,0.11096
3039.5,0.11099
3041.3,0.11104
3043.1,0.11111
3044.9,0.11117
3046.7,0.11118
3048.4,0.11119
3050.2,0.11123
3052.0,0.11129
3053.8,0.11133
3055.6,0.11136
3057.4,0.11138
3059.2,0.1114
3061.1,0.11141
3062.9,0.11143
3064.7,0.11149
3066.5,0.11153
3068.3,0.11154
3070.1,0.11155
3071.9,0.11158
3073.8,0.1116
3075.6,0.11162
3077.4,0.11168
3079.2,0.11175
3081.1,0.1118
3082.9,0.11183
3084.7,0.11187
3086.6,0.1119
3088.4,0.11192
3090.2,0.11191
3092.1,0.11195
3093.9,0.11202
3095.8,0.11207
3097.6,0.11209
3099.5,0.11211
3101.3,0.1122
3103.2,0.11224
3105.0,0.11225
3106.9,0.11227
3108.8,0.11231
3110.6,0.11234
3112.5,0.11239
3114.4,0.11243
3116.2,0.11244
3118.1,0.1125
3120.0,0.11257
3121.9,0.11261
3123.7,0.11267
3125.6,0.11275
3127.5,0.11278
3129.4,0.1128
3131.3,0.11284
3133.2,0.11288
3135.1,0.11294
3137.0,0.11302
3138.9,0.11305
3140.8,0.11305
3142.7,0.11309
3144.6,0.11316
3146.5,0.11317
3148.4,0.11317
3150.3,0.11323
3152.2,0.1133
3154.1,0.11336
3156.1,0.11341
3158.0,0.11343
3159.9,0.11345
3161.8,0.11352
3163.8,0.11359
3165.7,0.11364
3167.6,0.11365
3169.6,0.11369
3171.5,0.11375
3173.4,0.11382
3175.4,0.11386
3177.3,0.1139
3179.3,0.11394
3181.2,0.11396
3183.2,0.11402
3185.1,0.1141
3187.1,0.11416
3189.1,0.11419
3191.0,0.11423
3193.0,0.11428
3194.9,0.11432
3196.9,0.11438
3198.9,0.11444
3200.9,0.11449
3202.9,0.11457
3204.8,0.11464
3206.8,0.11468
3208.8,0.1147
3210.8,0.11471
3212.8,0.11475
3214.8,0.11481
3216.8,0.11489
3218.8,0.11495
3220.8,0.115
3222.8,0.11509
3224.8,0.11512
3226.8,0.11511
3228.8,0.1152
3230.8,0.11526
3232.8,0.11528
3234.8,0.1153
3236.8,0.11536
3238.9,0.11541
3240.9,0.11547
3242.9,0.11554
3244.9,0.11557
3247.0,0.1156
3249.0,0.11568
3251.0,0.11572
3253.1,0.11571
3255.1,0.11575
3257.2,0.11583
3259.2,0.11591
3261.3,0.11596
3263.3,0.11595
3265.4,0.11599
3267.4,0.11606
3269.5,0.11611
3271.6,0.11615
3273.6,0.11618
3275.7,0.11622
3277.8,0.11629
3279.8,0.11632
3281.9,0.11631
3284.0,0.11637
3286.1,0.11643
3288.1,0.11646
3290.2,0.11651
3292.3,0.11657
3294.4,0.11663
3296.5,0.11668
3298.6,0.11673
3300.7,0.11679
3302.8,0.11682
3304.9,0.11684
3307.0,0.11686
3309.1,0.1169
3311.2,0.11695
3313.4,0.11699
3315.5,0.11703
3317.6,0.11709
3319.7,0.11711
3321.9,0.1171
3324.0,0.11714
3326.1,0.11721
3328.3,0.11727
3330.4,0.11729
3332.5,0.11731
3334.7,0.11736
3336.8,0.11737
3339.0,0.11736
3341.1,0.11743
3343.3,0.11745
3345.4,0.11743
3347.6,0.11744
3349.8,0.1175
3351.9,0.11757
3354.1,0.11754
3356.3,0.11749
3358.4,0.11752
3360.6,0.11755
3362.8,0.11757
3365.0,0.11759
3367.1,0.11763
3369.3,0.11763
3371.5,0.1176
3373.7,0.11759
3375.9,0.11763
3378.1,0.11767
3380.3,0.11771
3382.5,0.11778
3384.7,0.11788
3386.9,0.11795
3389.1,0.118
3391.4,0.11803
3393.6,0.11804
3395.8,0.1181
3398.0,0.11816
3400.3,0.11816
3402.5,0.11814
3404.7,0.11817
3407.0,0.11823
3409.2,0.11827
3411.4,0.11829
3413.7,0.11834
3415.9,0.11845
3418.2,0.11852
3420.4,0.1185
3422.7,0.1185
3425.0,0.11859
3427.2,0.11869
3429.5,0.11877
3431.8,0.11882
3434.0,0.11886
3436.3,0.1189
3438.6,0.11894
3440.9,0.11898
3443.2,0.11904
3445.4,0.11911
3447.7,0.11916
3450.0,0.1192
3452.3,0.11924
3454.6,0.11926
3456.9,0.11927
3459.2,0.11929
3461.6,0.11937
3463.9,0.11941
3466.2,0.11943
3468.5,0.11942
3470.8,0.11946
3473.1,0.1195
3475.5,0.11953
3477.8,0.11955
3480.1,0.11956
3482.5,0.11961
3484.8,0.11965
3487.2,0.11966
3489.5,0.11969
3491.9,0.11972
3494.2,0.11975
3496.6,0.11978
3498.9,0.11982
3501.3,0.11985
3503.6,0.1199
3506.0,0.11996
3508.4,0.12004
3510.8,0.1201
3513.1,0.12009
3515.5,0.12012
3517.9,0.12018
3520.3,0.12024
3522.7,0.12028
3525.1,0.1203
3527.5,0.12034
3529.9,0.12036
3532.3,0.12044
3534.7,0.12055
3537.1,0.12059
3539.5,0.12058
3541.9,0.12059
3544.4,0.12064
3546.8,0.12068
3549.2,0.12073
3551.6,0.12077
3554.1,0.12077
3556.5,0.12083
3559.0,0.12092
3561.4,0.12097
3563.9,0.12098
3566.3,0.12101
3568.8,0.12103
3571.2,0.12107
3573.7,0.12113
3576.1,0.12112
3578.6,0.12112
3581.1,0.12118
3583.6,0.12121
3586.0,0.12122
3588.5,0.1212
3591.0,0.12121
3593.5,0.12125
3596.0,0.12127
3598.5,0.12129
3601.0,0.12129
3603.5,0.12128
3606.0,0.1213
3608.5,0.12136
3611.0,0.12139
3613.5,0.12142
3616.0,0.12148
3618.6,0.1215
3621.1,0.12149
3623.6,0.12153
3626.1,0.12154
3628.7,0.12153
3631.2,0.12158
3633.8,0.12164
3636.3,0.12166
3638.9,0.12164
3641.4,0.12164
3644.0,0.12164
3646.6,0.1217
3649.1,0.12177
3651.7,0.12176
3654.3,0.12177
3656.9,0.1218
3659.4,0.1218
3662.0,0.12182
3664.6,0.12183
3667.2,0.12186
3669.8,0.12189
3672.4,0.12191
3675.0,0.12193
3677.6,0.12194
3680.2,0.12196
3682.8,0.122
3685.4,0.12202
3688.1,0.12203
3690.7,0.12204
3693.3,0.12205
3695.9,0.12207
3698.6,0.12209
3701.2,0.12209
3703.9,0.12211
3706.5,0.12213
3709.2,0.12215
3711.8,0.12216
3714.5,0.12218
3717.1,0.12219
3719.8,0.12221
3722.5,0.12222
3725.2,0.12223
3727.8,0.12224
3730.5,0.12224
3733.2,0.12223
3735.9,0.12227
3738.6,0.12229
3741.3,0.1223
3744.0,0.12232
3746.7,0.12233
3749.4,0.12233
3752.1,0.12235
3754.8,0.12238
3757.6,0.12241
3760.3,0.12242
3763.0,0.12243
3765.7,0.12244
3768.5,0.12245
3771.2,0.12245
3774.0,0.12247
3776.7,0.12248
3779.5,0.12249
3782.2,0.12249
3785.0,0.12248
3787.7,0.12248
3790.5,0.12249
3793.3,0.12249
3796.1,0.1225
3798.8,0.12253
3801.6,0.12254
3804.4,0.12253
3807.2,0.12254
3810.0,0.12254
3812.8,0.12256
3815.6,0.12254
3818.4,0.12253
3821.2,0.12252
3824.1,0.12253
3826.9,0.12255
3829.7,0.12259
3832.5,0.1226
3835.4,0.12259
3838.2,0.12259
3841.1,0.12261
3843.9,0.12263
3846.8,0.12263
3849.6,0.12263
3852.5,0.12264
3855.3,0.12263
3858.2,0.12263
3861.1,0.12263
3863.9,0.12263
3866.8,0.12263
3869.7,0.12262
3872.6,0.12263
3875.5,0.12265
3878.4,0.12265
3881.3,0.12266
3884.2,0.12266
3887.1,0.12264
3890.0,0.12266
3893.0,0.12267
3895.9,0.12268
3898.8,0.12269
3901.7,0.12269
3904.7,0.12268
3907.6,0.12267
3910.6,0.12268
3913.5,0.12268
3916.5,0.12267
3919.4,0.12267
3922.4,0.12269
3925.4,0.12269
3928.4,0.1227
3931.3,0.1227
3934.3,0.12269
3937.3,0.12267
3940.3,0.12267
3943.3,0.12267
3946.3,0.12267
3949.3,0.12264
3952.3,0.12264
3955.3,0.12265
3958.3,0.12264
3961.4,0.12261
3964.4,0.12261
3967.4,0.12262
3970.5,0.12261
3973.5,0.12259
3976.6,0.12258
3979.6,0.12256
3982.6,0.12258
3985.7,0.12258
3988.8,0.12258
3991.9,0.12258
3994.9,0.12256
3998.0,0.12253
4001.1,0.12252
4004.2,0.1225
4007.3,0.1225
4010.4,0.1225
4013.5,0.12248
4016.6,0.12246
4019.7,0.12248
4022.8,0.12249
4025.9,0.12249
4029.1,0.12247
4032.2,0.12246
4035.3,0.12244
4038.5,0.12243
4041.6,0.12242
4044.8,0.12242
4047.9,0.12241
4051.1,0.12241
4054.3,0.12239
4057.4,0.12238
4060.6,0.12238
4063.8,0.1224
4067.0,0.12239
4070.2,0.12237
4073.4,0.12235
4076.6,0.12233
4079.8,0.12232
4083.0,0.12234
4086.2,0.12233
4089.4,0.1223
4092.7,0.12229
4095.9,0.12228
4099.1,0.12227
4102.4,0.12227
4105.6,0.12225
4108.9,0.12224
4112.1,0.12221
4115.4,0.12219
4118.7,0.12217
4122.0,0.12215
4125.2,0.12214
4128.5,0.12211
4131.8,0.12208
4135.1,0.12207
4138.4,0.12206
4141.7,0.12207
4145.0,0.12205
4148.3,0.12202
4151.6,0.122
4155.0,0.12199
4158.3,0.12198
4161.6,0.12196
4165.0,0.12194
4168.3,0.12193
4171.7,0.12191
4175.0,0.12188
4178.4,0.12187
4181.8,0.12188
4185.2,0.12186
4188.5,0.12185
4191.9,0.1218
4195.3,0.12177
4198.7,0.12176
4202.1,0.12175
4205.5,0.12172
4208.9,0.1217
4212.4,0.12166
4215.8,0.12163
4219.2,0.12159
4222.6,0.12154
4226.1,0.1215
4229.5,0.12149
4233.0,0.12149
4236.5,0.12147
4239.9,0.12146
4243.4,0.12145
4246.9,0.12145
4250.3,0.12146
4253.8,0.12145
4257.3,0.12142
4260.8,0.12135
4264.3,0.12131
4267.8,0.12128
4271.4,0.12125
4274.9,0.12122
4278.4,0.12121
4281.9,0.12118
4285.5,0.12116
4289.0,0.12115
4292.6,0.12114
4296.1,0.12112
4299.7,0.12109
4303.3,0.12107
4306.8,0.12104
4310.4,0.12103
4314.0,0.12101
4317.6,0.12098
4321.2,0.12097
4324.8,0.12094
4328.4,0.12092
4332.0,0.12088
4335.6,0.12086
4339.3,0.12083
4342.9,0.12082
4346.5,0.12079
4350.2,0.12074
4353.8,0.12069
4357.5,0.12067
4361.1,0.12065
4364.8,0.12062
4368.5,0.12061
4372.2,0.12058
4375.9,0.12053
4379.6,0.12049
4383.3,0.12046
4387.0,0.12044
4390.7,0.12044
4394.4,0.12041
4398.1,0.12037
4401.9,0.12032
4405.6,0.12029
4409.4,0.12027
4413.1,0.12025
4416.9,0.12021
4420.6,0.12016
4424.4,0.12013
4428.2,0.1201
4432.0,0.12007
4435.8,0.12006
4439.6,0.12002
4443.4,0.11996
4447.2,0.11993
4451.0,0.11989
4454.8,0.11985
4458.6,0.11984
4462.5,0.1198
4466.3,0.11975
4470.2,0.11972
4474.0,0.11968
4477.9,0.11963
4481.8,0.11958
4485.6,0.11954
4489.5,0.11949
4493.4,0.11945
4497.3,0.11941
4501.2,0.11938
4505.1,0.11934
4509.0,0.11929
4513.0,0.11923
4516.9,0.11918
4520.8,0.11911
4524.8,0.11906
4528.7,0.119
4532.7,0.11893
4536.7,0.11887
4540.6,0.11881
4544.6,0.11874
4548.6,0.11867
4552.6,0.11862
4556.6,0.11856
4560.6,0.11847
4564.6,0.11838
4568.6,0.1183
4572.7,0.11825
4576.7,0.11816
4580.8,0.11806
4584.8,0.11798
4588.9,0.11792
4592.9,0.11785
4597.0,0.11778
4601.1,0.11767
4605.2,0.11759
4609.3,0.1175
4613.4,0.11741
4617.5,0.11734
4621.6,0.11724
4625.7,0.11711
4629.8,0.11702
4634.0,0.11693
4638.1,0.11686
4642.3,0.11677
4646.4,0.11668
4650.6,0.11657
4654.8,0.11648
4659.0,0.11639
4663.1,0.11631
4667.3,0.11622
4671.5,0.11614
4675.8,0.11608
4680.0,0.11601
4684.2,0.11592
4688.4,0.11584
4692.7,0.11576
4696.9,0.11568
4701.2,0.11559
4705.5,0.11549
4709.7,0.11541
4714.0,0.11536
4718.3,0.11528
4722.6,0.11517
4726.9,0.11507
4731.2,0.11497
4735.5,0.11485
4739.9,0.11474
4744.2,0.11461
4748.5,0.11451
4752.9,0.11441
4757.3,0.1143
4761.6,0.11419
4766.0,0.1141
4770.4,0.11398
4774.8,0.11388
4779.2,0.11376
4783.6,0.11364
4788.0,0.11354
4792.4,0.11343
4796.9,0.11331
4801.3,0.11318
4805.8,0.11306
4810.2,0.11296
4814.7,0.11284
4819.1,0.11272
4823.6,0.11258
4828.1,0.11245
4832.6,0.11232
4837.1,0.1122
4841.6,0.1121
4846.2,0.11199
4850.7,0.11187
4855.3,0.11176
4859.8,0.11162
4864.4,0.11149
4868.9,0.11133
4873.5,0.11117
4878.1,0.11101
4882.7,0.11086
4887.3,0.11068
4891.9,0.11051
4896.5,0.11032
4901.1,0.11013
4905.8,0.10993
4910.4,0.10973
4915.1,0.10952
4919.7,0.10932
4924.4,0.10911
4929.1,0.10892
4933.8,0.10874
4938.5,0.10859
4943.2,0.10844
4947.9,0.1083
4952.6,0.10816
4957.4,0.10805
4962.1,0.10794
4966.9,0.10783
4971.6,0.10776
4976.4,0.10768
4981.2,0.10759
4986.0,0.10751
4990.8,0.10742
4995.6,0.10732
5000.4,0.10722
5005.2,0.10714
5010.0,0.10705
5014.9,0.10696
5019.8,0.10688
5024.6,0.10682
5029.5,0.10671
5034.4,0.10659
5039.3,0.10646
5044.2,0.10633
5049.1,0.10621
5054.0,0.1061
5058.9,0.10596
5063.9,0.10582
5068.8,0.10568
5073.8,0.10554
5078.8,0.10538
5083.7,0.10525
5088.7,0.10509
5093.7,0.10492
5098.7,0.10478
5103.7,0.10463
5108.8,0.10446
5113.8,0.10429
5118.9,0.10412
5123.9,0.10398
5129.0,0.10386
5134.1,0.10373
5139.1,0.10359
5144.3,0.10348
5149.4,0.10339
5154.5,0.10331
5159.6,0.10321
5164.7,0.10313
5169.9,0.10307
5175.0,0.10302
5180.2,0.10297
5185.4,0.10294
5190.6,0.10288
5195.8,0.10283
5201.0,0.1028
5206.2,0.10278
5211.5,0.10274
5216.7,0.10275
5222.0,0.10271
5227.2,0.10266
5232.5,0.10261
5237.8,0.10256
5243.1,0.10253
5248.4,0.10249
5253.7,0.10247
5259.0,0.10246
5264.4,0.10243
5269.7,0.1024
5275.1,0.10237
5280.5,0.10238
5285.8,0.10236
5291.2,0.10236
5296.6,0.10238
5302.0,0.10234
5307.5,0.10233
5312.9,0.10235
5318.4,0.10234
5323.8,0.1023
5329.3,0.10226
5334.8,0.10221
5340.3,0.10213
5345.8,0.10204
5351.3,0.10198
5356.8,0.10191
5362.4,0.10178
5367.9,0.10166
5373.5,0.1015
5379.0,0.10135
5384.6,0.10119
5390.2,0.10103
5395.8,0.10082
5401.5,0.10064
5407.1,0.10045
5412.7,0.10024
5418.4,0.10001
5424.1,0.09988
5429.7,0.09972
5435.4,0.09946
5441.1,0.09926
5446.8,0.09911
5452.6,0.09897
5458.3,0.09883
5464.1,0.09874
5469.8,0.09868
5475.6,0.09858
5481.4,0.09856
5487.2,0.09851
5493.0,0.09845
5498.8,0.09844
5504.7,0.09841
5510.5,0.09835
5516.4,0.0983
5522.3,0.09827
5528.1,0.0982
5534.0,0.09808
5540.0,0.09796
5545.9,0.09783
5551.8,0.09766
5557.8,0.09744
5563.7,0.09715
5569.7,0.09679
5575.7,0.09644
5581.7,0.0961
5587.7,0.09567
5593.7,0.09518
5599.8,0.09475
5605.8,0.09441
5611.9,0.09404
5618.0,0.09372
5624.1,0.09344
5630.2,0.0932
5636.3,0.09299
5642.4,0.09293
5648.6,0.09294
5654.7,0.09289
5660.9,0.09297
5667.1,0.09301
5673.3,0.09313
5679.5,0.09339
5685.7,0.09355
5692.0,0.09376
5698.2,0.09404
5704.5,0.09418
5710.8,0.09445
5717.1,0.09475
5723.4,0.09496
5729.7,0.09514
5736.0,0.09531
5742.4,0.09544
5748.8,0.09562
5755.1,0.09575
5761.5,0.09566
5768.0,0.09585
5774.4,0.09593
5780.8,0.09581
5787.3,0.09575
5793.7,0.09563
5800.2,0.09552
5806.7,0.09541
5813.2,0.09522
5819.8,0.0951
5826.3,0.09511
5832.8,0.09493
5839.4,0.09471
5846.0,0.09448
5852.6,0.09433
5859.2,0.09416
5865.8,0.09405
5872.5,0.09383
5879.1,0.09366
5885.8,0.09373
5892.5,0.09344
5899.2,0.09334
5905.9,0.09316
5912.6,0.09287
5919.4,0.0927
5926.2,0.09243
5932.9,0.09211
5939.7,0.09204
5946.5,0.09175
5953.4,0.09132
5960.2,0.09092
5967.1,0.09053
5974.0,0.09027
5980.8,0.08986
5987.8,0.08952
5994.7,0.08926
6001.6,0.08896
6008.6,0.08865
6015.5,0.08856
6022.5,0.08853
6029.5,0.08851
6036.5,0.08851
6043.6,0.08851
6050.6,0.08903
6057.7,0.0894
6064.8,0.08929
6071.9,0.0895
6079.0,0.08978
6086.1,0.08985
6093.3,0.08988
6100.5,0.08995
6107.6,0.08995
6114.8,0.09012
6122.1,0.09016
6129.3,0.08999
6136.5,0.08985
6143.8,0.08975
6151.1,0.08956
6158.4,0.08939
6165.7,0.08926
6173.1,0.08902
6180.4,0.08873
6187.8,0.08866
6195.2,0.08847
6202.6,0.08818
6210.0,0.08794
6217.5,0.0877
6225.0,0.08748
6232.4,0.08729
6239.9,0.0871
6247.5,0.08689
6255.0,0.08665
6262.5,0.08641
6270.1,0.08619
6277.7,0.08597
6285.3,0.08574
6292.9,0.08552
6300.6,0.08531
6308.3,0.08512
6315.9,0.08495
6323.6,0.08478
6331.4,0.08461
6339.1,0.08444
6346.9,0.08446
6354.6,0.08437
6362.4,0.08414
6370.3,0.0841
6378.1,0.08407
6385.9,0.08393
6393.8,0.08383
6401.7,0.08365
6409.6,0.08352
6417.6,0.08374
6425.5,0.08362
6433.5,0.08339
6441.5,0.08324
6449.5,0.08306
6457.5,0.08291
6465.6,0.08271
6473.6,0.08257
6481.7,0.08244
6489.8,0.08231
6498.0,0.08232
6506.1,0.08214
6514.3,0.08183
6522.5,0.08172
6530.7,0.08156
6539.0,0.08136
6547.2,0.08122
6555.5,0.0811
6563.8,0.08092
6572.1,0.08076
6580.4,0.08069
6588.8,0.08047
6597.2,0.08037
6605.6,0.08018
6614.0,0.08002
6622.5,0.07989
6630.9,0.0798
6639.4,0.07987
6647.9,0.07987
6656.5,0.07969
6665.0,0.07961
6673.6,0.07961
6682.2,0.07969
6690.8,0.07973
6699.5,0.07966
6708.1,0.07968
6716.8,0.07977
6725.5,0.07977
6734.3,0.07972
6743.0,0.07965
6751.8,0.07963
6760.6,0.07959
6769.4,0.07955
6778.3,0.07954
6787.1,0.07951
6796.0,0.07953
6805.0,0.07939
6813.9,0.07925
6822.9,0.0792
6831.9,0.07918
6840.9,0.07905
6849.9,0.07888
6859.0,0.07878
6868.0,0.07879
6877.2,0.0786
6886.3,0.07832
6895.5,0.07809
6904.6,0.07789
6913.8,0.0777
6923.1,0.07745
6932.3,0.07721
6941.6,0.07695
6950.9,0.07667
6960.2,0.07644
6969.6,0.07622
6979.0,0.07584
6988.4,0.07555
6997.8,0.07527
7007.3,0.07498
7016.8,0.07467
7026.3,0.07443
7035.8,0.07413
7045.4,0.07392
7054.9,0.07367
7064.5,0.07338
7074.2,0.07313
7083.9,0.07291
7093.5,0.07268
7103.3,0.07247
7113.0,0.07226
7122.8,0.07209
7132.6,0.07188
7142.4,0.07171
7152.2,0.07156
7162.1,0.07138
7172.0,0.0712
7182.0,0.07105
7191.9,0.07084
7201.9,0.07069
7211.9,0.07055
7222.0,0.07039
7232.0,0.07023
7242.1,0.07011
7252.3,0.06995
7262.4,0.06983
7272.6,0.0697
7282.8,0.06957
7293.1,0.06941
7303.3,0.06928
7313.6,0.06911
7324.0,0.06894
7334.3,0.06876
7344.7,0.06862
7355.1,0.06842
7365.6,0.06821
7376.1,0.068
7386.6,0.06781
7397.1,0.06762
7407.7,0.06745
7418.3,0.06724
7428.9,0.06706
7439.6,0.06687
7450.2,0.06671
7461.0,0.06656
7471.7,0.06644
7482.5,0.06625
7493.3,0.06608
7504.1,0.06593
7515.0,0.06577
7525.9,0.06558
7536.9,0.06539
7547.9,0.06519
7558.9,0.065
7569.9,0.0648
7581.0,0.06465
7592.0,0.06448
7603.2,0.0643
7614.4,0.06412
7625.5,0.06396
7636.8,0.06375
7648.0,0.06356
7659.3,0.06336
7670.7,0.06318
7682.0,0.06295
7693.4,0.06273
7704.9,0.06249
7716.3,0.06223
7727.8,0.06195
7739.4,0.06169
7750.9,0.06139
7762.5,0.06109
7774.2,0.06078
7785.8,0.06045
7797.5,0.0601
7809.3,0.05978
7821.1,0.05943
7832.9,0.05908
7844.7,0.05869
7856.6,0.0583
7868.5,0.0579
7880.5,0.0575
7892.5,0.05709
7904.5,0.05668
7916.6,0.05623
7928.7,0.05578
7940.8,0.0553
7953.0,0.05483
7965.2,0.05434
7977.5,0.05385
7989.8,0.05332
8002.1,0.05281
8014.5,0.05226
8026.9,0.05173
8039.3,0.05119
8051.8,0.05062
8064.3,0.05001
8076.9,0.04944
8089.5,0.04886
8102.1,0.04827
8114.8,0.04765
8127.5,0.04705
8140.3,0.04641
8153.1,0.04581
8165.9,0.04518
8178.8,0.04458
8191.7,0.04394
8204.7,0.04335
8217.7,0.04272
8230.7,0.04213
8243.8,0.04153
8257.0,0.04098
8270.1,0.04037
8283.3,0.03978
8296.6,0.03919
8309.9,0.03861
8323.2,0.03801
8336.6,0.03747
8350.0,0.03689
8363.5,0.03635
8377.0,0.03578
8390.5,0.03527
8404.2,0.03476
8417.8,0.03432
8431.5,0.03385
8445.2,0.03344
8459.0,0.03304
8472.8,0.03271
8486.7,0.03239
8500.6,0.03214
8514.5,0.03188
8528.5,0.03167
8542.6,0.0315
8556.7,0.03142
8570.8,0.03133
8585.0,0.03132
8599.3,0.03132
8613.5,0.03138
8627.9,0.03141
8642.3,0.03148
8656.7,0.03152
8671.2,0.03154
8685.7,0.0314
8700.3,0.03122
8714.9,0.03104
8729.5,0.03106
8744.3,0.03127
8759.0,0.03168
8773.9,0.0321
8788.7,0.03254
8803.7,0.03292
8818.6,0.03326
8833.7,0.03352
8848.7,0.03375
8863.8,0.03388
8879.0,0.03401
8894.3,0.03406
8909.5,0.03413
8924.9,0.03423
8940.3,0.03439
8955.7,0.03452
8971.2,0.03471
8986.8,0.03483
9002.3,0.03495
9018.0,0.03499
9033.7,0.03505
9049.5,0.03505
9065.3,0.03505
9081.2,0.035
9097.1,0.03499
9113.1,0.03495
9129.1,0.03498
9145.2,0.03501
9161.4,0.03512
9177.6,0.03521
9193.9,0.03539
9210.2,0.03558
9226.6,0.03583
9243.0,0.03608
9259.5,0.0364
9276.1,0.03672
9292.7,0.0371
9309.4,0.03746
9326.2,0.03785
9343.0,0.03816
9359.8,0.03846
9376.8,0.0387
9393.8,0.03889
9410.8,0.03901
9427.9,0.03911
9445.1,0.03914
9462.3,0.03918
9479.6,0.03917
9497.0,0.03918
9514.4,0.03913
9531.9,0.03904
9549.4,0.03887
9567.0,0.03874
9584.7,0.03853
9602.5,0.03826
9620.3,0.03795
9638.2,0.03764
9656.1,0.03732
9674.2,0.03707
9692.2,0.03686
9710.4,0.03674
9728.6,0.03666
9746.9,0.03664
9765.2,0.03661
9783.7,0.03664
9802.2,0.03668
9820.7,0.0368
9839.4,0.03689
9858.1,0.03702
9876.8,0.03709
9895.7,0.03714
9914.6,0.03715
9933.6,0.03715
9952.7,0.03712
9971.8,0.03713
9991.0,0.03711
10010.3,0.03709
10029.7,0.03704
10049.1,0.03705
10068.6,0.03708
10088.2,0.03715
10107.9,0.03722
10127.6,0.03734
10147.5,0.03743
10167.3,0.03754
10187.3,0.03767
10207.4,0.03785
10227.5,0.038
10247.7,0.03819
10268.0,0.03838
10288.4,0.03863
10308.8,0.03885
10329.4,0.03915
10350.0,0.03941
10370.7,0.03966
10391.5,0.0399
10412.3,0.04017
10433.3,0.04051
10454.3,0.04101
10475.4,0.04152
10496.7,0.04205
10517.9,0.04257
10539.3,0.04313
10560.8,0.04363
10582.3,0.04409
10604.0,0.04445
10625.7,0.04474
10647.5,0.04494
10669.4,0.04512
10691.4,0.04523
10713.5,0.0453
10735.7,0.04528
10758.0,0.04522
10780.3,0.04509
10802.8,0.04492
10825.4,0.04463
10848.0,0.04433
10870.8,0.04397
10893.6,0.04362
10916.5,0.04327
10939.5,0.043
10962.7,0.04276
10985.9,0.04266
11009.2,0.04259
11032.7,0.04263
11056.2,0.04268
11079.8,0.04272
11103.5,0.04272
11127.4,0.04275
11151.3,0.04275
11175.3,0.04281
11199.5,0.04282
11223.7,0.04287
11248.0,0.04294
11272.5,0.04303
11297.1,0.04306
11321.7,0.0431
11346.5,0.04308
11371.4,0.04298
11396.4,0.04272
11421.5,0.04239
11446.7,0.0419
11472.0,0.04126
11497.5,0.04047
11523.0,0.03967
11548.7,0.03889
11574.4,0.03823
11600.3,0.03762
11626.3,0.03714
11652.5,0.03673
11678.7,0.03643
11705.1,0.03612
11731.6,0.0359
11758.2,0.03566
11784.9,0.0354
11811.7,0.03512
11838.7,0.03492
11865.8,0.03478
11893.0,0.0349
11920.3,0.03524
11947.8,0.03586
11975.4,0.0366
12003.1,0.0375
12031.0,0.03844
12059.0,0.03943
12087.1,0.04042
12115.3,0.04151
12143.7,0.04251
12172.2,0.04347
12200.8,0.04438
12229.6,0.04533
12258.5,0.04615
12287.6,0.04686
12316.8,0.04746
12346.1,0.04802
12375.5,0.04846
12405.2,0.04887
12434.9,0.0492
12464.8,0.04945
12494.8,0.04963
12525.0,0.04977
12555.3,0.04984
12585.8,0.04996
12616.4,0.04998
12647.2,0.04998
12678.1,0.04999
12709.2,0.05
12740.4,0.05001
12771.8,0.05003
12803.3,0.05002
12835.0,0.04995
12866.9,0.04981
12898.9,0.04969
12931.1,0.04953
12963.4,0.04939
12995.9,0.04914
13028.5,0.04885
13061.3,0.0485
13094.3,0.04812
13127.5,0.04767
13160.8,0.04717
13194.3,0.04659
13228.0,0.04596
13261.8,0.04528
13295.8,0.0446
13330.0,0.04383
13364.3,0.04303
13398.8,0.04216
13433.6,0.0413
13468.5,0.04049
13503.5,0.03974
13538.8,0.03899
13574.2,0.03836
13609.9,0.03786
13645.7,0.03749
13681.7,0.03719
13717.9,0.03691
13754.3,0.03656
13790.8,0.03633
13827.6,0.03627
13864.6,0.03634
13901.8,0.03647
13939.2,0.03667
13976.7,0.03678
14014.5,0.03679
14052.5,0.03672
14090.7,0.03653
14129.0,0.0362
14167.6,0.03589
14206.5,0.03546
14245.5,0.03499
14284.7,0.03454
14324.2,0.03402
14363.9,0.03343
14403.8,0.03285
14443.9,0.03223
14484.3,0.03161
14524.8,0.03093
14565.6,0.03034
14606.7,0.02978
14647.9,0.02924
14689.4,0.02871
14731.2,0.02839
14773.1,0.02816
14815.3,0.02802
14857.8,0.02792
14900.5,0.02777
14943.4,0.02747
14986.6,0.02719
15030.0,0.02679
15073.7,0.02642
15117.7,0.02603
15161.9,0.02567
15206.3,0.0254
15251.1,0.02521
15296.1,0.02503
15341.3,0.02497
15386.8,0.025
15432.6,0.02517
15478.7,0.02528
15525.0,0.02548
15571.7,0.02574
15618.6,0.02612
15665.8,0.02643
15713.2,0.02678
15761.0,0.02713
15809.0,0.0275
15857.4,0.02784
15906.0,0.02823
15955.0,0.02854
16004.2,0.0289
16053.8,0.02911
16103.6,0.02923
16153.8,0.02932
16204.3,0.02946
16255.1,0.02952
16306.2,0.02956
16357.6,0.02962
16409.4,0.02967
16461.5,0.02966
16513.9,0.02972
16566.7,0.02971
16619.8,0.02976
16673.2,0.02978
16727.0,0.02979
16781.1,0.0299
16835.6,0.0301
16890.5,0.03016
16945.7,0.03028
17001.2,0.03053
17057.2,0.03087
17113.4,0.03106
17170.1,0.03127
17227.2,0.03148
17284.6,0.0318
17342.4,0.03209
17400.6,0.03224
17459.2,0.03231
17518.2,0.03267
17577.5,0.03281
17637.3,0.03282
17697.5,0.03285
17758.1,0.03304
17819.2,0.03334
17880.6,0.0338
17942.5,0.0344
18004.8,0.03517
18067.5,0.03587
18130.7,0.0367
18194.3,0.03745
18258.4,0.03799
18322.9,0.03846
18387.9,0.03888
18453.3,0.03917
18519.2,0.0394
18585.6,0.0396
18652.4,0.04004
18719.8,0.04047
18787.6,0.04105
18855.9,0.04172
18924.7,0.04234
18994.1,0.04279
19063.9,0.04312
19134.2,0.04332
19205.1,0.04337
19276.5,0.04321
19348.4,0.04301
19420.9,0.04273
19493.9,0.04245
19567.5,0.04208
19641.6,0.04166
19716.3,0.04131
19791.5,0.04098
19867.3,0.04042
19943.8,0.04003
20020.8,0.03955
20098.4,0.03917
20176.6,0.03858
20255.4,0.03781
20334.8,0.03696
20414.9,0.03632
20495.6,0.03556
20576.9,0.03513
20658.9,0.03493
20741.5,0.03492
20824.8,0.03485
20908.8,0.03481
20993.4,0.03466
21078.8,0.03465
21164.8,0.03444
21251.6,0.03427
21339.0,0.03384
21427.2,0.03359
21516.1,0.03353
21605.8,0.03349
21696.2,0.03342
21787.3,0.03331
21879.3,0.03311
21972.0,0.03322
22065.5,0.0334
22159.7,0.03369
22254.8,0.03393
22350.8,0.03449
22447.5,0.03516
22545.1,0.03597
22643.6,0.03654
22742.9,0.03718
22843.1,0.03751
22944.2,0.03812
23046.2,0.03914
23149.1,0.03993
23252.9,0.04071
23357.6,0.04146
23463.3,0.04182
23569.9,0.04187
23677.6,0.04235
23786.2,0.04286
23895.8,0.04326
24006.4,0.04332
24118.1,0.04325
24230.8,0.04321
24344.5,0.04305
24459.3,0.04274
24575.3,0.04224
24692.3,0.0419
24810.4,0.04124
24929.7,0.04078
25050.1,0.04038
25171.7,0.0398
25294.5,0.03968
25418.5,0.03956
25543.7,0.03915
25670.2,0.0388
25797.9,0.03837
25926.9,0.03789
26057.2,0.0376
26188.8,0.03725
26321.7,0.03705
26456.0,0.03718
26591.7,0.03731
26728.8,0.03723
26867.2,0.03745
27007.2,0.03788
27148.6,0.03772
27291.5,0.0377
27435.9,0.03844
27581.8,0.03947
27729.3,0.04024
27878.4,0.04127
28029.1,0.0419
28181.4,0.04182
28335.4,0.04194
28491.1,0.04246
28648.5,0.04273
28807.7,0.04275
28968.6,0.04324
29131.3,0.04343
29295.9,0.04334
29462.4,0.0432
29630.7,0.0427
29801.0,0.0425
29973.3,0.04215
30147.5,0.04219
30323.8,0.04222
30502.2,0.04236
30682.7,0.0422
30865.3,0.04159
31050.2,0.04068
31237.2,0.04046
31426.5,0.04047
31618.2,0.04039
31812.1,0.04017
32008.5,0.0399
32207.3,0.04007
32408.6,0.03988
32612.4,0.039
32818.8,0.0393
33027.9,0.04067
33239.6,0.0407
33454.1,0.04029
33671.3,0.04043
33891.4,0.04118
34114.3,0.04209
34340.3,0.0428
34569.2,0.04323
34801.2,0.04289
35036.3,0.04293
35274.7,0.04341
35516.3,0.04401
35761.2,0.0435
36009.6,0.04336
36261.4,0.04369
36516.7,0.04416
36775.7,0.04446
37038.4,0.04439
37304.9,0.0448
37575.2,0.04589
37849.5,0.04539
38127.8,0.04495
38410.2,0.04588
38696.8,0.04687
38987.8,0.04691
39283.2,0.04704
39583.0,0.04747
39887.5,0.04681
40196.7,0.04647
40510.8,0.04755
40829.7,0.04824
41153.8,0.04774
41483.0,0.04696
41817.6,0.04703
42157.5,0.04756
42503.1,0.04802
42854.4,0.04665
43211.5,0.04596
43574.6,0.04647
43943.9,0.04811
44319.5,0.04864
44701.5,0.0491
45090.2,0.04794
45485.8,0.04874
45888.3,0.05062
46298.0,0.05115
46715.1,0.05164
47139.8,0.05158
47572.3,0.0511
48012.8,0.05193
48461.5,0.05165
48918.6,0.05157
49384.6,0.05205
49859.4,0.05175
50343.5,0.05305
50837.0,0.05595
51340.4,0.05606
51853.8,0.0543
52377.6,0.05381
52912.0,0.05396
53457.5,0.05209
54014.4,0.05402
54582.9,0.05624
55163.6,0.05826
55756.8,0.05733
56362.8,0.05442
56982.2,0.05466
57615.3,0.05564
58262.7,0.05517
58924.7,0.05288
59602.0,0.05181
60295.1,0.05452
61004.4,0.05557
61730.7,0.05686
62474.4,0.06009
63236.3,0.06254
64017.0,0.05748
64817.2,0.05266
65637.7,0.05102
66479.2,0.05396
67342.6,0.05615
68228.6,0.05666
69138.4,0.05716
70072.7,0.0572
71032.6,0.0561
72019.1,0.05396
73033.5,0.05562
74076.8,0.06168
75150.4,0.06627
76255.5,0.0648
77393.7,0.06048
78566.3,0.05766
79775.0,0.05996
81021.5,0.05671
82307.6,0.05436
83635.1,0.06598
85006.2,0.0738
86423.0,0.06845
87887.8,0.06604
89403.0,0.07282
90971.5,0.06787
92596.0,0.06078
94279.6,0.06804
96025.5,0.06437
97837.3,0.06002
99718.8,0.06943
