Composition,
Date Added,2010-03-19
Formula,
Grain Size Description,<0.0um
Grain Size,0.0 - 0.0
Locality,
Minimum Wavelength,1428
Sample Name,Almahata Sitta #27 chip
Maximum Wavelength,25050
Database of Origin,ReLab
Other Information,
References,
Resolution,7.0
Material Class,Rock
Sample Description,Impact and recovery of 2008 TC3 (Astronomy)
Sample ID,BMR1MT113
Original Sample ID,MT-PMJ-113
Viewing Geometry,
Wavelength,Response
1428.4,37.71
1428.8,37.36
1429.2,37.38
1429.6,37.77
1430.0,37.81
1430.4,37.85
1430.8,37.67
1431.2,36.95
1431.6,37.06
1432.0,37.65
1432.4,37.6
1432.8,37.35
1433.2,37.29
1433.6,37.45
1433.9,37.35
1434.3,37.12
1434.8,37.25
1435.1,37.11
1435.5,36.46
1435.9,36.54
1436.3,36.45
1436.7,37.04
1437.1,37.71
1437.5,37.62
1437.9,37.39
1438.3,37.11
1438.7,37.03
1439.1,37.18
1439.5,37.2
1439.9,37.5
1440.3,37.16
1440.7,36.79
1441.1,37.06
1441.5,37.0
1441.9,36.29
1442.3,36.77
1442.7,37.43
1443.1,37.63
1443.5,37.44
1443.9,37.23
1444.3,37.27
1444.7,36.88
1445.1,36.92
1445.6,37.53
1445.9,37.53
1446.3,37.19
1446.8,37.34
1447.2,37.31
1447.6,36.89
1448.0,36.72
1448.4,37.13
1448.8,37.12
1449.2,37.02
1449.6,36.81
1450.0,36.75
1450.4,37.53
1450.8,37.84
1451.2,37.24
1451.6,36.76
1452.0,36.81
1452.4,37.17
1452.8,37.06
1453.3,36.88
1453.7,36.67
1454.1,36.82
1454.5,37.14
1454.9,37.61
1455.3,37.64
1455.7,37.2
1456.1,36.95
1456.5,37.24
1456.9,37.35
1457.3,37.18
1457.7,37.29
1458.2,37.06
1458.6,37.03
1459.0,37.15
1459.4,37.02
1459.8,36.87
1460.2,36.73
1460.6,36.85
1461.0,36.95
1461.4,36.85
1461.8,37.05
1462.3,37.16
1462.7,37.0
1463.1,37.05
1463.5,36.98
1463.9,36.87
1464.3,36.86
1464.7,36.72
1465.2,36.85
1465.6,36.84
1466.0,36.78
1466.4,37.09
1466.8,36.99
1467.2,36.93
1467.6,36.82
1468.1,36.78
1468.5,37.06
1468.9,37.32
1469.3,37.22
1469.7,37.38
1470.1,37.9
1470.6,37.49
1471.0,36.83
1471.4,36.84
1471.8,36.88
1472.2,37.22
1472.7,37.22
1473.1,36.81
1473.5,36.61
1473.9,36.77
1474.3,36.94
1474.7,36.93
1475.2,37.01
1475.6,37.18
1476.0,37.11
1476.4,37.03
1476.8,36.73
1477.3,36.82
1477.7,36.95
1478.1,37.43
1478.5,37.19
1478.9,36.7
1479.4,36.67
1479.8,36.39
1480.2,36.41
1480.6,36.65
1481.1,36.74
1481.5,36.61
1481.9,36.44
1482.3,36.91
1482.8,37.36
1483.2,37.27
1483.6,36.66
1484.0,36.44
1484.4,36.88
1484.9,37.51
1485.3,37.94
1485.7,37.48
1486.2,37.02
1486.6,36.98
1487.0,37.02
1487.4,37.25
1487.9,37.46
1488.3,37.12
1488.7,37.02
1489.1,37.19
1489.6,37.19
1490.0,37.16
1490.4,37.18
1490.8,37.07
1491.3,37.16
1491.7,37.02
1492.1,36.88
1492.6,36.98
1493.0,37.14
1493.4,37.1
1493.9,37.14
1494.3,37.08
1494.7,36.91
1495.2,37.07
1495.6,37.62
1496.0,37.42
1496.4,37.11
1496.9,37.09
1497.3,37.12
1497.8,37.12
1498.2,36.97
1498.6,37.2
1499.0,37.41
1499.5,36.94
1499.9,36.56
1500.3,36.6
1500.8,36.92
1501.2,36.93
1501.7,36.67
1502.1,37.01
1502.5,37.0
1502.9,36.74
1503.4,36.82
1503.8,37.04
1504.3,36.77
1504.7,36.75
1505.1,36.82
1505.6,36.91
1506.0,37.38
1506.4,37.32
1506.9,36.9
1507.3,36.71
1507.8,36.94
1508.2,37.38
1508.6,37.28
1509.1,36.76
1509.5,36.73
1510.0,37.14
1510.4,37.15
1510.8,36.83
1511.3,36.76
1511.7,36.98
1512.2,36.97
1512.6,36.56
1513.0,36.5
1513.5,36.71
1513.9,36.6
1514.4,36.6
1514.8,36.64
1515.3,36.89
1515.7,37.03
1516.1,36.93
1516.6,36.74
1517.0,36.6
1517.5,36.87
1517.9,36.76
1518.4,36.69
1518.8,36.83
1519.3,36.77
1519.7,36.77
1520.1,36.67
1520.6,36.64
1521.0,36.53
1521.5,36.68
1521.9,36.84
1522.4,36.86
1522.8,36.81
1523.3,36.69
1523.7,37.03
1524.2,37.12
1524.6,36.89
1525.1,37.1
1525.5,37.05
1526.0,36.72
1526.4,36.67
1526.9,36.76
1527.3,36.81
1527.8,36.78
1528.2,36.72
1528.7,36.68
1529.1,36.84
1529.6,36.86
1530.0,36.96
1530.5,37.11
1530.9,36.93
1531.4,36.98
1531.8,37.24
1532.3,36.9
1532.7,36.52
1533.2,36.77
1533.6,37.02
1534.1,36.85
1534.5,36.75
1535.0,36.5
1535.4,36.51
1535.9,36.93
1536.4,36.97
1536.8,36.6
1537.3,36.59
1537.7,36.45
1538.2,36.2
1538.6,36.37
1539.1,36.6
1539.6,36.52
1540.0,36.47
1540.5,36.46
1540.9,36.42
1541.4,36.69
1541.8,36.83
1542.3,37.03
1542.8,37.06
1543.2,36.83
1543.7,36.72
1544.1,36.58
1544.6,36.56
1545.1,36.68
1545.5,36.88
1546.0,36.81
1546.4,36.79
1546.9,36.54
1547.4,36.36
1547.8,36.6
1548.3,36.76
1548.8,36.68
1549.2,36.5
1549.7,36.23
1550.1,36.34
1550.6,36.59
1551.1,36.75
1551.5,36.98
1552.0,37.25
1552.5,37.22
1552.9,36.76
1553.4,36.81
1553.8,37.12
1554.3,37.15
1554.8,37.08
1555.3,37.09
1555.7,36.79
1556.2,36.57
1556.7,36.41
1557.1,36.6
1557.6,36.81
1558.1,36.67
1558.5,36.45
1559.0,36.5
1559.5,36.67
1559.9,36.94
1560.4,37.02
1560.9,36.79
1561.3,36.43
1561.8,36.54
1562.3,36.6
1562.8,36.55
1563.2,36.61
1563.7,36.61
1564.2,36.69
1564.6,36.8
1565.1,36.83
1565.6,37.16
1566.1,37.15
1566.5,36.6
1567.0,36.32
1567.5,36.53
1567.9,36.68
1568.4,36.55
1568.9,36.65
1569.4,36.73
1569.8,36.66
1570.3,36.79
1570.8,36.49
1571.3,36.39
1571.8,36.74
1572.2,36.85
1572.7,36.44
1573.2,36.45
1573.7,36.75
1574.1,36.67
1574.6,36.57
1575.1,36.7
1575.6,36.95
1576.1,36.88
1576.5,36.47
1577.0,36.22
1577.5,36.38
1578.0,36.66
1578.4,36.69
1578.9,36.58
1579.4,36.38
1579.9,36.39
1580.4,36.51
1580.9,36.79
1581.3,36.86
1581.8,36.69
1582.3,36.61
1582.8,36.76
1583.3,36.74
1583.8,36.55
1584.2,36.57
1584.7,36.77
1585.2,36.84
1585.7,36.78
1586.2,36.74
1586.7,36.62
1587.2,36.55
1587.6,36.6
1588.1,36.63
1588.6,36.83
1589.1,36.64
1589.6,36.52
1590.1,36.69
1590.6,36.79
1591.1,36.53
1591.5,36.33
1592.0,36.4
1592.5,36.51
1593.0,36.43
1593.5,36.42
1594.0,36.6
1594.5,36.59
1595.0,36.71
1595.4,36.77
1595.9,36.56
1596.4,36.61
1596.9,36.5
1597.4,36.33
1597.9,36.37
1598.4,36.52
1598.9,36.59
1599.4,36.64
1599.9,36.56
1600.4,36.61
1600.9,36.66
1601.4,36.6
1601.9,36.61
1602.3,36.67
1602.8,36.49
1603.3,36.4
1603.8,36.54
1604.3,36.51
1604.8,36.58
1605.3,36.58
1605.8,36.65
1606.3,36.65
1606.8,36.52
1607.3,36.56
1607.8,36.67
1608.3,36.49
1608.8,36.47
1609.3,36.61
1609.8,36.58
1610.3,36.61
1610.8,36.59
1611.3,36.44
1611.8,36.42
1612.3,36.47
1612.8,36.41
1613.3,36.51
1613.8,36.66
1614.3,36.63
1614.8,36.6
1615.3,36.62
1615.8,36.49
1616.3,36.33
1616.8,36.28
1617.3,36.48
1617.8,36.74
1618.4,36.59
1618.9,36.34
1619.4,36.36
1619.9,36.6
1620.4,36.64
1620.9,36.6
1621.4,36.62
1621.9,36.71
1622.4,36.67
1622.9,36.42
1623.4,36.4
1623.9,36.32
1624.4,36.47
1624.9,36.58
1625.5,36.5
1626.0,36.7
1626.5,36.79
1627.0,36.62
1627.5,36.59
1628.0,36.61
1628.5,36.63
1629.0,36.55
1629.6,36.61
1630.1,36.6
1630.6,36.42
1631.1,36.39
1631.6,36.76
1632.1,36.88
1632.6,36.73
1633.1,36.44
1633.7,36.29
1634.2,36.27
1634.7,36.32
1635.2,36.21
1635.7,36.11
1636.2,36.35
1636.8,36.47
1637.3,36.44
1637.8,36.37
1638.3,36.31
1638.8,36.25
1639.3,36.27
1639.9,36.32
1640.4,36.37
1640.9,36.64
1641.4,36.59
1641.9,36.34
1642.5,36.5
1643.0,36.64
1643.5,36.59
1644.0,36.42
1644.5,36.28
1645.1,36.32
1645.6,36.39
1646.1,36.38
1646.6,36.28
1647.2,36.27
1647.7,36.35
1648.2,36.42
1648.7,36.39
1649.3,36.22
1649.8,36.1
1650.3,36.33
1650.8,36.5
1651.3,36.43
1651.9,36.34
1652.4,36.29
1652.9,36.23
1653.4,36.24
1654.0,36.47
1654.5,36.44
1655.0,36.32
1655.6,36.41
1656.1,36.63
1656.6,36.57
1657.2,36.44
1657.7,36.46
1658.2,36.25
1658.7,36.1
1659.3,36.1
1659.8,36.14
1660.3,36.15
1660.9,36.16
1661.4,36.22
1661.9,36.26
1662.5,36.19
1663.0,36.23
1663.5,36.31
1664.1,36.17
1664.6,36.21
1665.1,36.36
1665.7,36.28
1666.2,36.28
1666.7,36.26
1667.3,36.07
1667.8,35.99
1668.3,36.21
1668.9,36.28
1669.4,36.24
1670.0,36.44
1670.5,36.46
1671.0,36.24
1671.6,36.13
1672.1,36.28
1672.7,36.39
1673.2,36.16
1673.7,36.1
1674.3,36.28
1674.8,36.38
1675.4,36.22
1675.9,36.1
1676.4,36.12
1677.0,36.12
1677.5,36.21
1678.1,36.06
1678.6,36.06
1679.2,36.3
1679.7,36.35
1680.3,36.36
1680.8,36.21
1681.3,36.01
1681.9,36.04
1682.4,36.09
1683.0,36.22
1683.5,36.41
1684.1,36.49
1684.6,36.32
1685.2,36.1
1685.7,36.07
1686.3,36.19
1686.8,36.12
1687.3,36.13
1687.9,36.14
1688.4,36.1
1689.0,36.27
1689.6,36.41
1690.1,36.42
1690.7,36.33
1691.2,36.24
1691.8,36.19
1692.3,36.14
1692.9,36.2
1693.4,36.3
1694.0,36.16
1694.5,36.15
1695.1,36.23
1695.6,36.1
1696.2,36.18
1696.7,36.25
1697.3,36.02
1697.8,36.0
1698.4,36.0
1699.0,36.13
1699.5,36.34
1700.1,36.3
1700.6,36.16
1701.2,36.18
1701.8,36.21
1702.3,36.39
1702.9,36.32
1703.4,36.23
1704.0,36.26
1704.6,36.1
1705.1,35.92
1705.7,35.89
1706.2,35.94
1706.8,35.96
1707.4,36.02
1707.9,36.19
1708.5,36.1
1709.1,36.13
1709.6,36.14
1710.2,36.03
1710.7,36.03
1711.3,36.14
1711.9,35.99
1712.4,35.85
1713.0,36.11
1713.6,36.25
1714.1,36.02
1714.7,36.03
1715.3,36.13
1715.8,36.06
1716.4,35.93
1717.0,35.96
1717.5,36.05
1718.1,36.1
1718.7,36.07
1719.3,36.14
1719.8,36.13
1720.4,35.92
1721.0,36.02
1721.5,36.14
1722.1,36.11
1722.7,36.02
1723.3,35.98
1723.8,35.99
1724.4,35.93
1725.0,36.04
1725.5,36.1
1726.1,36.12
1726.7,36.11
1727.3,36.12
1727.8,36.11
1728.4,36.11
1729.0,36.1
1729.6,35.89
1730.2,35.95
1730.7,36.12
1731.3,35.98
1731.9,35.97
1732.5,36.04
1733.0,36.18
1733.6,36.04
1734.2,36.03
1734.8,36.11
1735.4,35.97
1735.9,35.94
1736.5,36.03
1737.1,36.04
1737.7,36.01
1738.3,35.91
1738.8,35.87
1739.4,35.8
1740.0,35.83
1740.6,35.86
1741.2,35.95
1741.8,35.98
1742.4,35.97
1742.9,36.0
1743.5,35.95
1744.1,35.89
1744.7,35.88
1745.3,35.87
1745.9,35.88
1746.5,35.9
1747.1,35.85
1747.6,35.87
1748.2,36.0
1748.8,35.99
1749.4,35.96
1750.0,35.89
1750.6,35.9
1751.2,35.93
1751.8,35.93
1752.4,36.05
1753.0,36.07
1753.6,35.99
1754.2,35.86
1754.7,35.79
1755.3,35.92
1755.9,36.14
1756.5,36.1
1757.1,35.94
1757.7,35.89
1758.3,35.96
1758.9,36.01
1759.5,36.13
1760.1,36.21
1760.7,36.02
1761.3,35.96
1761.9,35.87
1762.5,35.79
1763.1,35.85
1763.7,35.89
1764.3,35.84
1764.9,35.86
1765.5,35.89
1766.1,35.84
1766.7,35.67
1767.3,35.66
1767.9,35.85
1768.5,35.87
1769.1,35.81
1769.7,35.82
1770.3,35.87
1770.9,35.93
1771.5,35.91
1772.1,35.84
1772.7,35.79
1773.3,35.68
1773.9,35.75
1774.6,35.83
1775.2,35.7
1775.8,35.77
1776.4,35.96
1777.0,36.05
1777.6,35.99
1778.2,35.9
1778.8,35.93
1779.4,35.95
1780.0,35.89
1780.7,35.83
1781.3,35.78
1781.9,35.77
1782.5,35.7
1783.1,35.72
1783.7,35.72
1784.3,35.76
1784.9,35.86
1785.6,35.85
1786.2,35.8
1786.8,35.78
1787.4,35.73
1788.0,35.63
1788.6,35.73
1789.3,35.89
1789.9,35.93
1790.5,35.9
1791.1,35.9
1791.7,35.74
1792.3,35.71
1793.0,35.81
1793.6,35.82
1794.2,35.86
1794.8,36.0
1795.4,35.99
1796.1,35.85
1796.7,35.82
1797.3,35.78
1797.9,35.74
1798.6,35.84
1799.2,35.83
1799.8,35.81
1800.4,35.82
1801.1,35.93
1801.7,35.89
1802.3,35.83
1802.9,35.81
1803.6,35.82
1804.2,35.86
1804.8,35.86
1805.5,35.81
1806.1,35.8
1806.7,35.79
1807.3,35.75
1808.0,35.67
1808.6,35.68
1809.2,35.79
1809.9,35.87
1810.5,35.82
1811.1,35.76
1811.8,35.72
1812.4,35.78
1813.0,35.83
1813.7,35.8
1814.3,35.8
1814.9,35.84
1815.6,35.8
1816.2,35.7
1816.8,35.79
1817.5,35.77
1818.1,35.64
1818.8,35.67
1819.4,35.63
1820.0,35.66
1820.7,35.73
1821.3,35.8
1821.9,35.77
1822.6,35.69
1823.2,35.67
1823.9,35.7
1824.5,35.82
1825.2,35.85
1825.8,35.87
1826.4,35.82
1827.1,35.79
1827.7,35.75
1828.4,35.69
1829.0,35.71
1829.7,35.7
1830.3,35.66
1831.0,35.74
1831.6,35.76
1832.3,35.83
1832.9,35.88
1833.6,35.76
1834.2,35.72
1834.8,35.85
1835.5,35.93
1836.2,36.0
1836.8,35.94
1837.4,35.9
1838.1,35.8
1838.8,35.76
1839.4,35.8
1840.1,35.79
1840.7,35.78
1841.4,35.72
1842.0,35.6
1842.7,35.63
1843.3,35.77
1844.0,35.83
1844.6,35.89
1845.3,35.88
1845.9,35.81
1846.6,35.74
1847.3,35.76
1847.9,35.81
1848.6,35.81
1849.3,35.78
1849.9,35.69
1850.6,35.7
1851.2,35.77
1851.9,35.82
1852.6,35.84
1853.2,35.72
1853.9,35.7
1854.5,35.75
1855.2,35.73
1855.9,35.73
1856.5,35.73
1857.2,35.76
1857.9,35.8
1858.5,35.77
1859.2,35.76
1859.9,35.83
1860.5,35.88
1861.2,35.79
1861.9,35.63
1862.5,35.67
1863.2,35.79
1863.9,35.79
1864.5,35.71
1865.2,35.77
1865.9,35.88
1866.6,35.92
1867.2,35.91
1867.9,35.82
1868.6,35.76
1869.3,35.75
1869.9,35.83
1870.6,35.88
1871.3,35.86
1871.9,35.83
1872.6,35.78
1873.3,35.83
1874.0,35.88
1874.7,35.94
1875.3,35.97
1876.0,35.99
1876.7,36.03
1877.4,36.0
1878.1,36.01
1878.7,35.98
1879.4,35.86
1880.1,35.79
1880.8,35.83
1881.5,35.95
1882.1,36.02
1882.8,35.93
1883.5,35.95
1884.2,35.9
1884.9,35.83
1885.6,35.89
1886.3,35.86
1886.9,35.8
1887.6,35.82
1888.3,35.88
1889.0,35.82
1889.7,35.85
1890.4,35.92
1891.1,35.86
1891.8,35.85
1892.4,35.89
1893.1,35.85
1893.8,35.82
1894.5,35.99
1895.2,36.01
1895.9,35.83
1896.6,35.79
1897.3,35.83
1898.0,35.95
1898.7,36.01
1899.4,36.09
1900.1,36.05
1900.8,35.97
1901.5,35.96
1902.2,35.93
1902.9,35.83
1903.6,35.74
1904.3,35.84
1905.0,35.92
1905.7,35.97
1906.4,36.03
1907.1,36.03
1907.8,35.95
1908.5,35.89
1909.2,35.85
1909.9,35.93
1910.6,36.06
1911.3,36.09
1912.0,35.97
1912.7,36.0
1913.4,36.07
1914.1,36.01
1914.8,35.95
1915.5,35.96
1916.2,35.97
1916.9,35.97
1917.6,36.08
1918.3,36.11
1919.1,36.08
1919.8,36.05
1920.5,35.99
1921.2,35.96
1921.9,35.99
1922.6,36.04
1923.3,36.08
1924.1,36.05
1924.8,36.07
1925.5,36.1
1926.2,36.1
1926.9,36.09
1927.6,36.02
1928.3,36.04
1929.1,36.12
1929.8,36.17
1930.5,36.15
1931.2,36.17
1931.9,36.13
1932.7,36.04
1933.4,36.08
1934.1,36.07
1934.8,36.12
1935.5,36.23
1936.3,36.22
1937.0,36.08
1937.7,36.04
1938.4,36.12
1939.2,36.24
1939.9,36.23
1940.6,36.16
1941.3,36.13
1942.1,36.12
1942.8,36.16
1943.5,36.24
1944.3,36.26
1945.0,36.23
1945.7,36.15
1946.4,36.12
1947.2,36.14
1947.9,36.22
1948.6,36.25
1949.4,36.22
1950.1,36.23
1950.8,36.25
1951.6,36.24
1952.3,36.24
1953.0,36.21
1953.8,36.18
1954.5,36.21
1955.3,36.25
1956.0,36.29
1956.7,36.28
1957.5,36.27
1958.2,36.23
1958.9,36.23
1959.7,36.26
1960.4,36.32
1961.2,36.34
1961.9,36.27
1962.7,36.25
1963.4,36.34
1964.1,36.39
1964.9,36.37
1965.6,36.28
1966.4,36.31
1967.1,36.38
1967.9,36.36
1968.6,36.38
1969.4,36.43
1970.1,36.33
1970.8,36.32
1971.6,36.43
1972.3,36.45
1973.1,36.41
1973.8,36.38
1974.6,36.34
1975.4,36.38
1976.1,36.4
1976.9,36.4
1977.6,36.44
1978.4,36.39
1979.1,36.32
1979.9,36.37
1980.6,36.52
1981.4,36.59
1982.2,36.6
1982.9,36.51
1983.7,36.5
1984.4,36.45
1985.2,36.47
1985.9,36.49
1986.7,36.46
1987.5,36.46
1988.2,36.52
1989.0,36.58
1989.8,36.61
1990.5,36.49
1991.3,36.48
1992.1,36.6
1992.8,36.61
1993.6,36.58
1994.3,36.57
1995.1,36.56
1995.9,36.57
1996.7,36.63
1997.4,36.69
1998.2,36.62
1999.0,36.51
1999.7,36.51
2000.5,36.6
2001.3,36.68
2002.1,36.71
2002.8,36.67
2003.6,36.54
2004.4,36.52
2005.2,36.61
2005.9,36.62
2006.7,36.61
2007.5,36.65
2008.3,36.65
2009.0,36.64
2009.8,36.65
2010.6,36.66
2011.4,36.67
2012.2,36.64
2012.9,36.65
2013.7,36.75
2014.5,36.79
2015.3,36.76
2016.1,36.77
2016.8,36.78
2017.6,36.76
2018.4,36.79
2019.2,36.79
2020.0,36.74
2020.8,36.77
2021.6,36.77
2022.4,36.75
2023.2,36.8
2023.9,36.82
2024.7,36.81
2025.5,36.83
2026.3,36.83
2027.1,36.77
2027.9,36.77
2028.7,36.82
2029.5,36.88
2030.3,36.9
2031.1,36.91
2031.9,36.93
2032.7,36.88
2033.5,36.86
2034.3,36.81
2035.1,36.77
2035.9,36.84
2036.7,36.89
2037.5,36.88
2038.3,36.84
2039.1,36.89
2039.9,37.02
2040.7,36.98
2041.5,36.89
2042.3,36.87
2043.1,36.92
2043.9,36.93
2044.7,36.93
2045.5,36.94
2046.3,36.96
2047.1,36.93
2047.9,36.87
2048.7,36.88
2049.5,36.97
2050.4,37.0
2051.2,37.02
2052.0,37.11
2052.8,37.09
2053.6,37.01
2054.4,36.96
2055.2,36.95
2056.0,36.99
2056.9,37.03
2057.7,37.03
2058.5,37.05
2059.3,37.11
2060.1,37.09
2060.9,37.07
2061.8,37.07
2062.6,37.08
2063.4,37.09
2064.2,37.16
2065.1,37.22
2065.9,37.21
2066.7,37.18
2067.5,37.17
2068.3,37.18
2069.2,37.22
2070.0,37.18
2070.8,37.13
2071.6,37.16
2072.5,37.18
2073.3,37.18
2074.1,37.2
2075.0,37.19
2075.8,37.27
2076.6,37.3
2077.5,37.22
2078.3,37.17
2079.1,37.24
2080.0,37.31
2080.8,37.31
2081.6,37.36
2082.5,37.43
2083.3,37.35
2084.1,37.29
2085.0,37.27
2085.8,37.31
2086.7,37.37
2087.5,37.36
2088.3,37.32
2089.2,37.34
2090.0,37.4
2090.9,37.48
2091.7,37.42
2092.6,37.37
2093.4,37.34
2094.2,37.34
2095.1,37.33
2095.9,37.35
2096.8,37.37
2097.6,37.4
2098.5,37.45
2099.3,37.46
2100.2,37.44
2101.0,37.48
2101.9,37.53
2102.7,37.49
2103.6,37.45
2104.4,37.44
2105.3,37.43
2106.1,37.45
2107.0,37.47
2107.9,37.52
2108.7,37.48
2109.6,37.47
2110.4,37.5
2111.3,37.53
2112.2,37.57
2113.0,37.57
2113.9,37.6
2114.7,37.57
2115.6,37.55
2116.5,37.56
2117.3,37.62
2118.2,37.65
2119.1,37.6
2119.9,37.64
2120.8,37.7
2121.7,37.66
2122.5,37.6
2123.4,37.55
2124.3,37.56
2125.1,37.62
2126.0,37.71
2126.9,37.74
2127.8,37.71
2128.6,37.73
2129.5,37.71
2130.4,37.72
2131.3,37.72
2132.1,37.76
2133.0,37.77
2133.9,37.75
2134.8,37.76
2135.6,37.78
2136.5,37.81
2137.4,37.84
2138.3,37.83
2139.2,37.76
2140.1,37.75
2140.9,37.78
2141.8,37.83
2142.7,37.87
2143.6,37.9
2144.5,37.86
2145.4,37.8
2146.3,37.82
2147.1,37.83
2148.0,37.91
2148.9,37.91
2149.8,37.82
2150.7,37.84
2151.6,37.92
2152.5,37.94
2153.4,37.88
2154.3,37.84
2155.2,37.89
2156.1,37.93
2157.0,37.96
2157.9,37.97
2158.8,37.96
2159.7,37.91
2160.6,37.93
2161.5,38.02
2162.4,38.04
2163.3,38.02
2164.2,38.02
2165.1,37.99
2166.0,37.99
2166.9,38.02
2167.8,38.07
2168.7,38.02
2169.6,38.02
2170.5,38.05
2171.4,38.01
2172.3,38.01
2173.3,38.02
2174.2,38.06
2175.1,38.16
2176.0,38.16
2176.9,38.06
2177.8,38.09
2178.7,38.16
2179.6,38.15
2180.6,38.15
2181.5,38.14
2182.4,38.08
2183.3,38.09
2184.2,38.14
2185.1,38.18
2186.1,38.2
2187.0,38.24
2187.9,38.21
2188.8,38.16
2189.8,38.27
2190.7,38.34
2191.6,38.23
2192.6,38.16
2193.5,38.15
2194.4,38.14
2195.3,38.14
2196.3,38.19
2197.2,38.22
2198.1,38.22
2199.1,38.2
2200.0,38.24
2200.9,38.27
2201.9,38.31
2202.8,38.32
2203.7,38.27
2204.7,38.24
2205.6,38.29
2206.5,38.32
2207.5,38.33
2208.4,38.37
2209.4,38.36
2210.3,38.31
2211.3,38.28
2212.2,38.31
2213.1,38.32
2214.1,38.37
2215.0,38.41
2216.0,38.46
2216.9,38.47
2217.9,38.39
2218.8,38.36
2219.8,38.45
2220.7,38.41
2221.7,38.36
2222.6,38.42
2223.6,38.43
2224.5,38.43
2225.5,38.4
2226.4,38.41
2227.4,38.49
2228.4,38.55
2229.3,38.56
2230.3,38.57
2231.2,38.63
2232.2,38.62
2233.1,38.56
2234.1,38.61
2235.1,38.65
2236.0,38.63
2237.0,38.6
2238.0,38.55
2238.9,38.58
2239.9,38.63
2240.9,38.67
2241.8,38.6
2242.8,38.54
2243.8,38.6
2244.8,38.68
2245.7,38.63
2246.7,38.62
2247.7,38.64
2248.6,38.63
2249.6,38.62
2250.6,38.6
2251.6,38.62
2252.6,38.72
2253.5,38.72
2254.5,38.71
2255.5,38.7
2256.5,38.66
2257.5,38.62
2258.4,38.63
2259.4,38.62
2260.4,38.62
2261.4,38.66
2262.4,38.66
2263.4,38.69
2264.4,38.7
2265.4,38.7
2266.3,38.73
2267.3,38.77
2268.3,38.8
2269.3,38.81
2270.3,38.85
2271.3,38.93
2272.3,38.93
2273.3,38.86
2274.3,38.84
2275.3,38.86
2276.3,38.88
2277.3,38.87
2278.3,38.86
2279.3,38.87
2280.3,38.86
2281.3,38.89
2282.3,38.91
2283.3,38.89
2284.3,38.85
2285.3,38.87
2286.3,38.92
2287.3,38.96
2288.4,38.95
2289.4,38.98
2290.4,39.05
2291.4,39.03
2292.4,38.97
2293.4,38.97
2294.4,39.06
2295.4,39.11
2296.5,39.12
2297.5,39.07
2298.5,39.01
2299.5,39.06
2300.5,39.03
2301.6,39.03
2302.6,39.06
2303.6,39.07
2304.6,39.13
2305.6,39.18
2306.7,39.12
2307.7,39.07
2308.7,39.06
2309.8,39.1
2310.8,39.04
2311.8,39.01
2312.9,39.1
2313.9,39.11
2314.9,39.1
2315.9,39.11
2317.0,39.16
2318.0,39.22
2319.1,39.17
2320.1,39.17
2321.1,39.23
2322.2,39.23
2323.2,39.18
2324.3,39.14
2325.3,39.16
2326.3,39.2
2327.4,39.23
2328.4,39.28
2329.5,39.27
2330.5,39.21
2331.6,39.21
2332.6,39.22
2333.7,39.22
2334.7,39.21
2335.8,39.21
2336.8,39.32
2337.9,39.36
2338.9,39.29
2340.0,39.23
2341.0,39.3
2342.1,39.37
2343.2,39.35
2344.2,39.32
2345.3,39.31
2346.3,39.34
2347.4,39.38
2348.5,39.35
2349.5,39.34
2350.6,39.37
2351.7,39.45
2352.7,39.49
2353.8,39.44
2354.9,39.4
2355.9,39.41
2357.0,39.41
2358.1,39.43
2359.1,39.45
2360.2,39.45
2361.3,39.44
2362.4,39.44
2363.4,39.45
2364.5,39.46
2365.6,39.45
2366.7,39.47
2367.8,39.55
2368.9,39.55
2369.9,39.52
2371.0,39.49
2372.1,39.49
2373.2,39.48
2374.3,39.45
2375.4,39.49
2376.4,39.56
2377.5,39.55
2378.6,39.55
2379.7,39.54
2380.8,39.55
2381.9,39.6
2383.0,39.66
2384.1,39.61
2385.2,39.57
2386.3,39.58
2387.4,39.6
2388.5,39.59
2389.6,39.6
2390.7,39.61
2391.8,39.65
2392.9,39.66
2394.0,39.72
2395.1,39.74
2396.2,39.69
2397.3,39.61
2398.4,39.65
2399.6,39.71
2400.7,39.72
2401.8,39.75
2402.9,39.77
2404.0,39.76
2405.1,39.71
2406.2,39.72
2407.4,39.73
2408.5,39.69
2409.6,39.64
2410.7,39.67
2411.8,39.76
2412.9,39.77
2414.1,39.77
2415.2,39.72
2416.3,39.76
2417.4,39.79
2418.6,39.76
2419.7,39.73
2420.8,39.79
2422.0,39.82
2423.1,39.81
2424.2,39.83
2425.4,39.81
2426.5,39.83
2427.6,39.89
2428.8,39.9
2429.9,39.87
2431.1,39.87
2432.2,39.87
2433.3,39.89
2434.5,39.91
2435.6,39.86
2436.8,39.85
2437.9,39.88
2439.1,39.94
2440.2,39.97
2441.4,39.93
2442.5,39.96
2443.6,39.92
2444.8,39.88
2446.0,39.95
2447.1,39.96
2448.3,39.91
2449.4,39.9
2450.6,39.93
2451.7,39.97
2452.9,39.99
2454.1,40.01
2455.2,40.02
2456.4,40.03
2457.6,40.03
2458.7,40.02
2459.9,39.99
2461.1,39.99
2462.2,40.01
2463.4,40.0
2464.6,40.05
2465.7,40.1
2466.9,40.07
2468.1,40.07
2469.3,40.1
2470.4,40.06
2471.6,40.03
2472.8,39.98
2474.0,40.01
2475.1,40.04
2476.3,40.04
2477.5,40.09
2478.7,40.11
2479.9,40.08
2481.1,40.08
2482.3,40.09
2483.4,40.15
2484.6,40.14
2485.8,40.11
2487.0,40.12
2488.2,40.11
2489.4,40.15
2490.6,40.16
2491.8,40.18
2493.0,40.16
2494.2,40.15
2495.4,40.18
2496.6,40.21
2497.8,40.17
2499.0,40.15
2500.2,40.12
2501.4,40.11
2502.6,40.18
2503.8,40.21
2505.0,40.17
2506.3,40.21
2507.5,40.25
2508.7,40.25
2509.9,40.23
2511.1,40.22
2512.3,40.2
2513.5,40.19
2514.8,40.19
2516.0,40.23
2517.2,40.25
2518.4,40.26
2519.6,40.29
2520.9,40.27
2522.1,40.24
2523.3,40.25
2524.6,40.27
2525.8,40.26
2527.0,40.27
2528.3,40.31
2529.5,40.35
2530.7,40.34
2531.9,40.36
2533.2,40.33
2534.4,40.3
2535.7,40.3
2536.9,40.25
2538.1,40.26
2539.4,40.3
2540.6,40.3
2541.9,40.34
2543.1,40.32
2544.4,40.29
2545.6,40.3
2546.9,40.34
2548.1,40.35
2549.4,40.34
2550.6,40.37
2551.9,40.37
2553.1,40.33
2554.4,40.3
2555.7,40.31
2556.9,40.33
2558.2,40.38
2559.4,40.42
2560.7,40.42
2562.0,40.39
2563.2,40.33
2564.5,40.34
2565.8,40.33
2567.1,40.36
2568.3,40.46
2569.6,40.49
2570.9,40.43
2572.1,40.44
2573.4,40.45
2574.7,40.36
2576.0,40.41
2577.3,40.42
2578.5,40.38
2579.8,40.44
2581.1,40.44
2582.4,40.41
2583.7,40.47
2585.0,40.37
2586.3,40.44
2587.5,40.5
2588.8,40.47
2590.1,40.46
2591.4,40.46
2592.7,40.52
2594.0,40.63
2595.3,40.46
2596.6,40.32
2597.9,40.41
2599.2,40.45
2600.5,40.44
2601.8,40.49
2603.1,40.54
2604.4,40.59
2605.8,40.55
2607.1,40.47
2608.4,40.49
2609.7,40.5
2611.0,40.46
2612.3,40.44
2613.6,40.43
2614.9,40.5
2616.3,40.6
2617.6,40.5
2618.9,40.51
2620.2,40.55
2621.6,40.4
2622.9,40.44
2624.2,40.5
2625.5,40.55
2626.9,40.57
2628.2,40.53
2629.5,40.61
2630.9,40.54
2632.2,40.48
2633.5,40.53
2634.9,40.43
2636.2,40.45
2637.6,40.54
2638.9,40.55
2640.2,40.56
2641.6,40.6
2642.9,40.62
2644.3,40.6
2645.6,40.61
2647.0,40.6
2648.3,40.57
2649.7,40.56
2651.0,40.61
2652.4,40.6
2653.8,40.51
2655.1,40.53
2656.5,40.52
2657.8,40.53
2659.2,40.59
2660.6,40.58
2661.9,40.55
2663.3,40.57
2664.7,40.63
2666.0,40.59
2667.4,40.59
2668.8,40.64
2670.1,40.71
2671.5,40.49
2672.9,40.54
2674.3,40.64
2675.7,40.69
2677.0,40.59
2678.4,40.53
2679.8,40.5
2681.2,40.49
2682.6,40.59
2684.0,40.58
2685.4,40.55
2686.8,40.52
2688.1,40.5
2689.5,40.5
2690.9,40.57
2692.3,40.64
2693.7,40.59
2695.1,40.55
2696.5,40.55
2697.9,40.53
2699.3,40.56
2700.8,40.61
2702.1,40.59
2703.6,40.58
2705.0,40.59
2706.4,40.58
2707.8,40.63
2709.2,40.61
2710.6,40.62
2712.1,40.57
2713.5,40.59
2714.9,40.64
2716.3,40.63
2717.7,40.66
2719.2,40.77
2720.6,40.74
2722.0,40.55
2723.4,40.61
2724.9,40.55
2726.3,40.47
2727.7,40.52
2729.2,40.54
2730.6,40.53
2732.1,40.58
2733.5,40.62
2734.9,40.59
2736.4,40.52
2737.8,40.6
2739.3,40.63
2740.7,40.56
2742.2,40.53
2743.6,40.5
2745.1,40.51
2746.5,40.54
2748.0,40.54
2749.4,40.51
2750.9,40.52
2752.4,40.55
2753.8,40.62
2755.3,40.61
2756.7,40.45
2758.2,40.47
2759.7,40.52
2761.1,40.53
2762.6,40.53
2764.1,40.53
2765.6,40.57
2767.0,40.58
2768.5,40.52
2770.0,40.52
2771.5,40.5
2773.0,40.48
2774.4,40.48
2775.9,40.5
2777.4,40.51
2778.9,40.52
2780.4,40.52
2781.9,40.5
2783.4,40.49
2784.9,40.55
2786.4,40.57
2787.9,40.5
2789.4,40.47
2790.9,40.55
2792.4,40.57
2793.9,40.55
2795.4,40.57
2796.9,40.58
2798.4,40.56
2799.9,40.53
2801.4,40.56
2802.9,40.58
2804.4,40.52
2806.0,40.52
2807.5,40.56
2809.0,40.59
2810.5,40.59
2812.1,40.53
2813.6,40.51
2815.1,40.56
2816.6,40.55
2818.2,40.55
2819.7,40.56
2821.2,40.58
2822.8,40.57
2824.3,40.6
2825.9,40.61
2827.4,40.61
2828.9,40.59
2830.5,40.6
2832.0,40.62
2833.6,40.59
2835.1,40.58
2836.7,40.58
2838.2,40.61
2839.8,40.61
2841.3,40.59
2842.9,40.59
2844.4,40.59
2846.0,40.61
2847.6,40.65
2849.1,40.64
2850.7,40.62
2852.3,40.62
2853.8,40.6
2855.4,40.58
2857.0,40.64
2858.6,40.66
2860.1,40.62
2861.7,40.59
2863.3,40.59
2864.9,40.63
2866.5,40.65
2868.1,40.66
2869.6,40.7
2871.2,40.7
2872.8,40.66
2874.4,40.67
2876.0,40.66
2877.6,40.61
2879.2,40.63
2880.8,40.71
2882.4,40.73
2884.0,40.73
2885.6,40.73
2887.2,40.72
2888.8,40.73
2890.4,40.73
2892.0,40.71
2893.6,40.73
2895.3,40.76
2896.9,40.75
2898.5,40.73
2900.1,40.76
2901.8,40.76
2903.4,40.76
2905.0,40.72
2906.6,40.7
2908.3,40.73
2909.9,40.77
2911.5,40.76
2913.2,40.78
2914.8,40.81
2916.4,40.84
2918.1,40.83
2919.7,40.8
2921.4,40.79
2923.0,40.83
2924.7,40.86
2926.3,40.85
2928.0,40.83
2929.6,40.83
2931.3,40.85
2932.9,40.87
2934.6,40.86
2936.3,40.85
2937.9,40.87
2939.6,40.87
2941.3,40.85
2942.9,40.86
2944.6,40.87
2946.3,40.87
2947.9,40.89
2949.6,40.9
2951.3,40.9
2953.0,40.91
2954.7,40.92
2956.3,40.94
2958.0,40.94
2959.7,40.95
2961.4,40.94
2963.1,40.94
2964.8,40.96
2966.5,40.98
2968.2,40.98
2969.9,40.97
2971.6,40.99
2973.3,41.01
2975.0,40.98
2976.7,40.97
2978.4,40.99
2980.1,41.0
2981.9,41.0
2983.6,41.0
2985.3,40.99
2987.0,40.99
2988.7,41.03
2990.4,41.02
2992.2,40.97
2993.9,40.97
2995.6,40.99
2997.4,41.0
2999.1,41.0
3000.8,41.0
3002.6,41.01
3004.3,41.02
3006.1,41.0
3007.8,41.0
3009.5,41.01
3011.3,41.04
3013.0,41.04
3014.8,41.04
3016.5,41.05
3018.3,41.03
3020.1,40.99
3021.8,40.98
3023.6,41.03
3025.3,41.05
3027.1,41.03
3028.9,41.02
3030.6,41.0
3032.4,41.0
3034.2,41.01
3036.0,41.01
3037.7,40.99
3039.5,40.99
3041.3,41.0
3043.1,40.99
3044.9,41.01
3046.7,41.0
3048.5,41.0
3050.3,41.01
3052.1,40.99
3053.8,40.95
3055.6,40.94
3057.4,40.95
3059.3,40.95
3061.1,40.93
3062.9,40.92
3064.7,40.93
3066.5,40.92
3068.3,40.91
3070.1,40.91
3071.9,40.9
3073.8,40.88
3075.6,40.89
3077.4,40.89
3079.2,40.86
3081.1,40.86
3082.9,40.82
3084.7,40.79
3086.6,40.8
3088.4,40.82
3090.2,40.82
3092.1,40.79
3093.9,40.8
3095.8,40.83
3097.6,40.8
3099.5,40.77
3101.3,40.75
3103.2,40.79
3105.1,40.77
3106.9,40.75
3108.8,40.74
3110.6,40.72
3112.5,40.72
3114.4,40.72
3116.2,40.71
3118.1,40.73
3120.0,40.75
3121.9,40.71
3123.8,40.68
3125.6,40.7
3127.5,40.73
3129.4,40.73
3131.3,40.7
3133.2,40.69
3135.1,40.69
3137.0,40.69
3138.9,40.7
3140.8,40.68
3142.7,40.67
3144.6,40.67
3146.5,40.68
3148.4,40.66
3150.3,40.65
3152.2,40.65
3154.1,40.64
3156.1,40.62
3158.0,40.62
3159.9,40.64
3161.8,40.64
3163.8,40.62
3165.7,40.6
3167.6,40.61
3169.6,40.6
3171.5,40.56
3173.5,40.55
3175.4,40.55
3177.3,40.56
3179.3,40.58
3181.2,40.57
3183.2,40.55
3185.1,40.56
3187.1,40.55
3189.1,40.53
3191.0,40.52
3193.0,40.53
3195.0,40.53
3196.9,40.53
3198.9,40.52
3200.9,40.53
3202.9,40.5
3204.8,40.48
3206.8,40.5
3208.8,40.48
3210.8,40.47
3212.8,40.52
3214.8,40.53
3216.8,40.49
3218.8,40.47
3220.8,40.48
3222.8,40.49
3224.8,40.5
3226.8,40.52
3228.8,40.52
3230.8,40.51
3232.8,40.51
3234.8,40.5
3236.8,40.47
3238.9,40.45
3240.9,40.49
3242.9,40.51
3244.9,40.47
3247.0,40.46
3249.0,40.48
3251.1,40.46
3253.1,40.47
3255.1,40.48
3257.2,40.47
3259.2,40.47
3261.3,40.47
3263.3,40.44
3265.4,40.44
3267.4,40.47
3269.5,40.47
3271.6,40.44
3273.6,40.42
3275.7,40.41
3277.8,40.43
3279.8,40.46
3281.9,40.45
3284.0,40.44
3286.1,40.43
3288.2,40.42
3290.2,40.44
3292.3,40.44
3294.4,40.4
3296.5,40.37
3298.6,40.35
3300.7,40.38
3302.8,40.39
3304.9,40.37
3307.0,40.35
3309.1,40.36
3311.3,40.35
3313.4,40.36
3315.5,40.37
3317.6,40.34
3319.7,40.34
3321.9,40.37
3324.0,40.37
3326.1,40.37
3328.3,40.35
3330.4,40.33
3332.5,40.33
3334.7,40.34
3336.8,40.35
3339.0,40.36
3341.1,40.34
3343.3,40.32
3345.4,40.33
3347.6,40.34
3349.8,40.35
3351.9,40.35
3354.1,40.35
3356.3,40.35
3358.4,40.34
3360.6,40.35
3362.8,40.39
3365.0,40.41
3367.2,40.39
3369.4,40.39
3371.5,40.43
3373.7,40.48
3375.9,40.5
3378.1,40.47
3380.3,40.48
3382.5,40.51
3384.7,40.51
3386.9,40.49
3389.2,40.5
3391.4,40.5
3393.6,40.51
3395.8,40.53
3398.1,40.53
3400.3,40.55
3402.5,40.55
3404.7,40.56
3407.0,40.59
3409.2,40.6
3411.5,40.62
3413.7,40.65
3416.0,40.66
3418.2,40.67
3420.5,40.68
3422.7,40.66
3425.0,40.64
3427.3,40.65
3429.5,40.64
3431.8,40.59
3434.1,40.56
3436.3,40.5
3438.6,40.46
3440.9,40.46
3443.2,40.43
3445.5,40.42
3447.8,40.41
3450.1,40.39
3452.4,40.36
3454.6,40.33
3456.9,40.34
3459.3,40.35
3461.6,40.33
3463.9,40.31
3466.2,40.28
3468.5,40.27
3470.8,40.31
3473.2,40.31
3475.5,40.29
3477.8,40.3
3480.1,40.27
3482.5,40.28
3484.8,40.29
3487.2,40.28
3489.5,40.27
3491.9,40.29
3494.2,40.29
3496.6,40.28
3498.9,40.3
3501.3,40.33
3503.7,40.36
3506.0,40.36
3508.4,40.36
3510.8,40.36
3513.2,40.31
3515.5,40.22
3517.9,40.16
3520.3,40.14
3522.7,40.11
3525.1,40.1
3527.5,40.09
3529.9,40.1
3532.3,40.08
3534.7,40.06
3537.1,40.05
3539.5,40.04
3541.9,40.03
3544.4,40.03
3546.8,40.05
3549.2,40.05
3551.7,40.03
3554.1,40.01
3556.5,39.98
3559.0,40.0
3561.4,40.02
3563.9,40.02
3566.3,39.99
3568.8,39.99
3571.2,39.99
3573.7,39.99
3576.1,39.97
3578.6,39.95
3581.1,39.96
3583.6,39.94
3586.0,39.95
3588.5,39.95
3591.0,39.94
3593.5,39.93
3596.0,39.89
3598.5,39.9
3601.0,39.94
3603.5,39.91
3606.0,39.88
3608.5,39.9
3611.0,39.9
3613.5,39.88
3616.1,39.87
3618.6,39.88
3621.1,39.88
3623.6,39.88
3626.2,39.88
3628.7,39.89
3631.3,39.91
3633.8,39.88
3636.3,39.85
3638.9,39.86
3641.4,39.87
3644.0,39.86
3646.6,39.83
3649.1,39.85
3651.7,39.84
3654.3,39.83
3656.9,39.84
3659.4,39.83
3662.0,39.8
3664.6,39.78
3667.2,39.8
3669.8,39.8
3672.4,39.79
3675.0,39.79
3677.6,39.76
3680.2,39.75
3682.8,39.76
3685.4,39.76
3688.1,39.76
3690.7,39.76
3693.3,39.77
3695.9,39.76
3698.6,39.75
3701.2,39.75
3703.9,39.74
3706.5,39.73
3709.2,39.72
3711.8,39.72
3714.5,39.74
3717.1,39.74
3719.8,39.71
3722.5,39.71
3725.2,39.72
3727.8,39.7
3730.5,39.69
3733.2,39.71
3735.9,39.71
3738.6,39.68
3741.3,39.67
3744.0,39.68
3746.7,39.68
3749.4,39.68
3752.1,39.69
3754.8,39.67
3757.6,39.66
3760.3,39.65
3763.0,39.65
3765.7,39.66
3768.5,39.66
3771.2,39.65
3774.0,39.64
3776.7,39.63
3779.5,39.63
3782.2,39.63
3785.0,39.6
3787.7,39.57
3790.5,39.6
3793.3,39.61
3796.1,39.6
3798.8,39.6
3801.6,39.61
3804.4,39.59
3807.2,39.58
3810.0,39.58
3812.8,39.56
3815.6,39.56
3818.4,39.56
3821.2,39.56
3824.1,39.56
3826.9,39.57
3829.7,39.57
3832.5,39.57
3835.4,39.55
3838.2,39.53
3841.1,39.54
3843.9,39.56
3846.8,39.55
3849.6,39.54
3852.5,39.54
3855.3,39.53
3858.2,39.51
3861.1,39.5
3863.9,39.5
3866.8,39.52
3869.7,39.5
3872.6,39.46
3875.5,39.47
3878.4,39.49
3881.3,39.49
3884.2,39.47
3887.1,39.46
3890.0,39.45
3893.0,39.46
3895.9,39.44
3898.8,39.42
3901.7,39.44
3904.7,39.44
3907.6,39.45
3910.6,39.46
3913.5,39.45
3916.5,39.43
3919.4,39.41
3922.4,39.4
3925.4,39.41
3928.4,39.39
3931.3,39.38
3934.3,39.38
3937.3,39.38
3940.3,39.38
3943.3,39.38
3946.3,39.37
3949.3,39.37
3952.3,39.37
3955.3,39.35
3958.3,39.35
3961.4,39.35
3964.4,39.35
3967.4,39.34
3970.5,39.33
3973.5,39.32
3976.6,39.29
3979.6,39.27
3982.6,39.29
3985.7,39.3
3988.8,39.3
3991.9,39.31
3994.9,39.3
3998.0,39.29
4001.1,39.28
4004.2,39.29
4007.3,39.28
4010.4,39.26
4013.5,39.26
4016.6,39.26
4019.7,39.26
4022.8,39.25
4025.9,39.24
4029.1,39.23
4032.2,39.23
4035.3,39.22
4038.5,39.21
4041.6,39.22
4044.8,39.22
4047.9,39.2
4051.1,39.19
4054.3,39.18
4057.4,39.18
4060.6,39.16
4063.8,39.17
4067.0,39.18
4070.2,39.17
4073.4,39.15
4076.6,39.14
4079.8,39.14
4083.0,39.15
4086.2,39.15
4089.4,39.13
4092.7,39.11
4095.9,39.1
4099.1,39.09
4102.4,39.08
4105.6,39.09
4108.9,39.11
4112.1,39.12
4115.4,39.07
4118.7,39.04
4122.0,39.05
4125.2,39.06
4128.5,39.05
4131.8,39.05
4135.1,39.06
4138.4,39.04
4141.7,39.01
4145.0,39.0
4148.3,39.0
4151.6,38.99
4155.0,38.99
4158.3,38.98
4161.6,38.97
4165.0,38.97
4168.3,38.97
4171.7,38.96
4175.0,38.94
4178.4,38.93
4181.8,38.94
4185.2,38.94
4188.5,38.92
4191.9,38.91
4195.3,38.92
4198.7,38.93
4202.1,38.94
4205.5,38.95
4208.9,38.94
4212.4,38.93
4215.8,38.93
4219.2,38.92
4222.6,38.92
4226.1,38.94
4229.5,38.94
4233.0,38.92
4236.5,38.9
4239.9,38.89
4243.4,38.88
4246.9,38.87
4250.3,38.85
4253.8,38.83
4257.3,38.82
4260.8,38.81
4264.3,38.84
4267.8,38.86
4271.3,38.82
4274.9,38.79
4278.4,38.8
4281.9,38.81
4285.5,38.8
4289.0,38.78
4292.6,38.77
4296.1,38.79
4299.7,38.8
4303.3,38.8
4306.8,38.77
4310.4,38.74
4314.0,38.72
4317.6,38.7
4321.2,38.7
4324.8,38.72
4328.4,38.72
4332.0,38.71
4335.6,38.7
4339.3,38.68
4342.9,38.66
4346.5,38.66
4350.2,38.68
4353.8,38.67
4357.5,38.65
4361.1,38.63
4364.8,38.65
4368.5,38.67
4372.2,38.65
4375.9,38.64
4379.6,38.64
4383.3,38.63
4387.0,38.6
4390.7,38.59
4394.4,38.61
4398.1,38.58
4401.9,38.56
4405.6,38.58
4409.4,38.57
4413.1,38.55
4416.9,38.53
4420.6,38.53
4424.4,38.52
4428.2,38.49
4432.0,38.47
4435.8,38.47
4439.6,38.48
4443.4,38.47
4447.2,38.46
4451.0,38.44
4454.8,38.43
4458.6,38.43
4462.5,38.42
4466.3,38.4
4470.2,38.4
4474.0,38.39
4477.9,38.38
4481.8,38.36
4485.6,38.33
4489.5,38.3
4493.4,38.29
4497.3,38.3
4501.2,38.28
4505.1,38.27
4509.0,38.27
4513.0,38.26
4516.9,38.22
4520.9,38.18
4524.8,38.15
4528.7,38.13
4532.7,38.09
4536.7,38.05
4540.6,38.0
4544.6,37.96
4548.6,37.91
4552.6,37.86
4556.6,37.81
4560.6,37.78
4564.6,37.73
4568.6,37.66
4572.7,37.61
4576.7,37.58
4580.8,37.54
4584.8,37.48
4588.9,37.41
4592.9,37.36
4597.0,37.31
4601.1,37.25
4605.2,37.19
4609.3,37.12
4613.4,37.04
4617.5,36.98
4621.6,36.94
4625.7,36.86
4629.8,36.79
4634.0,36.74
4638.1,36.67
4642.3,36.6
4646.4,36.53
4650.6,36.45
4654.8,36.39
4659.0,36.33
4663.1,36.3
4667.3,36.26
4671.5,36.22
4675.8,36.18
4680.0,36.13
4684.2,36.09
4688.4,36.05
4692.7,36.0
4696.9,35.96
4701.2,35.94
4705.5,35.92
4709.7,35.89
4714.0,35.85
4718.3,35.83
4722.6,35.78
4726.9,35.74
4731.2,35.71
4735.5,35.67
4739.9,35.64
4744.2,35.61
4748.5,35.55
4752.9,35.48
4757.3,35.42
4761.6,35.38
4766.0,35.31
4770.4,35.25
4774.8,35.19
4779.2,35.1
4783.6,35.05
4788.0,35.0
4792.4,34.96
4796.9,34.92
4801.3,34.88
4805.8,34.83
4810.2,34.8
4814.7,34.74
4819.1,34.68
4823.6,34.64
4828.1,34.62
4832.6,34.57
4837.1,34.52
4841.6,34.47
4846.2,34.43
4850.7,34.41
4855.3,34.38
4859.8,34.35
4864.4,34.34
4868.9,34.32
4873.5,34.28
4878.1,34.24
4882.7,34.21
4887.3,34.18
4891.9,34.18
4896.5,34.15
4901.1,34.12
4905.8,34.12
4910.4,34.08
4915.1,34.03
4919.7,34.01
4924.4,34.0
4929.1,33.99
4933.8,33.97
4938.5,33.96
4943.2,33.97
4947.9,33.97
4952.6,33.98
4957.4,33.99
4962.1,33.99
4966.9,33.98
4971.6,33.96
4976.4,33.95
4981.2,33.96
4986.0,33.97
4990.8,33.96
4995.6,33.93
5000.4,33.91
5005.2,33.88
5010.0,33.86
5014.9,33.84
5019.8,33.82
5024.6,33.77
5029.5,33.73
5034.4,33.68
5039.3,33.64
5044.2,33.6
5049.1,33.55
5054.0,33.49
5058.9,33.44
5063.9,33.4
5068.8,33.34
5073.8,33.28
5078.8,33.23
5083.7,33.18
5088.7,33.13
5093.7,33.09
5098.7,33.05
5103.7,33.0
5108.8,32.98
5113.8,32.96
5118.9,32.92
5123.9,32.89
5129.0,32.84
5134.1,32.83
5139.1,32.82
5144.3,32.8
5149.4,32.78
5154.5,32.78
5159.6,32.81
5164.7,32.8
5169.9,32.82
5175.0,32.85
5180.2,32.89
5185.4,32.94
5190.6,32.98
5195.8,33.01
5201.0,33.02
5206.2,33.06
5211.5,33.12
5216.7,33.16
5222.0,33.19
5227.2,33.23
5232.5,33.27
5237.8,33.32
5243.1,33.39
5248.4,33.43
5253.7,33.46
5259.0,33.5
5264.4,33.52
5269.7,33.58
5275.1,33.63
5280.5,33.67
5285.8,33.72
5291.2,33.77
5296.6,33.79
5302.0,33.81
5307.5,33.86
5312.9,33.9
5318.4,33.92
5323.8,33.95
5329.3,33.98
5334.8,33.99
5340.3,33.97
5345.8,33.98
5351.3,34.0
5356.8,33.99
5362.4,33.98
5367.9,33.99
5373.5,33.99
5379.0,33.97
5384.6,33.96
5390.2,33.93
5395.8,33.88
5401.5,33.87
5407.1,33.87
5412.7,33.83
5418.4,33.84
5424.1,33.81
5429.7,33.75
5435.4,33.73
5441.1,33.71
5446.9,33.7
5452.6,33.69
5458.3,33.71
5464.1,33.71
5469.8,33.7
5475.6,33.72
5481.4,33.71
5487.2,33.7
5493.0,33.72
5498.8,33.73
5504.7,33.73
5510.5,33.74
5516.4,33.76
5522.3,33.76
5528.1,33.78
5534.0,33.8
5540.0,33.78
5545.9,33.75
5551.8,33.71
5557.8,33.67
5563.7,33.6
5569.7,33.55
5575.7,33.53
5581.7,33.43
5587.7,33.34
5593.7,33.29
5599.8,33.25
5605.8,33.19
5611.9,33.16
5618.0,33.13
5624.1,33.09
5630.2,33.09
5636.3,33.14
5642.4,33.16
5648.6,33.13
5654.7,33.13
5660.9,33.11
5667.1,33.14
5673.3,33.19
5679.5,33.16
5685.7,33.17
5692.0,33.19
5698.2,33.17
5704.5,33.2
5710.8,33.22
5717.1,33.2
5723.4,33.22
5729.7,33.23
5736.0,33.23
5742.4,33.24
5748.8,33.2
5755.1,33.15
5761.5,33.21
5768.0,33.16
5774.4,33.07
5780.8,33.05
5787.3,33.02
5793.7,33.01
5800.2,33.0
5806.7,32.96
5813.2,32.97
5819.8,32.98
5826.3,32.9
5832.8,32.84
5839.4,32.81
5846.0,32.8
5852.6,32.78
5859.2,32.78
5865.8,32.76
5872.5,32.77
5879.1,32.81
5885.8,32.73
5892.5,32.76
5899.2,32.69
5905.9,32.66
5912.6,32.67
5919.4,32.63
5926.2,32.66
5932.9,32.68
5939.7,32.51
5946.5,32.41
5953.4,32.4
5960.2,32.35
5967.1,32.3
5974.0,32.21
5980.8,32.19
5987.8,32.15
5994.7,32.06
6001.6,32.02
6008.6,32.05
6015.5,32.04
6022.5,32.03
6029.5,32.06
6036.5,32.11
6043.6,32.24
6050.6,32.21
6057.7,32.13
6064.8,32.24
6071.9,32.25
6079.0,32.2
6086.1,32.22
6093.3,32.25
6100.5,32.26
6107.6,32.31
6114.9,32.27
6122.1,32.21
6129.3,32.19
6136.5,32.16
6143.8,32.14
6151.1,32.1
6158.4,32.04
6165.7,31.96
6173.1,31.92
6180.4,31.94
6187.8,31.85
6195.2,31.75
6202.6,31.74
6210.0,31.72
6217.5,31.7
6225.0,31.68
6232.4,31.69
6239.9,31.68
6247.5,31.67
6255.0,31.67
6262.5,31.7
6270.1,31.75
6277.7,31.78
6285.3,31.81
6292.9,31.86
6300.6,31.88
6308.3,31.91
6315.9,31.94
6323.6,31.95
6331.4,31.97
6339.1,32.04
6346.9,32.03
6354.6,32.0
6362.4,32.08
6370.3,32.13
6378.1,32.17
6385.9,32.24
6393.8,32.29
6401.7,32.37
6409.6,32.51
6417.6,32.47
6425.5,32.46
6433.5,32.52
6441.5,32.56
6449.5,32.6
6457.5,32.59
6465.6,32.62
6473.6,32.67
6481.7,32.71
6489.8,32.72
6498.0,32.64
6506.1,32.57
6514.3,32.62
6522.5,32.6
6530.7,32.57
6538.9,32.56
6547.2,32.52
6555.5,32.47
6563.8,32.44
6572.1,32.4
6580.4,32.33
6588.8,32.33
6597.2,32.28
6605.6,32.21
6614.0,32.16
6622.5,32.13
6630.9,32.14
6639.4,32.05
6647.9,32.0
6656.5,32.01
6665.0,32.02
6673.6,32.06
6682.2,32.04
6690.8,31.97
6699.5,31.98
6708.1,32.01
6716.8,32.01
6725.5,31.98
6734.3,31.93
6743.0,31.92
6751.8,31.92
6760.6,31.89
6769.4,31.87
6778.3,31.85
6787.1,31.88
6796.0,31.85
6805.0,31.81
6813.9,31.81
6822.9,31.81
6831.9,31.78
6840.9,31.77
6849.9,31.78
6859.0,31.77
6868.0,31.66
6877.2,31.6
6886.3,31.58
6895.5,31.57
6904.6,31.55
6913.8,31.49
6923.1,31.42
6932.3,31.37
6941.6,31.36
6950.9,31.34
6960.2,31.3
6969.6,31.23
6979.0,31.2
6988.4,31.14
6997.8,31.11
7007.3,31.07
7016.8,31.02
7026.3,30.99
7035.8,30.99
7045.4,30.96
7054.9,30.89
7064.5,30.87
7074.2,30.88
7083.9,30.88
7093.5,30.84
7103.3,30.8
7113.0,30.77
7122.8,30.74
7132.6,30.7
7142.4,30.68
7152.2,30.63
7162.1,30.6
7172.0,30.53
7182.0,30.47
7191.9,30.47
7201.9,30.45
7211.9,30.41
7222.0,30.37
7232.0,30.34
7242.1,30.29
7252.3,30.24
7262.4,30.19
7272.6,30.17
7282.8,30.14
7293.1,30.1
7303.3,30.07
7313.6,30.0
7324.0,29.97
7334.3,29.94
7344.7,29.88
7355.1,29.82
7365.6,29.78
7376.1,29.71
7386.6,29.64
7397.1,29.61
7407.7,29.57
7418.3,29.52
7428.9,29.49
7439.6,29.45
7450.3,29.41
7461.0,29.36
7471.7,29.31
7482.5,29.27
7493.3,29.23
7504.2,29.17
7515.0,29.13
7525.9,29.11
7536.9,29.08
7547.9,29.02
7558.9,28.99
7569.9,28.95
7581.0,28.89
7592.0,28.87
7603.2,28.85
7614.4,28.81
7625.5,28.75
7636.8,28.7
7648.0,28.66
7659.3,28.61
7670.7,28.54
7682.0,28.46
7693.4,28.42
7704.9,28.36
7716.3,28.31
7727.8,28.29
7739.4,28.24
7750.9,28.15
7762.5,28.08
7774.2,28.05
7785.8,28.0
7797.5,27.95
7809.3,27.9
7821.1,27.85
7832.9,27.82
7844.7,27.75
7856.6,27.7
7868.5,27.65
7880.5,27.59
7892.5,27.52
7904.5,27.46
7916.6,27.4
7928.7,27.34
7940.8,27.29
7953.0,27.23
7965.2,27.18
7977.5,27.1
7989.8,27.02
8002.1,26.97
8014.5,26.9
8026.9,26.82
8039.3,26.73
8051.8,26.67
8064.3,26.64
8076.9,26.59
8089.5,26.5
8102.1,26.41
8114.8,26.29
8127.5,26.21
8140.3,26.17
8153.1,26.13
8165.9,26.07
8178.8,26.01
8191.7,25.97
8204.7,25.95
8217.7,25.93
8230.7,25.93
8243.8,25.9
8257.0,25.86
8270.1,25.89
8283.3,25.89
8296.6,25.86
8309.9,25.88
8323.2,25.92
8336.6,25.95
8350.0,25.98
8363.5,26.09
8377.0,26.18
8390.5,26.25
8404.2,26.39
8417.8,26.61
8431.5,26.84
8445.2,27.1
8459.0,27.36
8472.8,27.7
8486.7,28.12
8500.6,28.61
8514.5,29.15
8528.5,29.8
8542.6,30.57
8556.7,31.5
8570.8,32.56
8585.0,33.71
8599.3,35.02
8613.5,36.47
8627.9,38.09
8642.3,39.79
8656.7,41.57
8671.2,43.35
8685.7,45.04
8700.3,46.7
8714.9,48.36
8729.6,50.0
8744.3,51.78
8759.0,53.82
8773.9,56.22
8788.7,58.87
8803.7,61.55
8818.6,64.06
8833.7,66.39
8848.7,68.5
8863.8,70.4
8879.0,72.06
8894.3,73.61
8909.5,74.99
8924.9,76.23
8940.3,77.33
8955.7,78.32
8971.2,79.08
8986.8,79.6
9002.3,79.77
9018.0,79.7
9033.7,79.4
9049.5,78.96
9065.3,78.47
9081.2,77.97
9097.1,77.38
9113.1,76.86
9129.1,76.31
9145.2,75.74
9161.4,75.15
9177.6,74.67
9193.9,74.16
9210.2,73.67
9226.6,73.18
9243.0,72.73
9259.5,72.21
9276.1,71.65
9292.7,71.07
9309.4,70.42
9326.2,69.61
9343.0,68.78
9359.8,67.8
9376.8,66.69
9393.7,65.53
9410.8,64.46
9427.9,63.31
9445.1,62.12
9462.3,60.97
9479.6,59.91
9497.0,58.89
9514.4,57.98
9531.9,57.15
9549.4,56.38
9567.1,55.6
9584.7,54.8
9602.5,53.94
9620.3,53.04
9638.2,52.16
9656.1,51.44
9674.2,50.86
9692.2,50.53
9710.4,50.42
9728.6,50.57
9746.9,50.95
9765.2,51.51
9783.7,52.21
9802.2,53.04
9820.7,53.9
9839.4,54.86
9858.1,55.78
9876.8,56.51
9895.7,56.99
9914.6,57.27
9933.6,57.34
9952.7,57.28
9971.8,57.11
9991.0,56.96
10010.3,56.73
10029.7,56.51
10049.1,56.24
10068.6,55.93
10088.2,55.73
10107.9,55.67
10127.6,55.63
10147.4,55.7
10167.3,55.88
10187.3,56.22
10207.4,56.85
10227.5,57.83
10247.7,58.93
10268.0,60.1
10288.4,61.28
10308.8,62.57
10329.4,63.77
10350.0,64.92
10370.7,65.87
10391.5,66.6
10412.3,67.31
10433.3,68.06
10454.3,68.63
10475.5,68.91
10496.7,68.88
10517.9,68.66
10539.3,68.25
10560.8,67.78
10582.3,67.26
10604.0,66.76
10625.7,66.27
10647.5,65.79
10669.4,65.3
10691.4,64.97
10713.5,64.68
10735.7,64.44
10758.0,64.19
10780.3,63.92
10802.8,63.53
10825.4,63.01
10848.0,62.19
10870.8,61.17
10893.6,59.79
10916.5,58.34
10939.5,57.11
10962.7,56.25
10985.9,55.8
11009.2,55.76
11032.7,55.87
11056.2,56.07
11079.8,56.32
11103.5,56.65
11127.3,56.86
11151.3,57.0
11175.3,57.14
11199.5,57.28
11223.7,57.37
11248.0,57.52
11272.5,57.71
11297.1,57.8
11321.7,57.78
11346.5,57.71
11371.4,57.58
11396.4,57.32
11421.5,56.82
11446.7,56.14
11472.0,55.18
11497.5,54.12
11523.0,53.19
11548.7,52.17
11574.4,51.15
11600.3,50.26
11626.3,49.43
11652.5,48.65
11678.7,47.81
11705.1,46.96
11731.6,46.11
11758.2,45.3
11784.9,44.55
11811.7,43.89
11838.7,43.43
11865.8,43.14
11893.0,42.96
11920.3,42.75
11947.8,42.4
11975.4,41.99
12003.1,41.62
12031.0,41.24
12059.0,40.85
12087.1,40.53
12115.3,40.23
12143.7,39.91
12172.2,39.56
12200.8,39.27
12229.6,38.98
12258.5,38.76
12287.6,38.52
12316.8,38.25
12346.1,38.05
12375.5,37.84
12405.2,37.62
12434.9,37.43
12464.8,37.23
12494.8,37.01
12525.0,36.76
12555.3,36.55
12585.8,36.35
12616.4,36.2
12647.2,36.03
12678.1,35.87
12709.2,35.6
12740.4,35.35
12771.8,35.24
12803.3,35.05
12835.0,34.82
12866.9,34.66
12898.9,34.49
12931.1,34.3
12963.4,34.09
12995.9,33.87
13028.5,33.66
13061.3,33.43
13094.3,33.19
13127.5,32.97
13160.8,32.68
13194.3,32.38
13228.0,32.11
13261.8,31.81
13295.8,31.55
13330.0,31.23
13364.3,30.87
13398.9,30.52
13433.6,30.32
13468.5,30.27
13503.5,30.3
13538.8,30.5
13574.2,31.04
13609.9,31.67
13645.7,32.19
13681.7,32.43
13717.9,32.44
13754.3,32.42
13790.8,32.47
13827.6,32.63
13864.6,32.71
13901.8,32.66
13939.1,32.43
13976.7,32.07
14014.5,31.72
14052.5,31.47
14090.7,31.15
14129.0,30.91
14167.7,30.68
14206.5,30.46
14245.5,30.27
14284.7,29.94
14324.2,29.67
14363.9,29.6
14403.8,29.47
14443.9,29.22
14484.2,29.07
14524.8,28.96
14565.6,28.85
14606.7,28.77
14647.9,28.73
14689.4,28.82
14731.2,28.91
14773.1,28.81
14815.3,28.58
14857.8,28.27
14900.5,28.0
14943.4,27.82
14986.6,27.63
15030.0,27.5
15073.7,27.39
15117.7,27.39
15161.9,27.65
15206.3,28.12
15251.1,28.69
15296.1,29.4
15341.3,30.25
15386.8,31.02
15432.6,31.6
15478.7,32.05
15525.0,32.36
15571.7,32.54
15618.6,32.56
15665.8,32.38
15713.2,32.21
15761.0,32.22
15809.0,32.33
15857.4,32.42
15906.0,32.59
15955.0,32.94
16004.2,33.56
16053.8,34.44
16103.6,35.66
16153.8,37.14
16204.3,38.73
16255.1,40.42
16306.2,41.97
16357.6,43.24
16409.4,44.21
16461.5,44.98
16513.9,45.68
16566.7,46.06
16619.8,46.07
16673.2,46.07
16727.0,46.06
16781.1,46.0
16835.6,45.86
16890.5,45.82
16945.7,45.96
17001.2,46.22
17057.2,46.7
17113.4,47.31
17170.1,48.26
17227.2,49.59
17284.6,50.96
17342.4,52.74
17400.6,54.77
17459.2,56.59
17518.2,58.04
17577.5,59.01
17637.3,59.36
17697.5,59.19
17758.1,58.77
17819.2,58.07
17880.6,56.95
17942.5,56.03
18004.8,55.88
18067.5,56.53
18130.7,57.79
18194.3,59.32
18258.4,60.58
18322.9,61.71
18387.9,62.72
18453.3,63.69
18519.2,64.75
18585.6,66.26
18652.4,68.09
18719.8,69.95
18787.6,71.98
18855.9,74.23
18924.8,75.94
18994.1,77.13
19063.9,77.61
19134.3,77.43
19205.1,77.14
19276.5,76.99
19348.4,76.51
19420.9,75.69
19493.9,74.95
19567.5,74.25
19641.6,73.3
19716.3,72.45
19791.5,71.24
19867.4,69.4
19943.8,67.61
20020.8,65.88
20098.4,63.85
20176.6,62.18
20255.4,60.89
20334.8,59.38
20414.9,57.96
20495.6,56.82
20576.9,55.83
20658.9,55.38
20741.5,55.3
20824.8,55.82
20908.8,56.73
20993.4,57.27
21078.8,56.71
21164.8,55.85
21251.6,55.24
21339.0,54.25
21427.2,52.83
21516.1,51.85
21605.8,51.44
21696.2,50.97
21787.3,50.8
21879.3,51.22
21972.0,51.7
22065.5,52.52
22159.8,53.08
22254.9,53.33
22350.8,53.91
22447.5,55.17
22545.1,56.23
22643.6,57.14
22742.9,58.61
22843.1,60.88
22944.2,63.7
23046.2,66.31
23149.0,68.16
23252.8,69.63
23357.6,70.04
23463.3,70.18
23569.9,70.62
23677.6,70.92
23786.2,70.51
23895.8,69.98
24006.4,68.21
24118.1,66.59
24230.8,65.73
24344.5,65.02
24459.4,63.49
24575.3,62.95
24692.3,62.22
24810.4,60.92
24929.7,59.46
25050.2,59.73
