Composition,
Date Added,2006-12-21
Formula,
Grain Size Description,<63.0um
Grain Size,"(0.0, 63.0)"
Locality,
Minimum Wavelength,300
Sample Name,Olivine <63 um
Maximum Wavelength,49859
Database of Origin,RELAB
Other Information,Olivine 
References,
Resolution,4.0
Material class,Mineral
Sample Description,For Harry Hoffmann.
Sample ID,BKR1PO080A
Original Sample ID,PO-CMP-080-A
Viewing Geometry,unknown
Wavelength,Response
300.0,0.24335
305.0,0.25464
310.0,0.27137
315.0,0.28892
320.0,0.31155
325.0,0.33738
330.0,0.36346
335.0,0.3978
340.0,0.43091
345.0,0.46193
350.0,0.49249
355.0,0.52003
360.0,0.54416
365.0,0.56324
370.0,0.57979
375.0,0.59343
380.0,0.60307
385.0,0.611
390.0,0.62139
395.0,0.62941
400.0,0.63867
405.0,0.65047
410.0,0.66255
415.0,0.66851
420.0,0.67426
425.0,0.67686
430.0,0.68081
435.0,0.68326
440.0,0.6891
445.0,0.68863
450.0,0.6884
455.0,0.69137
460.0,0.69953
465.0,0.70672
470.0,0.71104
475.0,0.71974
480.0,0.72859
485.0,0.72971
490.0,0.73208
495.0,0.73411
500.0,0.74842
505.0,0.7597
510.0,0.76639
515.0,0.77069
520.0,0.77507
525.0,0.77862
530.0,0.78324
535.0,0.78864
540.0,0.79426
545.0,0.79928
550.0,0.8033
555.0,0.8055
560.0,0.80735
565.0,0.80757
570.0,0.80726
575.0,0.80603
580.0,0.80474
585.0,0.80241
590.0,0.80077
595.0,0.79819
600.0,0.7958
605.0,0.79282
610.0,0.78946
615.0,0.78506
620.0,0.78109
625.0,0.77747
630.0,0.77408
635.0,0.77218
640.0,0.77244
645.0,0.77341
650.0,0.7751
655.0,0.77574
660.0,0.77806
665.0,0.77811
670.0,0.77744
675.0,0.77722
680.0,0.77669
685.0,0.77315
690.0,0.76954
695.0,0.76567
700.0,0.76178
705.0,0.75796
710.0,0.75321
715.0,0.74827
720.0,0.74265
725.0,0.73626
730.0,0.7305
735.0,0.72438
740.0,0.71707
745.0,0.71066
750.0,0.7032
755.0,0.69535
760.0,0.6875
765.0,0.67988
770.0,0.67299
775.0,0.66565
780.0,0.65829
785.0,0.65101
790.0,0.64442
795.0,0.63831
800.0,0.62947
805.0,0.62508
810.0,0.61999
815.0,0.61457
820.0,0.61091
825.0,0.60606
830.0,0.60179
835.0,0.59991
840.0,0.5953
845.0,0.59249
850.0,0.5882
855.0,0.58793
860.0,0.58382
865.0,0.5808
870.0,0.57927
875.0,0.57679
880.0,0.57404
885.0,0.57106
890.0,0.56823
895.0,0.564
900.0,0.5609
905.0,0.55734
910.0,0.55383
915.0,0.55048
920.0,0.54565
925.0,0.53981
930.0,0.53477
935.0,0.52972
940.0,0.52323
945.0,0.51659
950.0,0.51087
955.0,0.50429
960.0,0.49834
965.0,0.4922
970.0,0.48573
975.0,0.48018
980.0,0.47387
985.0,0.46779
990.0,0.46205
995.0,0.45692
1000.0,0.45209
1005.0,0.44668
1010.0,0.44347
1015.0,0.43967
1020.0,0.43566
1025.0,0.4326
1030.0,0.42989
1035.0,0.42812
1040.0,0.42705
1045.0,0.42546
1050.0,0.4252
1055.0,0.42413
1060.0,0.42517
1065.0,0.42549
1070.0,0.42593
1075.0,0.42781
1080.0,0.43036
1085.0,0.43321
1090.0,0.43664
1095.0,0.43844
1100.0,0.44285
1105.0,0.4457
1110.0,0.44913
1115.0,0.45293
1120.0,0.45658
1125.0,0.45949
1130.0,0.46287
1135.0,0.4669
1140.0,0.46971
1145.0,0.47263
1150.0,0.47541
1155.0,0.47748
1160.0,0.47975
1165.0,0.48158
1170.0,0.48444
1175.0,0.4859
1180.0,0.48828
1185.0,0.48912
1190.0,0.49129
1195.0,0.49289
1200.0,0.49375
1205.0,0.49619
1210.0,0.49777
1215.0,0.49877
1220.0,0.50086
1225.0,0.50241
1230.0,0.50406
1235.0,0.50565
1240.0,0.50704
1245.0,0.5088
1250.0,0.51066
1255.0,0.51244
1260.0,0.51482
1265.0,0.51691
1270.0,0.51989
1275.0,0.52157
1280.0,0.52405
1285.0,0.52619
1290.0,0.52905
1295.0,0.53169
1300.0,0.53464
1305.0,0.53815
1310.0,0.54119
1315.0,0.54453
1320.0,0.54824
1325.0,0.55202
1330.0,0.55579
1335.0,0.55934
1340.0,0.56378
1345.0,0.56692
1350.0,0.57076
1355.0,0.57436
1360.0,0.57824
1365.0,0.58281
1370.0,0.58783
1375.0,0.59177
1380.0,0.59593
1385.0,0.60245
1390.0,0.60649
1395.0,0.61041
1400.0,0.61465
1405.0,0.6192
1410.0,0.62504
1415.0,0.62944
1420.0,0.63425
1425.0,0.63873
1430.0,0.64374
1435.0,0.64849
1440.0,0.65344
1445.0,0.65768
1450.0,0.66293
1455.0,0.66694
1460.0,0.67229
1465.0,0.67705
1470.0,0.68163
1475.0,0.68639
1480.0,0.69124
1485.0,0.69576
1490.0,0.7003
1495.0,0.70465
1500.0,0.70972
1505.0,0.71424
1510.0,0.71895
1515.0,0.72409
1520.0,0.72856
1525.0,0.73318
1530.0,0.73691
1535.0,0.74035
1540.0,0.74486
1545.0,0.74961
1550.0,0.75249
1555.0,0.75748
1560.0,0.76131
1565.0,0.76358
1570.0,0.76726
1575.0,0.77119
1580.0,0.77421
1585.0,0.77768
1590.0,0.78122
1595.0,0.78308
1600.0,0.78657
1605.0,0.79019
1610.0,0.79229
1615.0,0.79509
1620.0,0.79786
1625.0,0.80053
1630.0,0.80306
1635.0,0.80323
1640.0,0.80659
1645.0,0.80899
1650.0,0.81073
1655.0,0.81266
1660.0,0.81468
1665.0,0.81619
1670.0,0.8182
1675.0,0.81946
1680.0,0.82063
1685.0,0.82251
1690.0,0.82385
1695.0,0.82499
1700.0,0.82761
1705.0,0.82753
1710.0,0.82946
1715.0,0.83014
1720.0,0.8304
1725.0,0.83174
1730.0,0.83252
1735.0,0.83204
1740.0,0.83384
1745.0,0.8338
1750.0,0.83507
1755.0,0.83592
1760.0,0.83606
1765.0,0.83458
1770.0,0.83736
1775.0,0.83794
1780.0,0.8381
1785.0,0.83937
1790.0,0.84002
1795.0,0.84005
1800.0,0.83957
1801.1,0.83972
1801.7,0.83994
1802.3,0.83969
1802.9,0.83961
1803.6,0.83965
1804.2,0.83978
1804.8,0.8397
1805.5,0.83986
1806.1,0.83997
1806.7,0.83978
1807.3,0.83974
1808.0,0.83989
1808.6,0.83965
1809.2,0.83964
1809.9,0.83967
1810.5,0.84007
1811.1,0.84012
1811.8,0.83982
1812.4,0.83947
1813.0,0.83955
1813.7,0.83967
1814.3,0.83987
1814.9,0.84014
1815.6,0.84034
1816.2,0.83988
1816.8,0.83971
1817.5,0.83984
1818.1,0.84018
1818.8,0.84037
1819.4,0.84026
1820.0,0.84029
1820.7,0.84024
1821.3,0.83996
1821.9,0.8403
1822.6,0.84106
1823.2,0.84127
1823.9,0.84081
1824.5,0.84037
1825.2,0.84042
1825.8,0.8406
1826.4,0.8403
1827.1,0.84022
1827.7,0.8404
1828.4,0.8404
1829.0,0.84015
1829.7,0.84046
1830.3,0.84094
1831.0,0.84107
1831.6,0.84086
1832.3,0.84061
1832.9,0.84036
1833.6,0.84023
1834.2,0.84059
1834.8,0.84057
1835.5,0.84043
1836.2,0.84067
1836.8,0.84093
1837.4,0.84126
1838.1,0.84126
1838.8,0.84105
1839.4,0.84085
1840.1,0.84096
1840.7,0.84111
1841.4,0.84138
1842.0,0.84133
1842.7,0.84118
1843.3,0.84114
1844.0,0.84146
1844.6,0.84142
1845.3,0.84125
1845.9,0.84129
1846.6,0.84132
1847.3,0.84151
1847.9,0.84178
1848.6,0.8417
1849.3,0.84164
1849.9,0.84164
1850.6,0.8419
1851.2,0.84165
1851.9,0.84148
1852.6,0.8416
1853.2,0.84163
1853.9,0.84139
1854.5,0.84174
1855.2,0.8418
1855.9,0.84191
1856.5,0.84197
1857.2,0.84189
1857.9,0.84196
1858.5,0.84226
1859.2,0.84223
1859.9,0.84229
1860.5,0.84221
1861.2,0.84217
1861.9,0.84216
1862.5,0.84229
1863.2,0.84205
1863.9,0.84193
1864.5,0.84197
1865.2,0.84221
1865.9,0.84241
1866.6,0.84248
1867.2,0.8424
1867.9,0.84252
1868.6,0.84261
1869.3,0.84278
1869.9,0.84266
1870.6,0.84264
1871.3,0.8428
1871.9,0.84266
1872.6,0.84254
1873.3,0.84275
1874.0,0.84291
1874.7,0.84284
1875.3,0.84243
1876.0,0.84229
1876.7,0.84247
1877.4,0.84268
1878.1,0.8426
1878.7,0.84278
1879.4,0.84275
1880.1,0.84278
1880.8,0.84269
1881.5,0.84255
1882.1,0.84244
1882.8,0.84264
1883.5,0.84272
1884.2,0.84292
1884.9,0.84305
1885.6,0.84283
1886.3,0.84251
1886.9,0.84253
1887.6,0.84263
1888.3,0.84283
1889.0,0.8429
1889.7,0.8429
1890.4,0.84267
1891.1,0.84255
1891.8,0.84245
1892.4,0.84242
1893.1,0.84248
1893.8,0.84269
1894.5,0.84244
1895.2,0.84218
1895.9,0.84222
1896.6,0.84229
1897.3,0.84243
1898.0,0.84239
1898.7,0.84202
1899.4,0.8419
1900.1,0.84207
1900.8,0.84214
1901.5,0.84206
1902.2,0.84209
1902.9,0.84235
1903.6,0.8425
1904.3,0.84231
1905.0,0.84238
1905.7,0.84242
1906.4,0.84241
1907.1,0.84235
1907.8,0.84236
1908.5,0.84247
1909.2,0.84235
1909.9,0.84221
1910.6,0.84253
1911.3,0.84274
1912.0,0.84256
1912.7,0.84237
1913.4,0.8427
1914.1,0.84277
1914.8,0.84246
1915.5,0.84234
1916.2,0.84249
1916.9,0.84237
1917.6,0.84253
1918.3,0.8429
1919.1,0.8429
1919.8,0.84289
1920.5,0.84308
1921.2,0.84317
1921.9,0.84297
1922.6,0.84266
1923.3,0.84288
1924.1,0.84298
1924.8,0.84316
1925.5,0.84323
1926.2,0.84306
1926.9,0.84316
1927.6,0.84358
1928.3,0.84369
1929.1,0.84383
1929.8,0.84379
1930.5,0.84374
1931.2,0.84362
1931.9,0.84351
1932.7,0.84355
1933.4,0.84379
1934.1,0.84386
1934.8,0.84395
1935.5,0.84392
1936.3,0.84402
1937.0,0.84402
1937.7,0.84426
1938.4,0.84429
1939.2,0.84429
1939.9,0.84429
1940.6,0.8442
1941.3,0.84423
1942.1,0.84457
1942.8,0.84461
1943.5,0.84445
1944.3,0.84455
1945.0,0.84452
1945.7,0.84454
1946.4,0.84501
1947.2,0.84486
1947.9,0.84486
1948.6,0.84503
1949.4,0.84512
1950.1,0.84492
1950.8,0.84486
1951.6,0.84514
1952.3,0.84532
1953.0,0.84535
1953.8,0.8455
1954.5,0.84537
1955.3,0.84524
1956.0,0.84533
1956.7,0.84548
1957.5,0.84554
1958.2,0.84571
1958.9,0.84555
1959.7,0.84561
1960.4,0.84586
1961.2,0.84589
1961.9,0.84602
1962.7,0.8463
1963.4,0.8462
1964.1,0.84594
1964.9,0.84594
1965.6,0.84613
1966.4,0.84608
1967.1,0.84612
1967.9,0.84619
1968.6,0.84635
1969.4,0.84655
1970.1,0.84656
1970.8,0.84637
1971.6,0.84638
1972.3,0.84661
1973.1,0.84684
1973.8,0.84663
1974.6,0.8465
1975.4,0.84669
1976.1,0.84719
1976.9,0.84724
1977.6,0.84717
1978.4,0.84707
1979.1,0.84711
1979.9,0.84708
1980.6,0.84708
1981.4,0.84712
1982.2,0.84705
1982.9,0.84694
1983.7,0.84703
1984.4,0.84729
1985.2,0.84735
1985.9,0.84703
1986.7,0.84707
1987.5,0.84737
1988.2,0.84765
1989.0,0.8477
1989.8,0.84755
1990.5,0.84751
1991.3,0.84762
1992.1,0.84768
1992.8,0.84781
1993.6,0.84786
1994.3,0.84789
1995.1,0.84794
1995.9,0.8481
1996.7,0.84813
1997.4,0.84823
1998.2,0.84822
1999.0,0.84807
1999.7,0.84802
2000.5,0.84832
2001.3,0.84835
2002.1,0.84822
2002.8,0.84829
2003.6,0.8487
2004.4,0.84863
2005.2,0.8484
2005.9,0.8484
2006.7,0.84877
2007.5,0.84902
2008.3,0.84901
2009.0,0.84892
2009.8,0.849
2010.6,0.84912
2011.4,0.84915
2012.2,0.84889
2012.9,0.84904
2013.7,0.84916
2014.5,0.84933
2015.3,0.84946
2016.1,0.84955
2016.8,0.84948
2017.6,0.84941
2018.4,0.84941
2019.2,0.84938
2020.0,0.84926
2020.8,0.84949
2021.6,0.84979
2022.4,0.84985
2023.2,0.84982
2023.9,0.85003
2024.7,0.85019
2025.5,0.85026
2026.3,0.85019
2027.1,0.85002
2027.9,0.85007
2028.7,0.8502
2029.5,0.85013
2030.3,0.8502
2031.1,0.85032
2031.9,0.8504
2032.7,0.85028
2033.5,0.85023
2034.3,0.85034
2035.1,0.85053
2035.9,0.85061
2036.7,0.85065
2037.5,0.85058
2038.3,0.85069
2039.1,0.85058
2039.9,0.85059
2040.7,0.85067
2041.5,0.85066
2042.3,0.85066
2043.1,0.85093
2043.9,0.85133
2044.7,0.85131
2045.5,0.85111
2046.3,0.8512
2047.1,0.85103
2047.9,0.85105
2048.7,0.85119
2049.5,0.85145
2050.4,0.85137
2051.2,0.85141
2052.0,0.85137
2052.8,0.85118
2053.6,0.85126
2054.4,0.85134
2055.2,0.85127
2056.0,0.85141
2056.9,0.85153
2057.7,0.85143
2058.5,0.85117
2059.3,0.85127
2060.1,0.85144
2060.9,0.85159
2061.8,0.85166
2062.6,0.85171
2063.4,0.8516
2064.2,0.85163
2065.1,0.85197
2065.9,0.85211
2066.7,0.85186
2067.5,0.85177
2068.3,0.85186
2069.2,0.85198
2070.0,0.85195
2070.8,0.85197
2071.6,0.85201
2072.5,0.85218
2073.3,0.85225
2074.1,0.85223
2075.0,0.85218
2075.8,0.85212
2076.6,0.85206
2077.5,0.85213
2078.3,0.85225
2079.1,0.85236
2080.0,0.85237
2080.8,0.85248
2081.6,0.85255
2082.5,0.85256
2083.3,0.85265
2084.1,0.85273
2085.0,0.85263
2085.8,0.85246
2086.7,0.8524
2087.5,0.85258
2088.3,0.85274
2089.2,0.85279
2090.0,0.8527
2090.9,0.8527
2091.7,0.85283
2092.6,0.85307
2093.4,0.8529
2094.2,0.85293
2095.1,0.85296
2095.9,0.85319
2096.8,0.85355
2097.6,0.85368
2098.5,0.85366
2099.3,0.85373
2100.2,0.85374
2101.0,0.85379
2101.9,0.85373
2102.7,0.85384
2103.6,0.85377
2104.4,0.85376
2105.3,0.85399
2106.1,0.85402
2107.0,0.85392
2107.9,0.85388
2108.7,0.85381
2109.6,0.85387
2110.4,0.85389
2111.3,0.85398
2112.2,0.85407
2113.0,0.85414
2113.9,0.85402
2114.7,0.85402
2115.6,0.85415
2116.5,0.85428
2117.3,0.85427
2118.2,0.8545
2119.1,0.85466
2119.9,0.85459
2120.8,0.85454
2121.7,0.85487
2122.5,0.85511
2123.4,0.8551
2124.3,0.85492
2125.1,0.85477
2126.0,0.85472
2126.9,0.85487
2127.8,0.85507
2128.6,0.85532
2129.5,0.85536
2130.4,0.85542
2131.3,0.85531
2132.1,0.85532
2133.0,0.85547
2133.9,0.85569
2134.8,0.85561
2135.6,0.8557
2136.5,0.85567
2137.4,0.85564
2138.3,0.85581
2139.2,0.85605
2140.1,0.85608
2140.9,0.85607
2141.8,0.85601
2142.7,0.85603
2143.6,0.85614
2144.5,0.85628
2145.4,0.85624
2146.3,0.85629
2147.1,0.85634
2148.0,0.85631
2148.9,0.85617
2149.8,0.85632
2150.7,0.85649
2151.6,0.85664
2152.5,0.85684
2153.4,0.85699
2154.3,0.85695
2155.2,0.85707
2156.1,0.85708
2157.0,0.85707
2157.9,0.85695
2158.8,0.85683
2159.7,0.85691
2160.6,0.85716
2161.5,0.85731
2162.4,0.85729
2163.3,0.85725
2164.2,0.85727
2165.1,0.85727
2166.0,0.85752
2166.9,0.85748
2167.8,0.8573
2168.7,0.85738
2169.6,0.85764
2170.5,0.85764
2171.4,0.85774
2172.3,0.85779
2173.3,0.85779
2174.2,0.85766
2175.1,0.85774
2176.0,0.85777
2176.9,0.85775
2177.8,0.85766
2178.7,0.85777
2179.6,0.85781
2180.6,0.85784
2181.5,0.85791
2182.4,0.85801
2183.3,0.85775
2184.2,0.85769
2185.1,0.85776
2186.1,0.85777
2187.0,0.85759
2187.9,0.85765
2188.8,0.85772
2189.8,0.8578
2190.7,0.85785
2191.6,0.85792
2192.6,0.85786
2193.5,0.85791
2194.4,0.85775
2195.3,0.85766
2196.3,0.85763
2197.2,0.85767
2198.1,0.85757
2199.1,0.85749
2200.0,0.85745
2200.9,0.85756
2201.9,0.85764
2202.8,0.85766
2203.7,0.85764
2204.7,0.85777
2205.6,0.85782
2206.5,0.85775
2207.5,0.85786
2208.4,0.858
2209.4,0.85792
2210.3,0.85786
2211.3,0.85781
2212.2,0.85802
2213.1,0.85823
2214.1,0.85829
2215.0,0.85831
2216.0,0.85835
2216.9,0.85838
2217.9,0.85849
2218.8,0.85853
2219.8,0.8586
2220.7,0.85848
2221.7,0.85855
2222.6,0.85883
2223.6,0.85888
2224.5,0.85881
2225.5,0.85898
2226.4,0.85901
2227.4,0.85902
2228.4,0.85917
2229.3,0.85923
2230.3,0.85908
2231.2,0.85912
2232.2,0.85924
2233.1,0.85923
2234.1,0.8591
2235.1,0.85926
2236.0,0.85952
2237.0,0.85951
2238.0,0.85925
2238.9,0.85928
2239.9,0.85939
2240.9,0.85952
2241.8,0.85951
2242.8,0.85943
2243.8,0.8595
2244.8,0.85956
2245.7,0.85935
2246.7,0.85936
2247.7,0.85942
2248.6,0.85946
2249.6,0.85945
2250.6,0.85925
2251.6,0.85907
2252.6,0.85922
2253.5,0.85937
2254.5,0.85942
2255.5,0.85921
2256.5,0.85911
2257.5,0.85921
2258.4,0.85917
2259.4,0.85901
2260.4,0.85902
2261.4,0.85897
2262.4,0.85894
2263.4,0.85888
2264.4,0.85905
2265.4,0.85912
2266.3,0.85899
2267.3,0.85895
2268.3,0.85895
2269.3,0.85904
2270.3,0.85926
2271.3,0.8591
2272.3,0.85913
2273.3,0.85921
2274.3,0.85924
2275.3,0.85944
2276.3,0.85956
2277.3,0.85952
2278.3,0.85956
2279.3,0.85965
2280.3,0.85981
2281.3,0.85981
2282.3,0.85982
2283.3,0.85979
2284.3,0.85994
2285.3,0.86011
2286.3,0.8602
2287.3,0.8602
2288.4,0.86024
2289.4,0.86021
2290.4,0.86025
2291.4,0.86021
2292.4,0.86033
2293.4,0.86053
2294.4,0.86063
2295.4,0.86068
2296.5,0.86077
2297.5,0.86063
2298.5,0.86061
2299.5,0.86071
2300.5,0.86091
2301.6,0.8608
2302.6,0.86077
2303.6,0.86096
2304.6,0.86105
2305.6,0.86114
2306.7,0.8613
2307.7,0.86116
2308.7,0.8612
2309.8,0.86132
2310.8,0.86155
2311.8,0.86163
2312.9,0.86172
2313.9,0.86198
2314.9,0.86215
2315.9,0.86205
2317.0,0.86204
2318.0,0.86217
2319.1,0.8623
2320.1,0.86245
2321.1,0.8626
2322.2,0.86256
2323.2,0.86269
2324.3,0.86283
2325.3,0.86292
2326.3,0.86306
2327.4,0.86311
2328.4,0.86312
2329.5,0.86331
2330.5,0.86326
2331.6,0.86318
2332.6,0.86311
2333.7,0.86314
2334.7,0.86322
2335.8,0.86332
2336.8,0.86324
2337.9,0.86327
2338.9,0.86333
2340.0,0.8633
2341.0,0.86334
2342.1,0.86353
2343.2,0.86366
2344.2,0.86385
2345.3,0.86397
2346.3,0.86395
2347.4,0.86393
2348.5,0.86394
2349.5,0.86399
2350.6,0.86406
2351.7,0.86418
2352.7,0.86435
2353.8,0.86452
2354.9,0.86465
2355.9,0.8646
2357.0,0.86472
2358.1,0.86487
2359.1,0.86506
2360.2,0.86503
2361.3,0.86513
2362.4,0.86519
2363.4,0.86531
2364.5,0.86539
2365.6,0.86548
2366.7,0.86548
2367.8,0.86555
2368.9,0.86571
2369.9,0.86577
2371.0,0.86576
2372.1,0.86601
2373.2,0.866
2374.3,0.86605
2375.4,0.86621
2376.4,0.86624
2377.5,0.86625
2378.6,0.86631
2379.7,0.86627
2380.8,0.86635
2381.9,0.86652
2383.0,0.86664
2384.1,0.86672
2385.2,0.86681
2386.3,0.86677
2387.4,0.86687
2388.5,0.86697
2389.6,0.86697
2390.7,0.86696
2391.8,0.86699
2392.9,0.86704
2394.0,0.86717
2395.1,0.86713
2396.2,0.86722
2397.3,0.86733
2398.4,0.8674
2399.6,0.86739
2400.7,0.86742
2401.8,0.86739
2402.9,0.86743
2404.0,0.8675
2405.1,0.86757
2406.2,0.86755
2407.4,0.86777
2408.5,0.86777
2409.6,0.86771
2410.7,0.86771
2411.8,0.86786
2412.9,0.86791
2414.1,0.86802
2415.2,0.86801
2416.3,0.86795
2417.4,0.8679
2418.6,0.86794
2419.7,0.86788
2420.8,0.86786
2422.0,0.8679
2423.1,0.8679
2424.2,0.8678
2425.4,0.8678
2426.5,0.86775
2427.6,0.86771
2428.8,0.86769
2429.9,0.86767
2431.1,0.86765
2432.2,0.86765
2433.3,0.86752
2434.5,0.86744
2435.6,0.86744
2436.8,0.86733
2437.9,0.86713
2439.1,0.86706
2440.2,0.86707
2441.4,0.86714
2442.5,0.86697
2443.6,0.86678
2444.8,0.86664
2446.0,0.86657
2447.1,0.86641
2448.3,0.86643
2449.4,0.8663
2450.6,0.86623
2451.7,0.86624
2452.9,0.8662
2454.1,0.86596
2455.2,0.86586
2456.4,0.86573
2457.6,0.86549
2458.7,0.86539
2459.9,0.86544
2461.1,0.86541
2462.2,0.86546
2463.4,0.86545
2464.6,0.8653
2465.7,0.86508
2466.9,0.86496
2468.1,0.86492
2469.3,0.86495
2470.4,0.86498
2471.6,0.86496
2472.8,0.86494
2474.0,0.86491
2475.1,0.86479
2476.3,0.86481
2477.5,0.86477
2478.7,0.86484
2479.9,0.86487
2481.1,0.86485
2482.3,0.86486
2483.4,0.86487
2484.6,0.86489
2485.8,0.86496
2487.0,0.86492
2488.2,0.86499
2489.4,0.86504
2490.6,0.86512
2491.8,0.86519
2493.0,0.86529
2494.2,0.86534
2495.4,0.86539
2496.6,0.86544
2497.8,0.86557
2499.0,0.86562
2500.2,0.86564
2501.4,0.86558
2502.6,0.86568
2503.8,0.86575
2505.0,0.8658
2506.3,0.86592
2507.5,0.86602
2508.7,0.86604
2509.9,0.86616
2511.1,0.86623
2512.3,0.86634
2513.5,0.86629
2514.8,0.86625
2516.0,0.86628
2517.2,0.86642
2518.4,0.8665
2519.6,0.86665
2520.9,0.86667
2522.1,0.86661
2523.3,0.86662
2524.6,0.86678
2525.8,0.86685
2527.0,0.86685
2528.3,0.86681
2529.5,0.86692
2530.7,0.86705
2531.9,0.86711
2533.2,0.86716
2534.4,0.86729
2535.7,0.86732
2536.9,0.86737
2538.1,0.86737
2539.4,0.86744
2540.6,0.86746
2541.9,0.86751
2543.1,0.86768
2544.4,0.86775
2545.6,0.86769
2546.9,0.86779
2548.1,0.8679
2549.4,0.86791
2550.6,0.86793
2551.9,0.86805
2553.1,0.86822
2554.4,0.8683
2555.7,0.86828
2556.9,0.86832
2558.2,0.86831
2559.4,0.86838
2560.7,0.86849
2562.0,0.86855
2563.2,0.86856
2564.5,0.86865
2565.8,0.86859
2567.1,0.86858
2568.3,0.86857
2569.6,0.86854
2570.9,0.86846
2572.1,0.86851
2573.4,0.86867
2574.7,0.86869
2576.0,0.86869
2577.3,0.86883
2578.5,0.86876
2579.8,0.86873
2581.1,0.86883
2582.4,0.86891
2583.7,0.86906
2585.0,0.86917
2586.3,0.86917
2587.5,0.86929
2588.8,0.86928
2590.1,0.86925
2591.4,0.86922
2592.7,0.86925
2594.0,0.86949
2595.3,0.86979
2596.6,0.86957
2597.9,0.86935
2599.2,0.86931
2600.5,0.86936
2601.8,0.86937
2603.1,0.8695
2604.4,0.86959
2605.8,0.86965
2607.1,0.86954
2608.4,0.86953
2609.7,0.86958
2611.0,0.86967
2612.3,0.86966
2613.6,0.86966
2614.9,0.86956
2616.3,0.86961
2617.6,0.86966
2618.9,0.8696
2620.2,0.86973
2621.6,0.86981
2622.9,0.86958
2624.2,0.86956
2625.5,0.86957
2626.9,0.86962
2628.2,0.8695
2629.5,0.86953
2630.9,0.86967
2632.2,0.86951
2633.5,0.86931
2634.9,0.86919
2636.2,0.86905
2637.6,0.86907
2638.9,0.86904
2640.2,0.86898
2641.6,0.86888
2642.9,0.86884
2644.3,0.86865
2645.6,0.86843
2647.0,0.86824
2648.3,0.86814
2649.7,0.86798
2651.0,0.86776
2652.4,0.86752
2653.8,0.86732
2655.1,0.86713
2656.5,0.86689
2657.8,0.86647
2659.2,0.86625
2660.6,0.86586
2661.9,0.86536
2663.3,0.86471
2664.7,0.86422
2666.0,0.8634
2667.4,0.86189
2668.8,0.85952
2670.1,0.85709
2671.5,0.85451
2672.9,0.85232
2674.3,0.85087
2675.7,0.84986
2677.0,0.8489
2678.4,0.8479
2679.8,0.84687
2681.2,0.8456
2682.6,0.84419
2684.0,0.84273
2685.4,0.84092
2686.8,0.83886
2688.1,0.83648
2689.5,0.83396
2690.9,0.83115
2692.3,0.82832
2693.7,0.82524
2695.1,0.82182
2696.5,0.81825
2697.9,0.81471
2699.3,0.81101
2700.8,0.80731
2702.1,0.80359
2703.6,0.80008
2705.0,0.7967
2706.4,0.79369
2707.8,0.7909
2709.2,0.78834
2710.6,0.7858
2712.1,0.78333
2713.5,0.78078
2714.9,0.7783
2716.3,0.7757
2717.7,0.77351
2719.2,0.77167
2720.6,0.76955
2722.0,0.76664
2723.4,0.7641
2724.9,0.76186
2726.3,0.7595
2727.7,0.75719
2729.2,0.75512
2730.6,0.753
2732.1,0.75095
2733.5,0.74896
2734.9,0.74702
2736.4,0.74491
2737.8,0.74295
2739.3,0.74121
2740.7,0.73964
2742.2,0.7379
2743.6,0.73624
2745.1,0.73459
2746.5,0.73291
2748.0,0.73136
2749.4,0.72981
2750.9,0.72817
2752.4,0.72665
2753.8,0.72515
2755.3,0.72365
2756.7,0.72183
2758.2,0.72008
2759.7,0.7182
2761.1,0.71642
2762.6,0.71501
2764.1,0.71396
2765.6,0.7129
2767.0,0.71186
2768.5,0.71062
2770.0,0.7093
2771.5,0.70779
2773.0,0.7063
2774.4,0.70479
2775.9,0.70317
2777.4,0.7015
2778.9,0.70003
2780.4,0.69872
2781.9,0.6975
2783.4,0.69624
2784.9,0.695
2786.4,0.6937
2787.9,0.69239
2789.4,0.69101
2790.9,0.68968
2792.4,0.68842
2793.9,0.68719
2795.4,0.68593
2796.9,0.68464
2798.4,0.68329
2799.9,0.68214
2801.4,0.68118
2802.9,0.68024
2804.4,0.67908
2806.0,0.67793
2807.5,0.67688
2809.0,0.67591
2810.5,0.67488
2812.1,0.67389
2813.6,0.67289
2815.1,0.67194
2816.6,0.67103
2818.2,0.67015
2819.7,0.66921
2821.2,0.66828
2822.8,0.66736
2824.3,0.66651
2825.9,0.66564
2827.4,0.66482
2828.9,0.66401
2830.5,0.66315
2832.0,0.66233
2833.6,0.66158
2835.1,0.66076
2836.7,0.66002
2838.2,0.65931
2839.8,0.65857
2841.3,0.6578
2842.9,0.6571
2844.4,0.65647
2846.0,0.65579
2847.6,0.65502
2849.1,0.65436
2850.7,0.65369
2852.3,0.65305
2853.8,0.6524
2855.4,0.65176
2857.0,0.65108
2858.6,0.65048
2860.1,0.64991
2861.7,0.64942
2863.3,0.64889
2864.9,0.64835
2866.5,0.64772
2868.1,0.64711
2869.6,0.64665
2871.2,0.6463
2872.8,0.6458
2874.4,0.64527
2876.0,0.64479
2877.6,0.64436
2879.2,0.64396
2880.8,0.64359
2882.4,0.64314
2884.0,0.64271
2885.6,0.64232
2887.2,0.64204
2888.8,0.64173
2890.4,0.6414
2892.0,0.6411
2893.7,0.64087
2895.3,0.64058
2896.9,0.64033
2898.5,0.64009
2900.1,0.63983
2901.8,0.63955
2903.4,0.63935
2905.0,0.63915
2906.6,0.63898
2908.3,0.63875
2909.9,0.63846
2911.5,0.63824
2913.2,0.63821
2914.8,0.63809
2916.4,0.63796
2918.1,0.63783
2919.7,0.63767
2921.4,0.63757
2923.0,0.63747
2924.7,0.63736
2926.3,0.63721
2928.0,0.6371
2929.6,0.63708
2931.3,0.63701
2932.9,0.6369
2934.6,0.6368
2936.3,0.63678
2937.9,0.63671
2939.6,0.63656
2941.3,0.63641
2942.9,0.63654
2944.6,0.6366
2946.3,0.63657
2947.9,0.63645
2949.6,0.63644
2951.3,0.63658
2953.0,0.6367
2954.7,0.63682
2956.4,0.63699
2958.0,0.63709
2959.7,0.63722
2961.4,0.63743
2963.1,0.63762
2964.8,0.63783
2966.5,0.63813
2968.2,0.63846
2969.9,0.63879
2971.6,0.63897
2973.3,0.63924
2975.0,0.63955
2976.7,0.63984
2978.4,0.64013
2980.1,0.64039
2981.8,0.64061
2983.6,0.64091
2985.3,0.64123
2987.0,0.64156
2988.7,0.64189
2990.4,0.64218
2992.2,0.64241
2993.9,0.64269
2995.6,0.64304
2997.4,0.64351
2999.1,0.64389
3000.8,0.64421
3002.6,0.64452
3004.3,0.64486
3006.1,0.64527
3007.8,0.64569
3009.5,0.64608
3011.3,0.64646
3013.0,0.64683
3014.8,0.64726
3016.5,0.64753
3018.3,0.64786
3020.1,0.64822
3021.8,0.64851
3023.6,0.64878
3025.3,0.64912
3027.1,0.64965
3028.9,0.65018
3030.6,0.65056
3032.4,0.65089
3034.2,0.65123
3036.0,0.65168
3037.7,0.65212
3039.5,0.65261
3041.3,0.6531
3043.1,0.65351
3044.9,0.65389
3046.7,0.65435
3048.5,0.65482
3050.3,0.65523
3052.1,0.65558
3053.8,0.65596
3055.6,0.65631
3057.4,0.6567
3059.3,0.65717
3061.1,0.65762
3062.9,0.65805
3064.7,0.65848
3066.5,0.65891
3068.3,0.65935
3070.1,0.65982
3071.9,0.6603
3073.8,0.66071
3075.6,0.66116
3077.4,0.66165
3079.2,0.66209
3081.1,0.66257
3082.9,0.66308
3084.7,0.66356
3086.6,0.66406
3088.4,0.66456
3090.2,0.66506
3092.1,0.6656
3093.9,0.66618
3095.8,0.66679
3097.6,0.66733
3099.5,0.66786
3101.3,0.66851
3103.2,0.66917
3105.1,0.66976
3106.9,0.6704
3108.8,0.67098
3110.6,0.67153
3112.5,0.67215
3114.4,0.67276
3116.2,0.67339
3118.1,0.67394
3120.0,0.67454
3121.9,0.67522
3123.8,0.67589
3125.6,0.67651
3127.5,0.67715
3129.4,0.67782
3131.3,0.67855
3133.2,0.67925
3135.1,0.67988
3137.0,0.68049
3138.9,0.68114
3140.8,0.68174
3142.7,0.68247
3144.6,0.68316
3146.5,0.68384
3148.4,0.68452
3150.3,0.6852
3152.2,0.68583
3154.1,0.68651
3156.1,0.68721
3158.0,0.68792
3159.9,0.68859
3161.9,0.68931
3163.8,0.68994
3165.7,0.6906
3167.6,0.69129
3169.6,0.69193
3171.5,0.6925
3173.5,0.69321
3175.4,0.69399
3177.3,0.69473
3179.3,0.69537
3181.2,0.69604
3183.2,0.6967
3185.1,0.69736
3187.1,0.69806
3189.1,0.69872
3191.0,0.69939
3193.0,0.70013
3195.0,0.7008
3196.9,0.70144
3198.9,0.70208
3200.9,0.70271
3202.9,0.70338
3204.8,0.70396
3206.8,0.70452
3208.8,0.70519
3210.8,0.70589
3212.8,0.70667
3214.8,0.70733
3216.8,0.70788
3218.8,0.7085
3220.8,0.70916
3222.8,0.70978
3224.8,0.7104
3226.8,0.711
3228.8,0.71164
3230.8,0.71227
3232.8,0.71288
3234.8,0.71339
3236.9,0.71389
3238.9,0.71444
3240.9,0.71498
3242.9,0.71546
3244.9,0.716
3247.0,0.71656
3249.0,0.71707
3251.1,0.71762
3253.1,0.7182
3255.1,0.71866
3257.2,0.71914
3259.2,0.71968
3261.3,0.72021
3263.3,0.72072
3265.4,0.72124
3267.4,0.7218
3269.5,0.72231
3271.6,0.72271
3273.6,0.72321
3275.7,0.72371
3277.8,0.72413
3279.8,0.72453
3281.9,0.72497
3284.0,0.72535
3286.1,0.72571
3288.2,0.7261
3290.2,0.7265
3292.3,0.72677
3294.4,0.72706
3296.5,0.72736
3298.6,0.72764
3300.7,0.72786
3302.8,0.7281
3304.9,0.7283
3307.0,0.72848
3309.1,0.7286
3311.3,0.72869
3313.4,0.7288
3315.5,0.72885
3317.6,0.72875
3319.7,0.72871
3321.9,0.72865
3324.0,0.72856
3326.1,0.72841
3328.3,0.72822
3330.4,0.72788
3332.5,0.72741
3334.7,0.72683
3336.8,0.72619
3339.0,0.72542
3341.1,0.72448
3343.3,0.72335
3345.4,0.72208
3347.6,0.72072
3349.8,0.71922
3351.9,0.71752
3354.1,0.71568
3356.3,0.71372
3358.4,0.71163
3360.6,0.70932
3362.8,0.70671
3365.0,0.70375
3367.2,0.7007
3369.4,0.69792
3371.5,0.69579
3373.7,0.69428
3375.9,0.69332
3378.1,0.69311
3380.3,0.69389
3382.5,0.69532
3384.7,0.6969
3386.9,0.69825
3389.2,0.69922
3391.4,0.69964
3393.6,0.69946
3395.8,0.69873
3398.1,0.69764
3400.3,0.69631
3402.5,0.6949
3404.7,0.69352
3407.0,0.69226
3409.2,0.69121
3411.5,0.69045
3413.7,0.69012
3416.0,0.69043
3418.2,0.69138
3420.5,0.69297
3422.7,0.6951
3425.0,0.69749
3427.3,0.6998
3429.5,0.70186
3431.8,0.70354
3434.1,0.70493
3436.3,0.70607
3438.6,0.70699
3440.9,0.70788
3443.2,0.70888
3445.5,0.70997
3447.8,0.71104
3450.1,0.712
3452.3,0.7129
3454.6,0.71362
3456.9,0.71416
3459.3,0.71452
3461.6,0.71474
3463.9,0.71473
3466.2,0.71436
3468.5,0.71359
3470.8,0.71271
3473.2,0.71202
3475.5,0.71169
3477.8,0.71167
3480.1,0.71194
3482.5,0.71243
3484.8,0.71301
3487.2,0.71356
3489.5,0.71411
3491.9,0.71467
3494.2,0.71517
3496.6,0.71556
3498.9,0.71615
3501.3,0.71726
3503.7,0.71911
3506.0,0.7217
3508.4,0.72467
3510.8,0.72767
3513.2,0.73052
3515.5,0.73313
3517.9,0.73553
3520.3,0.73768
3522.7,0.73963
3525.1,0.74145
3527.5,0.74312
3529.9,0.74459
3532.3,0.74596
3534.7,0.74717
3537.1,0.74831
3539.5,0.74939
3541.9,0.75037
3544.4,0.75127
3546.8,0.75211
3549.2,0.75283
3551.7,0.75349
3554.1,0.75414
3556.5,0.75476
3559.0,0.7553
3561.4,0.75586
3563.9,0.75636
3566.3,0.7568
3568.8,0.75719
3571.2,0.75754
3573.7,0.75785
3576.1,0.7582
3578.6,0.75847
3581.1,0.75868
3583.6,0.75885
3586.0,0.75902
3588.5,0.75917
3591.0,0.75938
3593.5,0.7595
3596.0,0.75959
3598.5,0.7596
3601.0,0.75962
3603.5,0.75964
3606.0,0.75963
3608.5,0.75959
3611.0,0.75957
3613.5,0.75954
3616.1,0.75955
3618.6,0.75949
3621.1,0.75946
3623.6,0.75946
3626.2,0.75943
3628.7,0.75935
3631.3,0.75932
3633.8,0.75929
3636.3,0.75915
3638.9,0.75894
3641.4,0.75883
3644.0,0.75879
3646.6,0.75876
3649.1,0.75876
3651.7,0.7588
3654.3,0.75885
3656.9,0.75892
3659.4,0.759
3662.0,0.75911
3664.6,0.75922
3667.2,0.7593
3669.8,0.75933
3672.4,0.75939
3675.0,0.75943
3677.6,0.75951
3680.2,0.75954
3682.8,0.75956
3685.4,0.75954
3688.1,0.75954
3690.7,0.75953
3693.3,0.7595
3695.9,0.75943
3698.6,0.75941
3701.2,0.75935
3703.9,0.75925
3706.5,0.75914
3709.2,0.75907
3711.8,0.75894
3714.5,0.75879
3717.1,0.75871
3719.8,0.75868
3722.5,0.75858
3725.2,0.75849
3727.8,0.7583
3730.5,0.75818
3733.2,0.75805
3735.9,0.7579
3738.6,0.75778
3741.3,0.75766
3744.0,0.75749
3746.7,0.75736
3749.4,0.75717
3752.1,0.757
3754.8,0.75681
3757.6,0.75662
3760.3,0.75641
3763.0,0.75621
3765.7,0.75602
3768.5,0.75582
3771.2,0.75559
3774.0,0.75542
3776.7,0.75521
3779.5,0.75508
3782.2,0.75488
3785.0,0.75466
3787.7,0.75443
3790.5,0.75424
3793.3,0.75399
3796.1,0.75377
3798.8,0.75353
3801.6,0.75332
3804.4,0.75309
3807.2,0.75288
3810.0,0.75259
3812.8,0.75236
3815.6,0.75215
3818.4,0.75191
3821.2,0.75165
3824.1,0.75151
3826.9,0.75135
3829.7,0.75119
3832.5,0.75106
3835.4,0.751
3838.2,0.7509
3841.1,0.75081
3843.9,0.75076
3846.8,0.75073
3849.6,0.75069
3852.5,0.75069
3855.3,0.75061
3858.2,0.75054
3861.1,0.75045
3863.9,0.75039
3866.8,0.75034
3869.7,0.7503
3872.6,0.75019
3875.5,0.75013
3878.4,0.75008
3881.3,0.75006
3884.2,0.74996
3887.1,0.74988
3890.0,0.74979
3893.0,0.7497
3895.9,0.74957
3898.8,0.74949
3901.7,0.74937
3904.7,0.74924
3907.6,0.74902
3910.6,0.74882
3913.5,0.7486
3916.5,0.74843
3919.4,0.74818
3922.4,0.74795
3925.4,0.74767
3928.4,0.74741
3931.3,0.74712
3934.3,0.74682
3937.3,0.74647
3940.3,0.74609
3943.3,0.74564
3946.3,0.74513
3949.3,0.74453
3952.3,0.74391
3955.3,0.74326
3958.3,0.74264
3961.4,0.74197
3964.4,0.74129
3967.4,0.74061
3970.5,0.73995
3973.5,0.73926
3976.6,0.7386
3979.6,0.73793
3982.6,0.73731
3985.7,0.73676
3988.8,0.73625
3991.9,0.73575
3994.9,0.73537
3998.0,0.73501
4001.1,0.73474
4004.2,0.73447
4007.3,0.73423
4010.4,0.73403
4013.5,0.73395
4016.6,0.73396
4019.7,0.73409
4022.8,0.73427
4025.9,0.73455
4029.1,0.73487
4032.2,0.73523
4035.3,0.73559
4038.5,0.73595
4041.6,0.73623
4044.8,0.73652
4047.9,0.7367
4051.1,0.73686
4054.3,0.73699
4057.4,0.73708
4060.6,0.7371
4063.8,0.73704
4067.0,0.73688
4070.2,0.73673
4073.4,0.73657
4076.6,0.7364
4079.8,0.7361
4083.0,0.73585
4086.2,0.73558
4089.4,0.7353
4092.7,0.73499
4095.9,0.7347
4099.1,0.73433
4102.4,0.73398
4105.6,0.73361
4108.9,0.73327
4112.1,0.73287
4115.4,0.73247
4118.7,0.73204
4122.0,0.73167
4125.2,0.73126
4128.5,0.73085
4131.8,0.73038
4135.1,0.72993
4138.4,0.72946
4141.7,0.72901
4145.0,0.72854
4148.3,0.72808
4151.6,0.72756
4155.0,0.72708
4158.3,0.72657
4161.6,0.72611
4165.0,0.72559
4168.3,0.72508
4171.7,0.72456
4175.0,0.72407
4178.4,0.72354
4181.8,0.72305
4185.2,0.72252
4188.5,0.72203
4191.9,0.72151
4195.3,0.72099
4198.7,0.72044
4202.1,0.71993
4205.5,0.7194
4208.9,0.71886
4212.4,0.71825
4215.8,0.71769
4219.2,0.71718
4222.6,0.71666
4226.1,0.71609
4229.5,0.71555
4233.0,0.71492
4236.5,0.71428
4239.9,0.71367
4243.4,0.71311
4246.9,0.71249
4250.3,0.7119
4253.8,0.71128
4257.3,0.71066
4260.8,0.70999
4264.3,0.70936
4267.8,0.70871
4271.4,0.70812
4274.9,0.70755
4278.4,0.70711
4281.9,0.70667
4285.5,0.70627
4289.0,0.70584
4292.6,0.70544
4296.1,0.70498
4299.7,0.70453
4303.3,0.70402
4306.8,0.70354
4310.4,0.70305
4314.0,0.70256
4317.6,0.70206
4321.2,0.70159
4324.8,0.70105
4328.4,0.70054
4332.0,0.69997
4335.6,0.69942
4339.3,0.69885
4342.9,0.69827
4346.5,0.69766
4350.2,0.6971
4353.8,0.69648
4357.5,0.6959
4361.1,0.69528
4364.8,0.69471
4368.5,0.69413
4372.2,0.69349
4375.9,0.69285
4379.6,0.69228
4383.3,0.69167
4387.0,0.69112
4390.7,0.69053
4394.4,0.68996
4398.1,0.68939
4401.9,0.68888
4405.6,0.68831
4409.4,0.68772
4413.1,0.68712
4416.9,0.68657
4420.6,0.68595
4424.4,0.68538
4428.2,0.68478
4432.0,0.68419
4435.8,0.68356
4439.6,0.68295
4443.4,0.6823
4447.2,0.68169
4451.0,0.68107
4454.8,0.68051
4458.6,0.67992
4462.5,0.67934
4466.3,0.67868
4470.2,0.67808
4474.0,0.67747
4477.9,0.67686
4481.8,0.67618
4485.6,0.67555
4489.5,0.67489
4493.4,0.6743
4497.3,0.6737
4501.2,0.6731
4505.1,0.67243
4509.0,0.67176
4513.0,0.67111
4516.9,0.67055
4520.8,0.66983
4524.8,0.66913
4528.7,0.66842
4532.7,0.66769
4536.7,0.66696
4540.6,0.66625
4544.6,0.66546
4548.6,0.66473
4552.6,0.66396
4556.6,0.6632
4560.6,0.66244
4564.6,0.6617
4568.6,0.66089
4572.7,0.66012
4576.7,0.65933
4580.8,0.65861
4584.8,0.65787
4588.9,0.65717
4592.9,0.65642
4597.0,0.65568
4601.1,0.65497
4605.2,0.65431
4609.3,0.65355
4613.4,0.65288
4617.5,0.6522
4621.6,0.65155
4625.7,0.65085
4629.8,0.65017
4634.0,0.6495
4638.1,0.64891
4642.3,0.64824
4646.4,0.64764
4650.6,0.64697
4654.8,0.64631
4659.0,0.64564
4663.1,0.64498
4667.3,0.64429
4671.5,0.64367
4675.8,0.64298
4680.0,0.64234
4684.2,0.64165
4688.4,0.64096
4692.7,0.64027
4696.9,0.6396
4701.2,0.63886
4705.5,0.63815
4709.7,0.63743
4714.0,0.63673
4718.3,0.63595
4722.6,0.63516
4726.9,0.63431
4731.2,0.63351
4735.5,0.63269
4739.9,0.63183
4744.2,0.63085
4748.5,0.62994
4752.9,0.62901
4757.3,0.62802
4761.6,0.62693
4766.0,0.62583
4770.4,0.62468
4774.8,0.62353
4779.2,0.62225
4783.6,0.62093
4788.0,0.61945
4792.4,0.6179
4796.9,0.61626
4801.3,0.61454
4805.8,0.61269
4810.2,0.6108
4814.7,0.60876
4819.1,0.60657
4823.6,0.60408
4828.1,0.60142
4832.6,0.59845
4837.1,0.59515
4841.6,0.59136
4846.2,0.58702
4850.7,0.58193
4855.3,0.57614
4859.8,0.56947
4864.4,0.56186
4868.9,0.55338
4873.5,0.54425
4878.1,0.53465
4882.7,0.52492
4887.3,0.51524
4891.9,0.50598
4896.5,0.49734
4901.1,0.48938
4905.8,0.48202
4910.4,0.47518
4915.1,0.46868
4919.7,0.4624
4924.4,0.45632
4929.1,0.45065
4933.8,0.44565
4938.5,0.44188
4943.2,0.43975
4947.9,0.43935
4952.6,0.44037
4957.4,0.4424
4962.1,0.44493
4966.9,0.44771
4971.6,0.45056
4976.4,0.45335
4981.2,0.45599
4986.0,0.4585
4990.8,0.46084
4995.6,0.46302
5000.4,0.46497
5005.2,0.46676
5010.0,0.46834
5014.9,0.46978
5019.8,0.47104
5024.6,0.47205
5029.5,0.47288
5034.4,0.47356
5039.3,0.47398
5044.2,0.47423
5049.1,0.47421
5054.0,0.47398
5058.9,0.47353
5063.9,0.47289
5068.8,0.47195
5073.8,0.47081
5078.8,0.46943
5083.7,0.46787
5088.7,0.46611
5093.7,0.46425
5098.7,0.46227
5103.7,0.46018
5108.8,0.45802
5113.8,0.45587
5118.9,0.45359
5123.9,0.45126
5129.0,0.44878
5134.1,0.44606
5139.1,0.44312
5144.3,0.44012
5149.4,0.43716
5154.5,0.43429
5159.6,0.43143
5164.7,0.42855
5169.9,0.4256
5175.0,0.42256
5180.2,0.41932
5185.4,0.41589
5190.6,0.41228
5195.8,0.40875
5201.0,0.40545
5206.2,0.40254
5211.5,0.40022
5216.7,0.39853
5222.0,0.39749
5227.2,0.39703
5232.5,0.39701
5237.8,0.39731
5243.1,0.39767
5248.4,0.39806
5253.7,0.39849
5259.0,0.39892
5264.4,0.39926
5269.7,0.39951
5275.1,0.3996
5280.5,0.39946
5285.8,0.39907
5291.2,0.39846
5296.6,0.39763
5302.0,0.39676
5307.5,0.39588
5312.9,0.39507
5318.4,0.39428
5323.8,0.39341
5329.3,0.39224
5334.8,0.39062
5340.3,0.38846
5345.8,0.3858
5351.3,0.38272
5356.8,0.37942
5362.4,0.37622
5367.9,0.37329
5373.5,0.3706
5379.0,0.36804
5384.6,0.36539
5390.2,0.36252
5395.8,0.3593
5401.5,0.35584
5407.1,0.35233
5412.7,0.34892
5418.4,0.34583
5424.1,0.34301
5429.7,0.3404
5435.4,0.33822
5441.1,0.33652
5446.9,0.33535
5452.6,0.33467
5458.3,0.33452
5464.1,0.33477
5469.8,0.33524
5475.6,0.33581
5481.4,0.33646
5487.2,0.33706
5493.0,0.3376
5498.8,0.33795
5504.7,0.33809
5510.5,0.33796
5516.4,0.33755
5522.3,0.33684
5528.1,0.3358
5534.0,0.33429
5540.0,0.33222
5545.9,0.32928
5551.8,0.32524
5557.8,0.31996
5563.7,0.31351
5569.7,0.30598
5575.7,0.29765
5581.7,0.28886
5587.7,0.28031
5593.7,0.27267
5599.8,0.26627
5605.8,0.26134
5611.9,0.25791
5618.0,0.25597
5624.1,0.25511
5630.2,0.25533
5636.3,0.25661
5642.4,0.25908
5648.6,0.2625
5654.7,0.26694
5660.9,0.27227
5667.1,0.27826
5673.3,0.28471
5679.5,0.29142
5685.7,0.2979
5692.0,0.30432
5698.2,0.31052
5704.5,0.31652
5710.8,0.32251
5717.1,0.32821
5723.4,0.33345
5729.7,0.33827
5736.0,0.34246
5742.4,0.34583
5748.8,0.34834
5755.1,0.34977
5761.5,0.35028
5768.0,0.34991
5774.4,0.34873
5780.8,0.34715
5787.3,0.34528
5793.7,0.34323
5800.2,0.34109
5806.7,0.33899
5813.2,0.33718
5819.7,0.3356
5826.3,0.33401
5832.8,0.33233
5839.4,0.33051
5846.0,0.32859
5852.6,0.32666
5859.2,0.32483
5865.8,0.32325
5872.5,0.32213
5879.1,0.32146
5885.8,0.32097
5892.5,0.32072
5899.2,0.32069
5905.9,0.32053
5912.6,0.32023
5919.4,0.31942
5926.2,0.3181
5932.9,0.31635
5939.7,0.31396
5946.5,0.3112
5953.4,0.30831
5960.2,0.30522
5967.1,0.30205
5974.0,0.29875
5980.8,0.29588
5987.8,0.2937
5994.7,0.29257
6001.6,0.29297
6008.6,0.29551
6015.5,0.30058
6022.5,0.30819
6029.5,0.31805
6036.5,0.32952
6043.6,0.34153
6050.6,0.3542
6057.7,0.36526
6064.8,0.37458
6071.9,0.38306
6079.0,0.39024
6086.1,0.39582
6093.3,0.40041
6100.5,0.40398
6107.6,0.40678
6114.9,0.40874
6122.1,0.40996
6129.3,0.41066
6136.5,0.41105
6143.8,0.41096
6151.1,0.41064
6158.4,0.41005
6165.7,0.40933
6173.1,0.40841
6180.4,0.4075
6187.8,0.40636
6195.2,0.4051
6202.6,0.40383
6210.0,0.40258
6217.5,0.4013
6225.0,0.40011
6232.4,0.39892
6239.9,0.39788
6247.5,0.39708
6255.0,0.39664
6262.5,0.39655
6270.1,0.39697
6277.7,0.39782
6285.3,0.39924
6293.0,0.40114
6300.6,0.40351
6308.3,0.4062
6315.9,0.40912
6323.6,0.41212
6331.4,0.41513
6339.1,0.41804
6346.9,0.42076
6354.6,0.42282
6362.4,0.42469
6370.3,0.42648
6378.1,0.42803
6385.9,0.42947
6393.8,0.43105
6401.7,0.43269
6409.6,0.43462
6417.6,0.4364
6425.5,0.43776
6433.5,0.4391
6441.5,0.44036
6449.5,0.44141
6457.5,0.44223
6465.6,0.4428
6473.6,0.44328
6481.7,0.44356
6489.8,0.44373
6498.0,0.44361
6506.1,0.44324
6514.3,0.44302
6522.5,0.44279
6530.7,0.44239
6539.0,0.44206
6547.2,0.44166
6555.5,0.4411
6563.8,0.44041
6572.1,0.43948
6580.4,0.43821
6588.8,0.43677
6597.2,0.43508
6605.6,0.43321
6614.0,0.43123
6622.5,0.42909
6630.9,0.42696
6639.4,0.4245
6647.9,0.42173
6656.5,0.41899
6665.0,0.41626
6673.6,0.41341
6682.2,0.41033
6690.8,0.40695
6699.5,0.40355
6708.1,0.39998
6716.8,0.39615
6725.5,0.392
6734.3,0.38768
6743.0,0.38333
6751.8,0.37897
6760.6,0.37465
6769.4,0.37055
6778.3,0.36672
6787.1,0.36329
6796.0,0.36024
6805.0,0.35783
6813.9,0.3561
6822.9,0.35483
6831.9,0.3538
6840.9,0.35299
6849.9,0.35236
6859.0,0.35187
6868.0,0.3511
6877.2,0.35004
6886.3,0.34887
6895.5,0.34754
6904.6,0.34612
6913.8,0.34448
6923.1,0.34266
6932.3,0.34074
6941.6,0.33863
6950.9,0.33644
6960.2,0.33403
6969.6,0.33129
6979.0,0.32846
6988.4,0.32555
6997.8,0.32253
7007.3,0.31963
7016.8,0.31694
7026.3,0.31469
7035.8,0.31309
7045.4,0.31228
7054.9,0.31199
7064.5,0.31219
7074.2,0.31274
7083.9,0.31349
7093.5,0.31405
7103.3,0.31422
7113.0,0.31401
7122.8,0.31353
7132.6,0.31275
7142.4,0.31161
7152.2,0.31008
7162.1,0.30859
7172.0,0.30727
7182.0,0.3061
7191.9,0.30504
7201.9,0.30417
7211.9,0.30337
7222.0,0.30272
7232.0,0.30227
7242.1,0.30208
7252.3,0.30184
7262.4,0.30139
7272.6,0.30061
7282.8,0.29957
7293.1,0.29823
7303.3,0.29645
7313.6,0.29421
7324.0,0.29178
7334.3,0.28929
7344.7,0.28681
7355.1,0.28432
7365.6,0.28199
7376.1,0.27976
7386.6,0.27766
7397.1,0.27558
7407.7,0.27344
7418.3,0.27112
7428.9,0.26863
7439.6,0.26602
7450.3,0.26346
7461.0,0.26091
7471.7,0.2585
7482.5,0.25622
7493.3,0.25409
7504.1,0.25204
7515.0,0.25016
7525.9,0.24835
7536.9,0.24677
7547.9,0.24547
7558.9,0.24464
7569.9,0.24422
7581.0,0.24426
7592.0,0.24458
7603.2,0.24507
7614.4,0.24563
7625.5,0.24626
7636.8,0.24675
7648.0,0.2471
7659.3,0.24719
7670.7,0.24705
7682.0,0.24663
7693.4,0.24601
7704.9,0.24509
7716.3,0.24391
7727.8,0.24247
7739.4,0.24094
7750.9,0.23923
7762.5,0.23748
7774.2,0.23573
7785.8,0.2342
7797.5,0.23292
7809.3,0.23193
7821.1,0.23108
7832.9,0.23026
7844.7,0.2293
7856.6,0.22817
7868.5,0.22674
7880.5,0.22512
7892.5,0.22332
7904.5,0.2213
7916.6,0.21899
7928.7,0.2165
7940.8,0.21367
7953.0,0.21051
7965.2,0.20697
7977.5,0.20315
7989.8,0.19897
8002.1,0.19465
8014.5,0.19031
8026.9,0.18607
8039.3,0.18191
8051.8,0.17794
8064.3,0.17409
8076.9,0.17038
8089.5,0.16667
8102.1,0.16303
8114.8,0.15933
8127.5,0.1557
8140.3,0.15198
8153.1,0.14837
8165.9,0.14494
8178.8,0.14182
8191.7,0.13898
8204.7,0.13652
8217.7,0.1342
8230.7,0.13213
8243.8,0.13013
8256.9,0.12819
8270.1,0.12617
8283.3,0.1242
8296.6,0.12218
8309.9,0.12013
8323.2,0.11794
8336.6,0.11576
8350.0,0.11348
8363.5,0.11116
8377.0,0.10867
8390.5,0.10629
8404.2,0.10389
8417.8,0.10155
8431.5,0.09929
8445.2,0.09722
8459.0,0.09522
8472.8,0.09336
8486.7,0.09151
8500.6,0.08973
8514.5,0.08782
8528.5,0.08596
8542.6,0.08396
8556.7,0.08203
8570.8,0.08009
8585.0,0.07816
8599.3,0.07614
8613.5,0.07434
8627.9,0.07249
8642.3,0.07066
8656.7,0.06878
8671.2,0.06703
8685.7,0.06528
8700.3,0.0636
8714.9,0.06189
8729.6,0.06026
8744.3,0.05863
8759.0,0.05713
8773.9,0.05564
8788.7,0.05428
8803.7,0.05292
8818.6,0.05179
8833.7,0.05071
8848.7,0.04981
8863.8,0.04904
8879.0,0.04856
8894.3,0.04819
8909.5,0.04817
8924.9,0.04836
8940.3,0.04889
8955.7,0.0496
8971.2,0.05065
8986.7,0.05189
9002.3,0.05357
9018.0,0.05549
9033.7,0.05788
9049.5,0.06053
9065.3,0.06366
9081.2,0.06723
9097.1,0.07131
9113.1,0.07572
9129.1,0.08071
9145.2,0.08607
9161.4,0.09209
9177.6,0.09869
9193.9,0.10579
9210.2,0.11322
9226.6,0.12108
9243.0,0.12916
9259.5,0.13738
9276.1,0.14542
9292.7,0.15313
9309.4,0.16002
9326.2,0.16568
9343.0,0.16955
9359.8,0.17173
9376.8,0.17245
9393.7,0.17245
9410.8,0.17202
9427.9,0.17145
9445.1,0.1709
9462.3,0.17046
9479.6,0.16992
9497.0,0.1693
9514.4,0.16853
9531.9,0.1676
9549.4,0.16632
9567.0,0.16487
9584.7,0.16317
9602.5,0.16137
9620.3,0.15948
9638.2,0.1576
9656.1,0.15562
9674.2,0.15356
9692.2,0.15145
9710.4,0.14943
9728.6,0.14738
9746.9,0.14546
9765.2,0.14365
9783.7,0.14206
9802.2,0.14064
9820.7,0.13944
9839.4,0.13832
9858.1,0.13756
9876.8,0.13696
9895.7,0.13648
9914.6,0.13607
9933.6,0.13573
9952.7,0.13543
9971.8,0.13531
9991.0,0.13541
10010.3,0.13603
10029.7,0.13705
10049.1,0.13874
10068.6,0.14131
10088.2,0.14494
10107.9,0.14921
10127.6,0.1526
10147.4,0.15284
10167.3,0.14945
10187.3,0.14353
10207.4,0.13726
10227.5,0.13255
10247.7,0.13045
10268.0,0.13088
10288.4,0.13345
10308.8,0.1377
10329.4,0.14323
10350.0,0.14925
10370.7,0.15454
10391.5,0.15776
10412.3,0.16139
10433.3,0.17123
10454.3,0.18625
10475.5,0.19929
10496.7,0.20802
10518.0,0.21318
10539.3,0.21575
10560.8,0.21669
10582.3,0.21666
10604.0,0.21587
10625.7,0.2146
10647.5,0.2129
10669.4,0.21118
10691.4,0.20936
10713.5,0.20755
10735.7,0.20562
10758.0,0.20364
10780.3,0.20164
10802.8,0.19958
10825.4,0.19738
10848.0,0.19513
10870.8,0.19296
10893.6,0.19101
10916.5,0.1891
10939.5,0.18733
10962.7,0.18566
10985.9,0.18414
11009.2,0.18251
11032.7,0.18095
11056.2,0.17949
11079.8,0.17795
11103.5,0.1764
11127.4,0.17503
11151.3,0.17374
11175.3,0.17253
11199.5,0.1712
11223.7,0.16981
11248.0,0.1681
11272.5,0.16613
11297.1,0.1638
11321.7,0.16119
11346.5,0.15818
11371.4,0.15481
11396.4,0.15087
11421.5,0.14601
11446.7,0.13969
11472.0,0.13177
11497.5,0.12279
11523.0,0.11415
11548.7,0.10678
11574.4,0.10084
11600.3,0.09582
11626.3,0.09173
11652.5,0.08829
11678.7,0.08533
11705.1,0.08241
11731.6,0.07945
11758.2,0.07613
11784.9,0.07259
11811.7,0.06958
11838.7,0.06857
11865.8,0.06984
11893.0,0.07238
11920.3,0.0748
11947.8,0.07688
11975.4,0.07829
12003.1,0.07928
12031.0,0.08014
12059.0,0.08135
12087.1,0.08282
12115.3,0.08455
12143.7,0.08646
12172.2,0.08859
12200.8,0.09064
12229.6,0.09273
12258.5,0.09458
12287.6,0.09644
12316.8,0.09835
12346.1,0.10049
12375.5,0.10292
12405.2,0.10569
12434.9,0.10841
12464.8,0.11094
12494.8,0.11323
12525.0,0.1155
12555.3,0.11781
12585.8,0.12
12616.4,0.12196
12647.2,0.12378
12678.1,0.12524
12709.2,0.12665
12740.4,0.12802
12771.8,0.12932
12803.3,0.13037
12835.0,0.13131
12866.9,0.13217
12898.9,0.13275
12931.1,0.133
12963.4,0.13313
12995.9,0.13293
13028.5,0.13263
13061.3,0.13217
13094.3,0.13163
13127.5,0.13085
13160.8,0.12986
13194.3,0.12881
13228.0,0.12795
13261.8,0.1271
13295.8,0.1265
13330.0,0.12586
13364.3,0.12504
13398.8,0.12412
13433.6,0.12336
13468.5,0.12242
13503.5,0.12145
13538.8,0.12027
13574.2,0.11904
13609.9,0.11762
13645.7,0.11612
13681.7,0.11446
13717.9,0.11271
13754.3,0.11084
13790.8,0.10894
13827.6,0.10695
13864.6,0.10507
13901.8,0.10324
13939.2,0.10128
13976.7,0.09916
14014.5,0.09711
14052.5,0.09505
14090.7,0.09323
14129.0,0.09122
14167.6,0.08915
14206.5,0.08688
14245.5,0.08461
14284.7,0.08225
14324.2,0.08011
14363.9,0.07797
14403.8,0.07569
14443.9,0.07314
14484.3,0.07085
14524.8,0.06893
14565.6,0.06714
14606.7,0.06519
14647.9,0.0633
14689.4,0.06159
14731.2,0.06011
14773.1,0.05844
14815.3,0.05678
14857.8,0.05526
14900.5,0.05399
14943.4,0.05289
14986.6,0.05229
15030.0,0.05181
15073.7,0.05176
15117.7,0.05193
15161.9,0.05238
15206.3,0.05333
15251.1,0.05483
15296.1,0.05692
15341.3,0.05957
15386.8,0.06251
15432.6,0.06604
15478.7,0.06955
15525.0,0.07299
15571.7,0.07594
15618.6,0.07873
15665.8,0.0811
15713.2,0.08294
15761.0,0.08418
15809.0,0.08459
15857.4,0.08427
15906.0,0.0837
15955.0,0.0825
16004.2,0.08121
16053.8,0.07968
16103.6,0.07766
16153.8,0.07506
16204.3,0.07282
16255.1,0.0705
16306.2,0.0676
16357.6,0.06476
16409.4,0.06255
16461.5,0.06013
16513.9,0.05786
16566.7,0.05565
16619.8,0.05375
16673.2,0.05192
16727.0,0.0507
16781.1,0.0497
16835.6,0.04886
16890.5,0.0484
16945.7,0.04913
17001.2,0.05053
17057.2,0.05222
17113.4,0.0542
17170.1,0.05699
17227.2,0.06026
17284.6,0.06376
17342.4,0.06733
17400.6,0.07164
17459.2,0.07665
17518.2,0.08183
17577.5,0.0862
17637.3,0.09043
17697.5,0.09419
17758.1,0.09752
17819.2,0.10012
17880.6,0.10204
17942.5,0.1037
18004.8,0.10572
18067.5,0.10814
18130.7,0.11112
18194.3,0.11388
18258.4,0.11624
18322.9,0.11703
18387.9,0.11726
18453.3,0.11779
18519.2,0.1198
18585.6,0.12312
18652.4,0.1279
18719.8,0.13382
18787.6,0.14032
18855.9,0.14567
18924.7,0.14854
18994.1,0.14878
19063.9,0.14605
19134.2,0.14144
19205.1,0.13694
19276.5,0.13287
19348.4,0.12915
19420.9,0.12525
19493.9,0.12158
19567.5,0.11866
19641.6,0.11703
19716.3,0.11684
19791.6,0.117
19867.4,0.11549
19943.8,0.11118
20020.8,0.1042
20098.4,0.09572
20176.6,0.08739
20255.4,0.07987
20334.8,0.07303
20414.9,0.06686
20495.6,0.06171
20576.9,0.05746
20658.9,0.05477
20741.6,0.05435
20824.8,0.05717
20908.8,0.06162
20993.5,0.06614
21078.8,0.07023
21164.8,0.07381
21251.6,0.07613
21339.1,0.07633
21427.2,0.07526
21516.1,0.07371
21605.8,0.07188
21696.2,0.07117
21787.3,0.07272
21879.3,0.07664
21972.0,0.08227
22065.4,0.09045
22159.7,0.10019
22254.8,0.11017
22350.8,0.11876
22447.5,0.12508
22545.1,0.12868
22643.6,0.13111
22742.9,0.13386
22843.1,0.13841
22944.2,0.14604
23046.1,0.15586
23149.0,0.1663
23252.8,0.17591
23357.6,0.18364
23463.3,0.18976
23569.9,0.19438
23677.5,0.19776
23786.1,0.19984
23895.8,0.20116
24006.4,0.20176
24118.0,0.19952
24230.7,0.19254
24344.5,0.18109
24459.3,0.16761
24575.3,0.15596
24692.3,0.14802
24810.4,0.1439
24929.7,0.14311
25050.1,0.1435
25171.7,0.14216
25294.5,0.13817
25418.5,0.13167
25543.7,0.12342
25670.2,0.11427
25797.9,0.10549
25926.9,0.09851
26057.2,0.09531
26188.8,0.0962
26321.7,0.09907
26456.0,0.10058
26591.7,0.10021
26728.8,0.09946
26867.2,0.09912
27007.2,0.10064
27148.6,0.10469
27291.5,0.10917
27435.9,0.11347
27581.8,0.11718
27729.3,0.11983
27878.4,0.12155
28029.1,0.12209
28181.4,0.12118
28335.4,0.11949
28491.1,0.11745
28648.5,0.11525
28807.7,0.11303
28968.6,0.11013
29131.3,0.10735
29295.9,0.10512
29462.4,0.10301
29630.7,0.10143
29801.0,0.10061
29973.3,0.09919
30147.5,0.09754
30323.8,0.09615
30502.2,0.09364
30682.7,0.09029
30865.3,0.08641
31050.2,0.08275
31237.2,0.07929
31426.5,0.07478
31618.2,0.07135
31812.1,0.06973
32008.5,0.0693
32207.3,0.06945
32408.6,0.07122
32612.4,0.07476
32818.8,0.08133
33027.9,0.09131
33239.6,0.09957
33454.1,0.10448
33671.3,0.10893
33891.4,0.11291
34114.3,0.11664
34340.3,0.1205
34569.2,0.12301
34801.2,0.12309
35036.3,0.12103
35274.7,0.11836
35516.3,0.11518
35761.2,0.11366
36009.6,0.11176
36261.4,0.10939
36516.7,0.10776
36775.7,0.10696
37038.4,0.10747
37304.9,0.10801
37575.2,0.10802
37849.5,0.10854
38127.8,0.10876
38410.2,0.10955
38696.8,0.11107
38987.8,0.11197
39283.2,0.11366
39583.0,0.11573
39887.5,0.11659
40196.7,0.11967
40510.8,0.12394
40829.8,0.1257
41153.8,0.12667
41483.0,0.1286
41817.6,0.13127
42157.5,0.13405
42503.1,0.13524
42854.4,0.13727
43211.5,0.14119
43574.6,0.14406
43943.9,0.1463
44319.5,0.15113
44701.5,0.15197
45090.2,0.15424
45485.8,0.15909
45888.3,0.16055
46298.0,0.1604
46715.1,0.1633
47139.8,0.16409
47572.3,0.16351
48012.8,0.16991
48461.5,0.17603
48918.7,0.17441
49384.6,0.1696
49859.4,0.16364
