Composition,
Date Added,2015-07-23
Formula,
Grain Size Description,<um
Grain Size, - 
Locality,
Minimum Wavelength,300
Sample Name,"EET 87509,113 chip"
Maximum Wavelength,99719
Database of Origin,ReLab
Other Information,
References,
Resolution,4.0
Material Class,Rock
Sample Description,
Sample ID,BKRARM191
Original Sample ID,RM-REM-191
Viewing Geometry,
Wavelength,Response
300.0,99.29
305.0,98.56
310.0,101.14
315.0,103.51
320.0,105.15
325.0,108.66
330.0,111.24
335.0,113.91
340.0,117.35
345.0,121.54
350.0,125.88
355.0,130.68
360.0,135.53
365.0,140.75
370.0,146.67
375.0,152.34
380.0,157.56
385.0,162.76
390.0,168.82
395.0,173.02
400.0,177.72
405.0,181.44
410.0,184.62
415.0,188.2
420.0,191.57
425.0,194.79
430.0,197.84
435.0,201.15
440.0,204.2
445.0,206.58
450.0,208.76
455.0,210.4
460.0,212.15
465.0,212.77
470.0,213.84
475.0,215.1
480.0,216.15
485.0,217.29
490.0,218.57
495.0,219.82
500.0,221.62
505.0,221.64
510.0,223.14
515.0,226.66
520.0,229.49
525.0,231.35
530.0,232.7
535.0,234.4
540.0,235.65
545.0,235.92
550.0,237.6
555.0,238.73
560.0,239.79
565.0,241.31
570.0,242.09
575.0,243.23
580.0,244.03
585.0,245.14
590.0,245.63
595.0,246.24
600.0,246.93
605.0,247.93
610.0,248.54
615.0,249.38
620.0,250.27
625.0,251.33
630.0,252.22
635.0,253.23
640.0,254.28
645.0,255.62
650.0,256.67
655.0,257.48
660.0,258.3
665.0,259.37
670.0,260.37
675.0,261.57
680.0,262.52
685.0,264.14
690.0,265.03
695.0,266.34
700.0,267.35
705.0,268.43
710.0,269.39
715.0,270.65
720.0,271.79
725.0,272.05
730.0,273.18
735.0,273.46
740.0,273.59
745.0,273.19
750.0,272.89
755.0,272.21
760.0,271.85
765.0,270.31
770.0,269.1
775.0,267.13
780.0,264.41
785.0,261.9
790.0,258.56
795.0,254.55
800.0,250.9
805.0,246.43
810.0,241.88
815.0,237.92
820.0,232.2
825.0,227.05
830.0,221.7
835.0,216.74
840.0,211.24
845.0,206.64
850.0,202.23
855.0,198.06
860.0,194.24
865.0,189.55
870.0,185.52
875.0,182.46
880.0,179.33
885.0,175.89
890.0,173.39
895.0,170.66
900.0,168.83
905.0,165.87
910.0,164.23
915.0,163.63
920.0,162.92
925.0,161.75
930.0,161.0
935.0,160.87
940.0,160.64
945.0,160.93
950.0,161.53
955.0,162.51
960.0,162.99
965.0,164.92
970.0,166.55
975.0,168.2
980.0,170.71
985.0,173.03
990.0,175.32
995.0,178.63
1000.0,181.67
1005.0,184.94
1010.0,188.43
1015.0,192.26
1020.0,196.03
1025.0,199.65
1030.0,203.49
1035.0,207.95
1040.0,211.58
1045.0,215.76
1050.0,218.92
1055.0,222.42
1060.0,226.58
1065.0,230.8
1070.0,233.69
1075.0,236.96
1080.0,240.58
1085.0,244.09
1090.0,246.58
1095.0,249.98
1100.0,252.48
1105.0,255.3
1110.0,257.52
1115.0,259.71
1120.0,261.89
1125.0,263.71
1130.0,265.4
1135.0,267.19
1140.0,268.25
1145.0,269.5
1150.0,270.65
1155.0,271.34
1160.0,272.38
1165.0,273.21
1170.0,273.61
1175.0,273.88
1180.0,274.64
1185.0,274.53
1190.0,275.89
1195.0,275.74
1200.0,276.28
1205.0,276.43
1210.0,277.06
1215.0,277.5
1220.0,278.03
1225.0,278.54
1230.0,278.81
1235.0,279.41
1240.0,279.54
1245.0,280.15
1250.0,280.79
1255.0,281.28
1260.0,281.42
1265.0,281.87
1270.0,282.83
1275.0,283.07
1280.0,283.14
1285.0,284.17
1290.0,284.48
1295.0,284.58
1300.0,285.6
1305.0,285.91
1310.0,286.9
1315.0,287.49
1320.0,288.21
1325.0,288.49
1330.0,289.03
1330.6,289.01
1330.9,289.04
1331.2,289.14
1331.6,289.14
1331.9,289.17
1332.3,289.14
1332.6,289.15
1332.9,289.27
1333.3,289.26
1333.6,289.24
1334.0,289.34
1334.3,289.38
1334.7,289.45
1335.0,289.61
1335.3,289.57
1335.7,289.43
1336.0,289.51
1336.4,289.53
1336.7,289.48
1337.1,289.52
1337.4,289.54
1337.8,289.6
1338.1,289.7
1338.4,289.78
1338.8,289.84
1339.1,289.88
1339.5,289.9
1339.8,289.95
1340.2,289.92
1340.5,289.95
1340.9,290.08
1341.2,290.22
1341.6,290.25
1341.9,290.23
1342.3,290.24
1342.6,290.24
1342.9,290.24
1343.3,290.3
1343.7,290.36
1344.0,290.4
1344.3,290.43
1344.7,290.44
1345.0,290.46
1345.4,290.43
1345.7,290.43
1346.1,290.45
1346.4,290.51
1346.8,290.59
1347.1,290.62
1347.5,290.71
1347.8,290.8
1348.2,290.85
1348.5,290.9
1348.9,290.88
1349.2,290.82
1349.6,290.84
1349.9,290.86
1350.3,290.97
1350.7,290.99
1351.0,290.95
1351.3,290.99
1351.7,291.01
1352.1,290.98
1352.4,291.03
1352.8,291.11
1353.1,291.02
1353.5,291.03
1353.8,291.18
1354.2,291.21
1354.5,291.2
1354.9,291.26
1355.2,291.33
1355.6,291.22
1355.9,291.19
1356.3,291.27
1356.7,291.4
1357.0,291.46
1357.4,291.5
1357.7,291.51
1358.1,291.5
1358.4,291.45
1358.8,291.48
1359.2,291.55
1359.5,291.59
1359.9,291.55
1360.2,291.52
1360.6,291.6
1360.9,291.62
1361.3,291.54
1361.7,291.58
1362.0,291.61
1362.4,291.61
1362.7,291.67
1363.1,291.72
1363.4,291.66
1363.8,291.72
1364.2,291.81
1364.5,291.77
1364.9,291.75
1365.2,291.76
1365.6,291.76
1365.9,291.71
1366.3,291.72
1366.7,291.71
1367.0,291.8
1367.4,291.88
1367.8,291.87
1368.1,291.85
1368.5,291.96
1368.8,291.99
1369.2,291.89
1369.6,291.89
1369.9,292.01
1370.3,292.03
1370.7,291.99
1371.0,292.07
1371.4,292.06
1371.7,291.96
1372.1,292.02
1372.5,291.97
1372.8,292.02
1373.2,292.16
1373.6,292.21
1373.9,292.11
1374.3,292.14
1374.6,292.19
1375.0,292.14
1375.4,292.1
1375.7,292.14
1376.1,292.15
1376.5,292.25
1376.8,292.29
1377.2,292.32
1377.6,292.38
1377.9,292.35
1378.3,292.21
1378.7,292.11
1379.0,292.13
1379.4,292.23
1379.8,292.31
1380.1,292.41
1380.5,292.43
1380.9,292.36
1381.2,292.31
1381.6,292.35
1382.0,292.4
1382.3,292.43
1382.7,292.33
1383.1,292.34
1383.4,292.38
1383.8,292.33
1384.2,292.36
1384.6,292.36
1384.9,292.42
1385.3,292.53
1385.7,292.59
1386.0,292.54
1386.4,292.5
1386.8,292.53
1387.2,292.58
1387.5,292.55
1387.9,292.51
1388.3,292.5
1388.6,292.51
1389.0,292.56
1389.4,292.54
1389.8,292.45
1390.1,292.52
1390.5,292.59
1390.9,292.52
1391.2,292.38
1391.6,292.4
1392.0,292.51
1392.4,292.57
1392.7,292.56
1393.1,292.42
1393.5,292.41
1393.9,292.41
1394.2,292.44
1394.6,292.47
1395.0,292.44
1395.4,292.43
1395.7,292.43
1396.1,292.39
1396.5,292.47
1396.9,292.46
1397.2,292.42
1397.6,292.5
1398.0,292.56
1398.4,292.55
1398.8,292.45
1399.1,292.35
1399.5,292.33
1399.9,292.42
1400.3,292.5
1400.6,292.47
1401.0,292.37
1401.4,292.35
1401.8,292.38
1402.2,292.32
1402.5,292.28
1402.9,292.33
1403.3,292.38
1403.7,292.43
1404.1,292.39
1404.4,292.4
1404.8,292.4
1405.2,292.38
1405.6,292.35
1406.0,292.38
1406.3,292.32
1406.7,292.14
1407.1,292.1
1407.5,292.16
1407.9,292.16
1408.3,292.18
1408.6,292.24
1409.0,292.22
1409.4,292.11
1409.8,292.09
1410.2,292.15
1410.6,292.17
1410.9,292.09
1411.3,292.17
1411.7,292.28
1412.1,292.14
1412.5,292.09
1412.8,292.22
1413.2,292.24
1413.6,292.16
1414.0,292.08
1414.4,292.06
1414.8,292.12
1415.2,292.1
1415.6,291.95
1415.9,291.9
1416.3,291.94
1416.7,291.91
1417.1,291.9
1417.5,291.96
1417.9,291.99
1418.3,292.0
1418.7,292.07
1419.0,292.06
1419.4,291.96
1419.8,291.98
1420.2,291.97
1420.6,291.87
1421.0,291.84
1421.4,291.88
1421.8,291.91
1422.2,291.9
1422.5,291.91
1422.9,291.92
1423.3,291.83
1423.7,291.81
1424.1,291.78
1424.5,291.78
1424.9,291.89
1425.3,291.89
1425.7,291.84
1426.1,291.78
1426.5,291.66
1426.8,291.69
1427.2,291.78
1427.6,291.84
1428.0,291.76
1428.4,291.67
1428.8,291.61
1429.2,291.64
1429.6,291.66
1430.0,291.55
1430.4,291.55
1430.8,291.63
1431.2,291.6
1431.6,291.58
1432.0,291.51
1432.4,291.45
1432.8,291.52
1433.2,291.57
1433.6,291.54
1433.9,291.53
1434.3,291.53
1434.8,291.5
1435.1,291.41
1435.5,291.41
1435.9,291.48
1436.3,291.44
1436.7,291.32
1437.1,291.27
1437.5,291.24
1437.9,291.25
1438.3,291.28
1438.7,291.25
1439.1,291.11
1439.5,291.13
1439.9,291.2
1440.3,291.24
1440.7,291.19
1441.1,291.07
1441.5,291.08
1441.9,291.06
1442.3,291.03
1442.7,291.07
1443.1,291.06
1443.5,291.0
1443.9,290.98
1444.3,290.94
1444.7,290.83
1445.1,290.82
1445.6,290.84
1445.9,290.84
1446.3,290.79
1446.8,290.76
1447.2,290.64
1447.6,290.55
1448.0,290.6
1448.4,290.6
1448.8,290.52
1449.2,290.39
1449.6,290.48
1450.0,290.59
1450.4,290.52
1450.8,290.42
1451.2,290.39
1451.6,290.26
1452.0,290.23
1452.4,290.24
1452.8,290.19
1453.2,290.11
1453.7,290.11
1454.1,290.13
1454.5,290.11
1454.9,290.06
1455.3,289.92
1455.7,289.81
1456.1,289.84
1456.5,289.87
1456.9,289.77
1457.3,289.71
1457.7,289.8
1458.2,289.8
1458.6,289.63
1459.0,289.51
1459.4,289.44
1459.8,289.43
1460.2,289.41
1460.6,289.4
1461.0,289.42
1461.4,289.36
1461.8,289.33
1462.3,289.28
1462.7,289.22
1463.1,289.11
1463.5,289.02
1463.9,289.08
1464.3,289.11
1464.7,288.97
1465.2,288.79
1465.6,288.73
1466.0,288.72
1466.4,288.71
1466.8,288.71
1467.2,288.6
1467.6,288.41
1468.1,288.39
1468.5,288.41
1468.9,288.37
1469.3,288.31
1469.7,288.27
1470.1,288.27
1470.6,288.22
1471.0,288.09
1471.4,287.96
1471.8,287.9
1472.2,287.85
1472.6,287.84
1473.1,287.82
1473.5,287.76
1473.9,287.72
1474.3,287.64
1474.7,287.62
1475.2,287.55
1475.6,287.5
1476.0,287.48
1476.4,287.39
1476.8,287.28
1477.3,287.22
1477.7,287.09
1478.1,286.96
1478.5,286.89
1478.9,286.9
1479.4,286.89
1479.8,286.82
1480.2,286.72
1480.6,286.64
1481.1,286.61
1481.5,286.55
1481.9,286.56
1482.3,286.47
1482.8,286.35
1483.2,286.27
1483.6,286.19
1484.0,286.15
1484.4,286.09
1484.9,285.96
1485.3,285.89
1485.7,285.85
1486.2,285.81
1486.6,285.73
1487.0,285.67
1487.4,285.64
1487.9,285.43
1488.3,285.28
1488.7,285.27
1489.1,285.23
1489.6,285.17
1490.0,285.03
1490.4,284.99
1490.8,285.0
1491.3,284.96
1491.7,284.89
1492.1,284.79
1492.6,284.66
1493.0,284.52
1493.4,284.5
1493.9,284.49
1494.3,284.41
1494.7,284.23
1495.2,284.13
1495.6,284.07
1496.0,283.9
1496.4,283.81
1496.9,283.81
1497.3,283.75
1497.7,283.69
1498.2,283.61
1498.6,283.53
1499.0,283.45
1499.5,283.34
1499.9,283.19
1500.3,283.0
1500.8,282.94
1501.2,282.9
1501.7,282.81
1502.1,282.76
1502.5,282.71
1502.9,282.62
1503.4,282.5
1503.8,282.41
1504.3,282.37
1504.7,282.29
1505.1,282.15
1505.6,281.99
1506.0,281.91
1506.4,281.81
1506.9,281.7
1507.3,281.7
1507.8,281.61
1508.2,281.5
1508.6,281.46
1509.1,281.32
1509.5,281.14
1510.0,281.07
1510.4,280.97
1510.8,280.88
1511.3,280.87
1511.7,280.81
1512.2,280.71
1512.6,280.59
1513.0,280.51
1513.5,280.4
1513.9,280.23
1514.4,280.1
1514.8,279.98
1515.3,279.85
1515.7,279.79
1516.1,279.71
1516.6,279.59
1517.0,279.49
1517.5,279.37
1517.9,279.29
1518.4,279.27
1518.8,279.16
1519.3,279.01
1519.7,278.93
1520.1,278.81
1520.6,278.69
1521.0,278.6
1521.5,278.44
1521.9,278.33
1522.4,278.31
1522.8,278.24
1523.3,278.07
1523.7,277.86
1524.2,277.73
1524.6,277.64
1525.1,277.56
1525.5,277.48
1525.9,277.34
1526.4,277.22
1526.8,277.09
1527.3,276.91
1527.8,276.79
1528.2,276.72
1528.7,276.65
1529.1,276.53
1529.6,276.43
1530.0,276.25
1530.5,276.13
1530.9,276.06
1531.4,276.05
1531.8,275.92
1532.3,275.7
1532.7,275.56
1533.2,275.49
1533.6,275.4
1534.1,275.35
1534.5,275.31
1535.0,275.08
1535.4,274.87
1535.9,274.79
1536.3,274.72
1536.8,274.6
1537.3,274.39
1537.7,274.26
1538.2,274.17
1538.6,274.04
1539.1,273.89
1539.6,273.69
1540.0,273.61
1540.5,273.57
1540.9,273.44
1541.4,273.3
1541.8,273.17
1542.3,273.07
1542.8,272.91
1543.2,272.71
1543.7,272.61
1544.1,272.51
1544.6,272.4
1545.1,272.29
1545.5,272.08
1546.0,271.92
1546.4,271.86
1546.9,271.74
1547.4,271.62
1547.8,271.53
1548.3,271.4
1548.8,271.27
1549.2,271.1
1549.7,270.93
1550.1,270.76
1550.6,270.65
1551.1,270.54
1551.5,270.43
1552.0,270.28
1552.4,270.09
1552.9,270.0
1553.4,269.86
1553.8,269.66
1554.3,269.52
1554.8,269.47
1555.3,269.29
1555.7,269.06
1556.2,268.94
1556.7,268.83
1557.1,268.71
1557.6,268.65
1558.1,268.52
1558.5,268.43
1559.0,268.32
1559.5,268.08
1559.9,267.84
1560.4,267.72
1560.9,267.6
1561.3,267.43
1561.8,267.29
1562.3,267.19
1562.8,267.03
1563.2,266.91
1563.7,266.76
1564.2,266.59
1564.6,266.41
1565.1,266.3
1565.6,266.16
1566.1,266.01
1566.5,265.91
1567.0,265.67
1567.5,265.5
1567.9,265.36
1568.4,265.18
1568.9,265.1
1569.4,265.06
1569.8,264.9
1570.3,264.73
1570.8,264.53
1571.3,264.4
1571.8,264.32
1572.2,264.15
1572.7,263.92
1573.2,263.78
1573.7,263.66
1574.1,263.48
1574.6,263.34
1575.1,263.18
1575.6,263.04
1576.1,262.95
1576.5,262.82
1577.0,262.61
1577.5,262.41
1578.0,262.25
1578.4,262.09
1578.9,261.94
1579.4,261.77
1579.9,261.59
1580.4,261.5
1580.9,261.42
1581.3,261.22
1581.8,261.04
1582.3,260.87
1582.8,260.69
1583.3,260.55
1583.8,260.41
1584.2,260.27
1584.7,260.18
1585.2,260.04
1585.7,259.8
1586.2,259.65
1586.7,259.58
1587.2,259.42
1587.6,259.19
1588.1,258.99
1588.6,258.82
1589.1,258.64
1589.6,258.49
1590.1,258.29
1590.6,258.11
1591.0,258.01
1591.5,257.87
1592.0,257.73
1592.5,257.55
1593.0,257.34
1593.5,257.13
1594.0,257.08
1594.5,257.07
1595.0,256.86
1595.4,256.6
1595.9,256.44
1596.4,256.34
1596.9,256.17
1597.4,256.05
1597.9,255.96
1598.4,255.77
1598.9,255.5
1599.4,255.33
1599.9,255.17
1600.4,255.0
1600.9,254.79
1601.4,254.69
1601.9,254.66
1602.3,254.44
1602.8,254.23
1603.3,254.04
1603.8,253.87
1604.3,253.73
1604.8,253.45
1605.3,253.24
1605.8,253.2
1606.3,253.06
1606.8,252.89
1607.3,252.66
1607.8,252.44
1608.3,252.33
1608.8,252.16
1609.3,251.96
1609.8,251.84
1610.3,251.68
1610.8,251.51
1611.3,251.36
1611.8,251.21
1612.3,251.01
1612.8,250.78
1613.3,250.62
1613.8,250.47
1614.3,250.32
1614.8,250.22
1615.3,250.03
1615.8,249.8
1616.3,249.62
1616.8,249.48
1617.3,249.32
1617.8,249.17
1618.4,248.99
1618.9,248.82
1619.4,248.63
1619.9,248.42
1620.4,248.31
1620.9,248.17
1621.4,247.95
1621.9,247.76
1622.4,247.62
1622.9,247.42
1623.4,247.19
1623.9,247.04
1624.4,246.87
1624.9,246.66
1625.5,246.5
1626.0,246.34
1626.5,246.21
1627.0,246.06
1627.5,245.85
1628.0,245.64
1628.5,245.44
1629.0,245.29
1629.6,245.14
1630.1,244.9
1630.6,244.7
1631.1,244.58
1631.6,244.46
1632.1,244.28
1632.6,244.09
1633.1,243.85
1633.7,243.63
1634.2,243.49
1634.7,243.33
1635.2,243.22
1635.7,243.08
1636.2,242.94
1636.8,242.8
1637.3,242.62
1637.8,242.39
1638.3,242.16
1638.8,241.99
1639.3,241.75
1639.8,241.52
1640.4,241.38
1640.9,241.2
1641.4,241.05
1641.9,240.89
1642.4,240.66
1643.0,240.51
1643.5,240.31
1644.0,240.16
1644.5,240.02
1645.1,239.82
1645.6,239.58
1646.1,239.38
1646.6,239.24
1647.2,239.1
1647.7,238.94
1648.2,238.74
1648.7,238.57
1649.2,238.37
1649.8,238.15
1650.3,237.99
1650.8,237.79
1651.3,237.59
1651.9,237.47
1652.4,237.31
1652.9,237.15
1653.4,236.98
1654.0,236.79
1654.5,236.56
1655.0,236.34
1655.6,236.2
1656.1,236.05
1656.6,235.9
1657.2,235.72
1657.7,235.56
1658.2,235.37
1658.7,235.18
1659.3,234.97
1659.8,234.77
1660.3,234.56
1660.9,234.36
1661.4,234.21
1661.9,234.04
1662.5,233.79
1663.0,233.59
1663.5,233.45
1664.1,233.28
1664.6,233.12
1665.1,233.01
1665.7,232.91
1666.2,232.73
1666.7,232.43
1667.3,232.28
1667.8,232.22
1668.3,231.95
1668.9,231.7
1669.4,231.55
1670.0,231.43
1670.5,231.28
1671.0,231.08
1671.6,230.83
1672.1,230.65
1672.7,230.49
1673.2,230.29
1673.7,230.17
1674.3,230.03
1674.8,229.79
1675.4,229.56
1675.9,229.41
1676.4,229.25
1677.0,229.11
1677.5,228.95
1678.1,228.71
1678.6,228.51
1679.2,228.37
1679.7,228.18
1680.2,228.02
1680.8,227.84
1681.3,227.63
1681.9,227.46
1682.4,227.3
1683.0,227.1
1683.5,226.91
1684.1,226.74
1684.6,226.56
1685.2,226.4
1685.7,226.25
1686.3,226.03
1686.8,225.82
1687.3,225.65
1687.9,225.49
1688.4,225.34
1689.0,225.1
1689.6,224.88
1690.1,224.78
1690.7,224.6
1691.2,224.45
1691.8,224.24
1692.3,224.04
1692.9,223.84
1693.4,223.67
1694.0,223.59
1694.5,223.46
1695.1,223.26
1695.6,222.98
1696.2,222.78
1696.7,222.61
1697.3,222.49
1697.8,222.32
1698.4,222.07
1699.0,221.87
1699.5,221.74
1700.1,221.55
1700.6,221.37
1701.2,221.17
1701.8,220.98
1702.3,220.83
1702.9,220.67
1703.4,220.46
1704.0,220.28
1704.6,220.1
1705.1,219.97
1705.7,219.79
1706.2,219.62
1706.8,219.45
1707.4,219.27
1707.9,219.08
1708.5,218.84
1709.0,218.6
1709.6,218.4
1710.2,218.24
1710.7,218.15
1711.3,217.95
1711.9,217.7
1712.4,217.54
1713.0,217.42
1713.6,217.25
1714.1,217.06
1714.7,216.89
1715.3,216.76
1715.8,216.6
1716.4,216.43
1717.0,216.25
1717.5,216.08
1718.1,215.86
1718.7,215.64
1719.2,215.48
1719.8,215.34
1720.4,215.19
1721.0,214.97
1721.5,214.8
1722.1,214.64
1722.7,214.44
1723.2,214.28
1723.8,214.14
1724.4,214.03
1725.0,213.88
1725.5,213.7
1726.1,213.52
1726.7,213.38
1727.3,213.2
1727.8,212.97
1728.4,212.75
1729.0,212.58
1729.6,212.46
1730.2,212.33
1730.7,212.1
1731.3,211.91
1731.9,211.8
1732.5,211.64
1733.0,211.39
1733.6,211.21
1734.2,211.11
1734.8,210.92
1735.4,210.74
1735.9,210.61
1736.5,210.47
1737.1,210.34
1737.7,210.2
1738.3,209.98
1738.8,209.75
1739.4,209.54
1740.0,209.38
1740.6,209.29
1741.2,209.14
1741.8,208.97
1742.3,208.72
1742.9,208.48
1743.5,208.37
1744.1,208.25
1744.7,208.08
1745.3,207.87
1745.9,207.68
1746.5,207.55
1747.1,207.39
1747.6,207.25
1748.2,207.12
1748.8,206.91
1749.4,206.73
1750.0,206.61
1750.6,206.44
1751.2,206.2
1751.8,206.05
1752.4,205.94
1753.0,205.83
1753.6,205.61
1754.1,205.38
1754.7,205.22
1755.3,205.05
1755.9,204.87
1756.5,204.74
1757.1,204.56
1757.7,204.42
1758.3,204.24
1758.9,204.1
1759.5,203.97
1760.1,203.83
1760.7,203.69
1761.3,203.53
1761.9,203.38
1762.5,203.21
1763.1,203.02
1763.7,202.78
1764.3,202.59
1764.9,202.52
1765.5,202.43
1766.1,202.24
1766.7,202.07
1767.3,201.9
1767.9,201.67
1768.5,201.53
1769.1,201.47
1769.7,201.26
1770.3,201.05
1770.9,200.84
1771.5,200.71
1772.1,200.6
1772.7,200.43
1773.3,200.3
1773.9,200.25
1774.6,200.12
1775.2,199.91
1775.8,199.76
1776.4,199.58
1777.0,199.42
1777.6,199.27
1778.2,199.13
1778.8,198.98
1779.4,198.84
1780.0,198.66
1780.7,198.52
1781.3,198.34
1781.9,198.18
1782.5,198.05
1783.1,197.92
1783.7,197.79
1784.3,197.6
1784.9,197.35
1785.6,197.22
1786.2,197.23
1786.8,197.06
1787.4,196.86
1788.0,196.69
1788.6,196.53
1789.3,196.37
1789.9,196.22
1790.5,196.07
1791.1,195.95
1791.7,195.81
1792.3,195.69
1793.0,195.54
1793.6,195.38
1794.2,195.26
1794.8,195.12
1795.4,194.94
1796.1,194.72
1796.7,194.54
1797.3,194.44
1797.9,194.3
1798.6,194.11
1799.2,193.99
1799.8,193.94
1800.4,193.81
1801.1,193.6
1801.7,193.41
1802.3,193.29
1802.9,193.22
1803.6,193.13
1804.2,192.93
1804.8,192.77
1805.4,192.66
1806.1,192.55
1806.7,192.37
1807.3,192.15
1808.0,191.97
1808.6,191.85
1809.2,191.76
1809.9,191.62
1810.5,191.51
1811.1,191.4
1811.8,191.23
1812.4,191.04
1813.0,190.88
1813.7,190.79
1814.3,190.66
1814.9,190.53
1815.6,190.38
1816.2,190.25
1816.8,190.19
1817.5,190.09
1818.1,189.91
1818.8,189.76
1819.4,189.6
1820.0,189.41
1820.7,189.28
1821.3,189.16
1821.9,189.02
1822.6,188.87
1823.2,188.72
1823.9,188.59
1824.5,188.53
1825.2,188.35
1825.8,188.14
1826.4,187.99
1827.1,187.89
1827.7,187.85
1828.4,187.76
1829.0,187.6
1829.7,187.44
1830.3,187.37
1831.0,187.21
1831.6,187.03
1832.3,186.9
1832.9,186.79
1833.6,186.68
1834.2,186.51
1834.8,186.38
1835.5,186.29
1836.1,186.24
1836.8,186.13
1837.4,186.01
1838.1,185.81
1838.8,185.66
1839.4,185.59
1840.1,185.49
1840.7,185.36
1841.4,185.15
1842.0,185.0
1842.7,184.93
1843.3,184.86
1844.0,184.74
1844.6,184.61
1845.3,184.42
1845.9,184.32
1846.6,184.24
1847.3,184.13
1847.9,184.0
1848.6,183.88
1849.2,183.8
1849.9,183.71
1850.6,183.52
1851.2,183.41
1851.9,183.3
1852.6,183.1
1853.2,182.98
1853.9,182.98
1854.5,182.88
1855.2,182.74
1855.9,182.59
1856.5,182.41
1857.2,182.29
1857.9,182.21
1858.5,182.14
1859.2,182.0
1859.9,181.89
1860.5,181.78
1861.2,181.59
1861.9,181.55
1862.5,181.49
1863.2,181.35
1863.9,181.2
1864.5,181.08
1865.2,180.97
1865.9,180.88
1866.6,180.8
1867.2,180.7
1867.9,180.59
1868.6,180.42
1869.2,180.3
1869.9,180.19
1870.6,180.07
1871.3,180.0
1871.9,179.89
1872.6,179.84
1873.3,179.76
1874.0,179.64
1874.7,179.5
1875.3,179.29
1876.0,179.15
1876.7,179.09
1877.4,179.02
1878.0,178.91
1878.7,178.77
1879.4,178.62
1880.1,178.55
1880.8,178.52
1881.4,178.43
1882.1,178.25
1882.8,178.09
1883.5,178.0
1884.2,177.88
1884.9,177.73
1885.6,177.54
1886.2,177.36
1886.9,177.31
1887.6,177.23
1888.3,177.07
1889.0,176.94
1889.7,176.81
1890.4,176.73
1891.1,176.66
1891.8,176.53
1892.4,176.4
1893.1,176.26
1893.8,176.13
1894.5,175.97
1895.2,175.83
1895.9,175.73
1896.6,175.64
1897.3,175.55
1898.0,175.39
1898.7,175.26
1899.4,175.18
1900.1,175.03
1900.8,174.84
1901.5,174.73
1902.2,174.65
1902.9,174.55
1903.6,174.47
1904.3,174.33
1905.0,174.17
1905.7,174.1
1906.4,174.05
1907.1,173.93
1907.8,173.81
1908.5,173.69
1909.2,173.55
1909.9,173.45
1910.6,173.3
1911.3,173.16
1912.0,173.11
1912.7,173.09
1913.4,173.02
1914.1,172.9
1914.8,172.77
1915.5,172.72
1916.2,172.64
1916.9,172.52
1917.6,172.43
1918.3,172.34
1919.1,172.29
1919.8,172.21
1920.5,172.14
1921.2,172.09
1921.9,172.09
1922.6,171.98
1923.3,171.86
1924.0,171.82
1924.8,171.77
1925.5,171.69
1926.2,171.67
1926.9,171.59
1927.6,171.44
1928.3,171.41
1929.1,171.45
1929.8,171.37
1930.5,171.25
1931.2,171.19
1931.9,171.18
1932.7,171.11
1933.4,171.03
1934.1,170.99
1934.8,170.93
1935.5,170.87
1936.3,170.8
1937.0,170.79
1937.7,170.8
1938.4,170.71
1939.2,170.64
1939.9,170.6
1940.6,170.52
1941.3,170.42
1942.1,170.39
1942.8,170.35
1943.5,170.28
1944.2,170.23
1945.0,170.21
1945.7,170.14
1946.4,170.07
1947.2,170.07
1947.9,170.03
1948.6,169.96
1949.4,169.93
1950.1,169.86
1950.8,169.78
1951.6,169.68
1952.3,169.69
1953.0,169.74
1953.8,169.65
1954.5,169.62
1955.2,169.63
1956.0,169.53
1956.7,169.45
1957.5,169.44
1958.2,169.39
1958.9,169.34
1959.7,169.33
1960.4,169.29
1961.2,169.25
1961.9,169.21
1962.6,169.15
1963.4,169.02
1964.1,168.98
1964.9,168.97
1965.6,168.96
1966.4,168.94
1967.1,168.9
1967.9,168.89
1968.6,168.84
1969.3,168.75
1970.1,168.73
1970.8,168.69
1971.6,168.7
1972.3,168.7
1973.1,168.68
1973.8,168.68
1974.6,168.67
1975.3,168.56
1976.1,168.46
1976.9,168.43
1977.6,168.41
1978.4,168.42
1979.1,168.45
1979.9,168.45
1980.6,168.45
1981.4,168.39
1982.2,168.31
1982.9,168.28
1983.7,168.24
1984.4,168.23
1985.2,168.22
1985.9,168.13
1986.7,168.07
1987.5,168.11
1988.2,168.11
1989.0,168.09
1989.8,168.09
1990.5,168.1
1991.3,168.11
1992.1,168.08
1992.8,168.09
1993.6,168.06
1994.3,167.96
1995.1,167.9
1995.9,167.93
1996.7,167.98
1997.4,168.01
1998.2,168.02
1999.0,167.98
1999.7,167.94
2000.5,167.89
2001.3,167.91
2002.1,167.91
2002.8,167.84
2003.6,167.88
2004.4,167.9
2005.2,167.89
2005.9,167.9
2006.7,167.91
2007.5,167.85
2008.3,167.82
2009.0,167.87
2009.8,167.9
2010.6,167.84
2011.4,167.75
2012.2,167.78
2012.9,167.8
2013.7,167.77
2014.5,167.78
2015.3,167.8
2016.1,167.81
2016.8,167.85
2017.6,167.82
2018.4,167.84
2019.2,167.87
2020.0,167.81
2020.8,167.8
2021.6,167.88
2022.3,167.88
2023.1,167.83
2023.9,167.85
2024.7,167.85
2025.5,167.89
2026.3,167.98
2027.1,167.98
2027.9,167.91
2028.7,167.86
2029.5,167.92
2030.3,167.96
2031.1,167.91
2031.9,167.93
2032.7,167.95
2033.5,167.95
2034.3,167.97
2035.1,167.98
2035.8,167.98
2036.7,168.02
2037.4,168.01
2038.3,168.05
2039.1,168.12
2039.9,168.1
2040.7,168.09
2041.5,168.14
2042.3,168.17
2043.1,168.21
2043.9,168.2
2044.7,168.19
2045.5,168.17
2046.3,168.19
2047.1,168.24
2047.9,168.33
2048.7,168.33
2049.5,168.25
2050.4,168.21
2051.2,168.26
2052.0,168.37
2052.8,168.45
2053.6,168.5
2054.4,168.55
2055.2,168.53
2056.0,168.5
2056.9,168.56
2057.7,168.64
2058.5,168.68
2059.3,168.7
2060.1,168.7
2060.9,168.71
2061.8,168.75
2062.6,168.77
2063.4,168.79
2064.2,168.87
2065.1,168.91
2065.9,168.99
2066.7,169.11
2067.5,169.14
2068.3,169.1
2069.2,169.15
2070.0,169.18
2070.8,169.19
2071.6,169.22
2072.5,169.26
2073.3,169.26
2074.1,169.32
2075.0,169.36
2075.8,169.4
2076.6,169.47
2077.5,169.52
2078.3,169.52
2079.1,169.58
2080.0,169.69
2080.8,169.74
2081.6,169.82
2082.5,169.85
2083.3,169.82
2084.1,169.89
2085.0,169.97
2085.8,170.01
2086.6,169.97
2087.5,170.0
2088.3,170.14
2089.2,170.19
2090.0,170.26
2090.9,170.33
2091.7,170.31
2092.6,170.35
2093.4,170.44
2094.2,170.53
2095.1,170.61
2095.9,170.64
2096.8,170.69
2097.6,170.8
2098.5,170.83
2099.3,170.88
2100.2,170.97
2101.0,171.01
2101.9,171.1
2102.7,171.13
2103.6,171.19
2104.4,171.29
2105.3,171.35
2106.1,171.38
2107.0,171.41
2107.9,171.45
2108.7,171.56
2109.6,171.66
2110.4,171.77
2111.3,171.81
2112.2,171.82
2113.0,171.89
2113.9,171.98
2114.7,172.06
2115.6,172.15
2116.5,172.22
2117.3,172.27
2118.2,172.34
2119.1,172.45
2119.9,172.53
2120.8,172.6
2121.7,172.62
2122.5,172.58
2123.4,172.68
2124.3,172.82
2125.1,172.87
2126.0,172.97
2126.9,173.12
2127.8,173.14
2128.6,173.15
2129.5,173.27
2130.4,173.39
2131.3,173.43
2132.1,173.49
2133.0,173.55
2133.9,173.71
2134.8,173.84
2135.6,173.93
2136.5,174.03
2137.4,174.05
2138.3,174.16
2139.2,174.27
2140.1,174.33
2140.9,174.37
2141.8,174.43
2142.7,174.57
2143.6,174.69
2144.5,174.79
2145.4,174.87
2146.3,174.93
2147.1,174.98
2148.0,175.09
2148.9,175.18
2149.8,175.25
2150.7,175.34
2151.6,175.42
2152.5,175.49
2153.4,175.59
2154.3,175.66
2155.2,175.76
2156.1,175.86
2157.0,175.99
2157.9,176.11
2158.8,176.18
2159.7,176.22
2160.6,176.35
2161.5,176.42
2162.4,176.47
2163.3,176.6
2164.2,176.7
2165.1,176.79
2166.0,176.84
2166.9,176.94
2167.8,177.12
2168.7,177.21
2169.6,177.26
2170.5,177.3
2171.4,177.4
2172.3,177.55
2173.2,177.6
2174.1,177.66
2175.1,177.79
2176.0,177.91
2176.9,178.05
2177.8,178.15
2178.7,178.22
2179.6,178.22
2180.6,178.29
2181.5,178.46
2182.4,178.59
2183.3,178.66
2184.2,178.75
2185.1,178.85
2186.1,179.02
2187.0,179.25
2187.9,179.39
2188.8,179.48
2189.8,179.6
2190.7,179.71
2191.6,179.77
2192.5,179.92
2193.5,180.08
2194.4,180.16
2195.3,180.25
2196.3,180.37
2197.2,180.52
2198.1,180.69
2199.1,180.78
2200.0,180.87
2200.9,181.04
2201.9,181.21
2202.8,181.37
2203.7,181.49
2204.7,181.59
2205.6,181.75
2206.5,181.92
2207.5,182.03
2208.4,182.18
2209.4,182.42
2210.3,182.57
2211.2,182.58
2212.2,182.67
2213.1,182.84
2214.1,183.02
2215.0,183.19
2216.0,183.36
2216.9,183.5
2217.9,183.61
2218.8,183.79
2219.8,183.99
2220.7,184.12
2221.7,184.24
2222.6,184.4
2223.6,184.59
2224.5,184.74
2225.5,184.8
2226.4,184.88
2227.4,185.01
2228.4,185.24
2229.3,185.45
2230.3,185.6
2231.2,185.78
2232.2,185.93
2233.1,186.1
2234.1,186.26
2235.1,186.42
2236.0,186.56
2237.0,186.69
2238.0,186.81
2238.9,186.94
2239.9,187.14
2240.9,187.36
2241.8,187.52
2242.8,187.66
2243.8,187.78
2244.8,187.96
2245.7,188.15
2246.7,188.3
2247.7,188.44
2248.6,188.6
2249.6,188.79
2250.6,188.95
2251.6,189.07
2252.6,189.26
2253.5,189.47
2254.5,189.61
2255.5,189.82
2256.5,189.96
2257.5,190.1
2258.4,190.25
2259.4,190.45
2260.4,190.7
2261.4,190.87
2262.4,190.99
2263.4,191.1
2264.4,191.3
2265.4,191.49
2266.3,191.66
2267.3,191.84
2268.3,191.98
2269.3,192.1
2270.3,192.25
2271.3,192.46
2272.3,192.67
2273.3,192.81
2274.3,192.94
2275.3,193.12
2276.3,193.35
2277.3,193.54
2278.3,193.7
2279.3,193.82
2280.3,193.99
2281.3,194.16
2282.3,194.34
2283.3,194.5
2284.3,194.67
2285.3,194.89
2286.3,195.08
2287.3,195.26
2288.3,195.41
2289.4,195.51
2290.4,195.69
2291.4,195.93
2292.4,196.18
2293.4,196.33
2294.4,196.39
2295.4,196.45
2296.4,196.6
2297.5,196.84
2298.5,197.07
2299.5,197.28
2300.5,197.43
2301.6,197.62
2302.6,197.8
2303.6,198.0
2304.6,198.22
2305.6,198.41
2306.7,198.56
2307.7,198.69
2308.7,198.9
2309.8,199.13
2310.8,199.25
2311.8,199.37
2312.8,199.6
2313.9,199.78
2314.9,199.96
2315.9,200.12
2317.0,200.26
2318.0,200.45
2319.1,200.66
2320.1,200.84
2321.1,200.99
2322.2,201.13
2323.2,201.37
2324.3,201.59
2325.3,201.72
2326.3,201.85
2327.4,202.02
2328.4,202.25
2329.5,202.44
2330.5,202.64
2331.6,202.81
2332.6,202.96
2333.7,203.15
2334.7,203.36
2335.8,203.54
2336.8,203.67
2337.9,203.84
2338.9,204.04
2340.0,204.22
2341.0,204.42
2342.1,204.55
2343.1,204.68
2344.2,204.89
2345.3,205.12
2346.3,205.33
2347.4,205.47
2348.5,205.66
2349.5,205.88
2350.6,206.01
2351.7,206.1
2352.7,206.28
2353.8,206.47
2354.9,206.67
2355.9,206.91
2357.0,207.08
2358.1,207.22
2359.1,207.42
2360.2,207.64
2361.3,207.81
2362.4,207.92
2363.4,208.07
2364.5,208.3
2365.6,208.5
2366.7,208.63
2367.8,208.81
2368.9,209.0
2369.9,209.18
2371.0,209.37
2372.1,209.53
2373.2,209.66
2374.3,209.84
2375.4,210.02
2376.4,210.18
2377.5,210.37
2378.6,210.56
2379.7,210.69
2380.8,210.9
2381.9,211.14
2383.0,211.32
2384.1,211.45
2385.2,211.61
2386.3,211.82
2387.4,212.06
2388.5,212.19
2389.6,212.32
2390.7,212.53
2391.8,212.74
2392.9,212.88
2394.0,213.03
2395.1,213.18
2396.2,213.32
2397.3,213.48
2398.4,213.68
2399.5,213.86
2400.6,214.03
2401.8,214.19
2402.9,214.42
2404.0,214.63
2405.1,214.79
2406.2,214.92
2407.3,215.12
2408.5,215.24
2409.6,215.36
2410.7,215.55
2411.8,215.67
2412.9,215.81
2414.1,216.08
2415.2,216.32
2416.3,216.48
2417.4,216.61
2418.6,216.78
2419.7,216.93
2420.8,217.06
2422.0,217.16
2423.1,217.31
2424.2,217.52
2425.4,217.7
2426.5,217.88
2427.6,218.05
2428.8,218.18
2429.9,218.37
2431.1,218.49
2432.2,218.55
2433.3,218.72
2434.5,218.9
2435.6,218.97
2436.8,219.13
2437.9,219.29
2439.1,219.48
2440.2,219.68
2441.4,219.78
2442.5,219.9
2443.6,220.05
2444.8,220.18
2445.9,220.37
2447.1,220.53
2448.3,220.7
2449.4,220.84
2450.6,220.91
2451.7,221.01
2452.9,221.13
2454.1,221.34
2455.2,221.56
2456.4,221.67
2457.6,221.79
2458.7,221.9
2459.9,222.09
2461.1,222.21
2462.2,222.26
2463.4,222.4
2464.6,222.51
2465.7,222.63
2466.9,222.81
2468.1,222.93
2469.3,223.1
2470.4,223.24
2471.6,223.38
2472.8,223.52
2474.0,223.64
2475.1,223.8
2476.3,223.93
2477.5,224.07
2478.7,224.21
2479.9,224.36
2481.1,224.52
2482.3,224.59
2483.4,224.67
2484.6,224.82
2485.8,224.93
2487.0,225.1
2488.2,225.3
2489.4,225.49
2490.6,225.6
2491.8,225.67
2493.0,225.82
2494.2,225.98
2495.4,226.16
2496.6,226.26
2497.8,226.32
2499.0,226.44
2500.2,226.56
2501.4,226.66
2502.6,226.82
2503.8,226.99
2505.0,227.16
2506.3,227.35
2507.5,227.51
2508.7,227.59
2509.9,227.65
2511.1,227.76
2512.3,227.88
2513.5,228.0
2514.8,228.12
2516.0,228.24
2517.2,228.38
2518.4,228.54
2519.6,228.66
2520.9,228.82
2522.1,228.99
2523.3,229.11
2524.6,229.21
2525.8,229.38
2527.0,229.5
2528.2,229.66
2529.5,229.84
2530.7,229.97
2531.9,230.04
2533.2,230.17
2534.4,230.29
2535.7,230.42
2536.9,230.6
2538.1,230.72
2539.4,230.78
2540.6,230.88
2541.9,231.07
2543.1,231.18
2544.4,231.3
2545.6,231.36
2546.9,231.43
2548.1,231.64
2549.4,231.87
2550.6,232.01
2551.9,232.12
2553.1,232.25
2554.4,232.29
2555.6,232.37
2556.9,232.5
2558.2,232.58
2559.4,232.69
2560.7,232.81
2562.0,233.0
2563.2,233.16
2564.5,233.32
2565.8,233.4
2567.0,233.41
2568.3,233.48
2569.6,233.61
2570.9,233.78
2572.1,233.86
2573.4,234.0
2574.7,234.11
2576.0,234.16
2577.3,234.29
2578.5,234.35
2579.8,234.36
2581.1,234.52
2582.4,234.68
2583.7,234.86
2585.0,234.97
2586.2,234.96
2587.5,235.04
2588.8,235.09
2590.1,235.12
2591.4,235.14
2592.7,235.26
2594.0,235.42
2595.3,235.59
2596.6,235.52
2597.9,235.43
2599.2,235.45
2600.5,235.56
2601.8,235.66
2603.1,235.74
2604.4,235.72
2605.7,235.8
2607.1,235.85
2608.4,235.8
2609.7,235.85
2611.0,235.86
2612.3,235.83
2613.6,235.85
2614.9,235.84
2616.3,235.81
2617.6,235.77
2618.9,235.74
2620.2,235.73
2621.6,235.74
2622.9,235.68
2624.2,235.66
2625.5,235.55
2626.9,235.48
2628.2,235.42
2629.5,235.38
2630.9,235.35
2632.2,235.2
2633.5,235.02
2634.9,234.85
2636.2,234.61
2637.6,234.53
2638.9,234.47
2640.2,234.23
2641.6,233.91
2642.9,233.59
2644.3,233.27
2645.6,232.96
2647.0,232.51
2648.3,231.89
2649.7,231.17
2651.0,230.28
2652.4,229.15
2653.8,227.86
2655.1,226.29
2656.5,224.59
2657.8,222.8
2659.2,221.17
2660.6,219.53
2661.9,217.86
2663.3,216.2
2664.7,214.59
2666.0,213.02
2667.4,211.39
2668.8,209.59
2670.1,207.8
2671.5,205.9
2672.9,203.84
2674.3,201.88
2675.6,200.07
2677.0,198.48
2678.4,196.89
2679.8,195.09
2681.2,193.22
2682.6,191.31
2684.0,189.35
2685.4,187.31
2686.8,185.3
2688.1,183.22
2689.5,181.13
2690.9,179.08
2692.3,177.05
2693.7,175.11
2695.1,173.25
2696.5,171.34
2697.9,169.39
2699.3,167.45
2700.7,165.6
2702.1,163.79
2703.6,161.92
2705.0,159.98
2706.4,158.13
2707.8,156.36
2709.2,154.66
2710.6,152.86
2712.0,150.91
2713.5,149.03
2714.9,147.29
2716.3,145.55
2717.7,143.77
2719.1,142.05
2720.6,140.34
2722.0,138.57
2723.4,136.8
2724.9,135.07
2726.3,133.29
2727.7,131.51
2729.2,129.8
2730.6,128.1
2732.0,126.48
2733.5,124.96
2734.9,123.49
2736.4,121.94
2737.8,120.43
2739.3,118.95
2740.7,117.54
2742.2,116.21
2743.6,114.81
2745.1,113.43
2746.5,112.05
2748.0,110.79
2749.4,109.67
2750.9,108.49
2752.3,107.33
2753.8,106.26
2755.3,105.24
2756.7,104.18
2758.2,103.2
2759.7,102.38
2761.1,101.54
2762.6,100.77
2764.1,99.98
2765.6,99.15
2767.0,98.39
2768.5,97.7
2770.0,97.03
2771.5,96.32
2772.9,95.77
2774.4,95.34
2775.9,94.81
2777.4,94.33
2778.9,93.86
2780.4,93.44
2781.9,93.06
2783.4,92.66
2784.9,92.25
2786.4,91.8
2787.9,91.34
2789.4,90.87
2790.9,90.44
2792.4,90.02
2793.9,89.65
2795.4,89.17
2796.9,88.63
2798.4,88.2
2799.9,87.77
2801.4,87.28
2802.9,86.74
2804.4,86.32
2806.0,85.88
2807.5,85.43
2809.0,85.13
2810.5,84.77
2812.1,84.29
2813.6,83.84
2815.1,83.59
2816.6,83.33
2818.2,83.0
2819.7,82.7
2821.2,82.45
2822.8,82.17
2824.3,81.95
2825.8,81.66
2827.4,81.32
2828.9,80.96
2830.5,80.67
2832.0,80.34
2833.6,79.95
2835.1,79.55
2836.7,79.2
2838.2,78.84
2839.8,78.44
2841.3,78.08
2842.9,77.73
2844.4,77.33
2846.0,77.05
2847.6,76.8
2849.1,76.54
2850.7,76.21
2852.3,75.85
2853.8,75.53
2855.4,75.31
2857.0,75.11
2858.6,74.86
2860.1,74.65
2861.7,74.46
2863.3,74.25
2864.9,74.06
2866.4,73.9
2868.0,73.68
2869.6,73.42
2871.2,73.24
2872.8,73.16
2874.4,73.01
2876.0,72.93
2877.6,72.95
2879.2,72.88
2880.8,72.65
2882.4,72.48
2884.0,72.46
2885.6,72.43
2887.2,72.38
2888.8,72.37
2890.4,72.39
2892.0,72.41
2893.6,72.42
2895.3,72.42
2896.9,72.36
2898.5,72.31
2900.1,72.28
2901.7,72.25
2903.4,72.29
2905.0,72.35
2906.6,72.28
2908.3,72.32
2909.9,72.38
2911.5,72.42
2913.1,72.46
2914.8,72.4
2916.4,72.37
2918.1,72.39
2919.7,72.51
2921.4,72.52
2923.0,72.49
2924.7,72.5
2926.3,72.54
2928.0,72.58
2929.6,72.61
2931.3,72.58
2932.9,72.58
2934.6,72.66
2936.3,72.78
2937.9,72.81
2939.6,72.78
2941.2,72.78
2942.9,72.77
2944.6,72.78
2946.3,72.86
2947.9,72.99
2949.6,73.14
2951.3,73.21
2953.0,73.25
2954.6,73.27
2956.3,73.29
2958.0,73.3
2959.7,73.39
2961.4,73.46
2963.1,73.58
2964.8,73.68
2966.5,73.71
2968.2,73.79
2969.9,73.87
2971.6,73.93
2973.3,73.97
2975.0,74.02
2976.7,74.08
2978.4,74.19
2980.1,74.27
2981.8,74.34
2983.6,74.4
2985.3,74.4
2987.0,74.5
2988.7,74.66
2990.4,74.69
2992.2,74.66
2993.9,74.67
2995.6,74.8
2997.4,74.99
2999.1,75.02
3000.8,75.08
3002.6,75.12
3004.3,75.19
3006.0,75.33
3007.8,75.39
3009.5,75.31
3011.3,75.28
3013.0,75.42
3014.8,75.67
3016.5,75.73
3018.3,75.69
3020.0,75.72
3021.8,75.74
3023.6,75.83
3025.3,75.96
3027.1,76.03
3028.9,76.09
3030.6,76.11
3032.4,76.25
3034.2,76.38
3036.0,76.34
3037.7,76.4
3039.5,76.51
3041.3,76.55
3043.1,76.58
3044.9,76.59
3046.7,76.63
3048.4,76.64
3050.2,76.7
3052.0,76.84
3053.8,76.92
3055.6,76.97
3057.4,76.99
3059.2,77.08
3061.1,77.2
3062.9,77.3
3064.7,77.33
3066.5,77.34
3068.3,77.43
3070.1,77.45
3071.9,77.39
3073.8,77.41
3075.6,77.58
3077.4,77.66
3079.2,77.6
3081.1,77.71
3082.9,77.81
3084.7,77.87
3086.6,77.85
3088.4,77.8
3090.2,77.86
3092.1,78.06
3093.9,78.23
3095.8,78.28
3097.6,78.36
3099.5,78.43
3101.3,78.57
3103.2,78.67
3105.0,78.72
3106.9,78.72
3108.8,78.75
3110.6,78.85
3112.5,78.95
3114.4,79.08
3116.2,79.21
3118.1,79.28
3120.0,79.24
3121.9,79.27
3123.7,79.52
3125.6,79.72
3127.5,79.79
3129.4,79.77
3131.3,79.83
3133.2,80.01
3135.1,80.1
3137.0,80.13
3138.9,80.25
3140.8,80.45
3142.7,80.59
3144.6,80.71
3146.5,80.84
3148.4,80.95
3150.3,81.12
3152.2,81.26
3154.1,81.39
3156.1,81.51
3158.0,81.59
3159.9,81.67
3161.8,81.81
3163.8,81.95
3165.7,82.03
3167.6,82.2
3169.6,82.37
3171.5,82.49
3173.4,82.66
3175.4,82.77
3177.3,82.88
3179.3,83.05
3181.2,83.29
3183.2,83.41
3185.1,83.48
3187.1,83.48
3189.1,83.56
3191.0,83.81
3193.0,84.01
3194.9,84.23
3196.9,84.29
3198.9,84.31
3200.9,84.55
3202.9,84.68
3204.8,84.79
3206.8,85.01
3208.8,85.11
3210.8,85.25
3212.8,85.43
3214.8,85.54
3216.8,85.7
3218.8,85.83
3220.8,85.96
3222.8,86.2
3224.8,86.42
3226.8,86.5
3228.8,86.63
3230.8,86.9
3232.8,87.16
3234.8,87.31
3236.8,87.39
3238.9,87.49
3240.9,87.67
3242.9,87.88
3244.9,88.09
3247.0,88.16
3249.0,88.35
3251.0,88.57
3253.1,88.74
3255.1,88.84
3257.2,88.93
3259.2,89.18
3261.3,89.38
3263.3,89.56
3265.4,89.74
3267.4,89.86
3269.5,90.07
3271.6,90.38
3273.6,90.55
3275.7,90.69
3277.8,90.91
3279.8,91.05
3281.9,91.17
3284.0,91.43
3286.1,91.66
3288.1,91.77
3290.2,91.92
3292.3,92.2
3294.4,92.52
3296.5,92.68
3298.6,92.77
3300.7,92.96
3302.8,93.29
3304.9,93.55
3307.0,93.57
3309.1,93.78
3311.2,94.06
3313.4,94.27
3315.5,94.56
3317.6,94.74
3319.7,94.91
3321.9,95.1
3324.0,95.34
3326.1,95.57
3328.3,95.79
3330.4,96.0
3332.5,96.19
3334.7,96.48
3336.8,96.68
3339.0,96.85
3341.1,97.08
3343.3,97.27
3345.4,97.45
3347.6,97.75
3349.8,98.09
3351.9,98.25
3354.1,98.42
3356.3,98.68
3358.4,98.89
3360.6,99.1
3362.8,99.35
3365.0,99.67
3367.1,99.87
3369.3,100.06
3371.5,100.28
3373.7,100.51
3375.9,100.81
3378.1,101.07
3380.3,101.27
3382.5,101.58
3384.7,101.81
3386.9,101.99
3389.1,102.23
3391.4,102.49
3393.6,102.75
3395.8,102.97
3398.0,103.25
3400.3,103.51
3402.5,103.68
3404.7,103.94
3407.0,104.35
3409.2,104.56
3411.4,104.69
3413.7,104.96
3415.9,105.23
3418.2,105.59
3420.4,105.97
3422.7,106.3
3425.0,106.48
3427.2,106.72
3429.5,107.09
3431.8,107.31
3434.0,107.54
3436.3,107.88
3438.6,108.2
3440.9,108.48
3443.2,108.7
3445.4,109.13
3447.7,109.53
3450.0,109.78
3452.3,110.03
3454.6,110.37
3456.9,110.61
3459.2,110.87
3461.6,111.17
3463.9,111.37
3466.2,111.6
3468.5,111.88
3470.8,112.21
3473.1,112.46
3475.5,112.73
3477.8,113.03
3480.1,113.28
3482.5,113.63
3484.8,113.89
3487.2,114.16
3489.5,114.51
3491.9,114.82
3494.2,115.1
3496.6,115.35
3498.9,115.64
3501.3,115.96
3503.6,116.32
3506.0,116.46
3508.4,116.67
3510.8,117.14
3513.1,117.53
3515.5,117.78
3517.9,118.15
3520.3,118.53
3522.7,118.89
3525.1,119.13
3527.5,119.4
3529.9,119.66
3532.3,119.89
3534.7,120.15
3537.1,120.57
3539.5,120.85
3541.9,121.02
3544.4,121.32
3546.8,121.68
3549.2,122.09
3551.6,122.37
3554.1,122.62
3556.5,122.87
3559.0,123.17
3561.4,123.49
3563.9,123.84
3566.3,124.18
3568.8,124.47
3571.2,124.77
3573.7,124.96
3576.1,125.22
3578.6,125.66
3581.1,126.0
3583.6,126.25
3586.0,126.5
3588.5,126.74
3591.0,127.01
3593.5,127.33
3596.0,127.66
3598.5,127.85
3601.0,128.12
3603.5,128.42
3606.0,128.74
3608.5,129.04
3611.0,129.32
3613.5,129.58
3616.1,129.86
3618.6,130.17
3621.1,130.48
3623.6,130.78
3626.2,131.05
3628.7,131.34
3631.3,131.65
3633.8,131.9
3636.3,132.14
3638.9,132.4
3641.4,132.68
3644.0,132.95
3646.6,133.24
3649.1,133.51
3651.7,133.78
3654.3,134.0
3656.9,134.27
3659.4,134.53
3662.0,134.81
3664.6,135.11
3667.2,135.41
3669.8,135.71
3672.4,135.98
3675.0,136.19
3677.6,136.38
3680.2,136.61
3682.8,136.85
3685.4,137.08
3688.1,137.33
3690.7,137.59
3693.3,137.83
3695.9,138.09
3698.6,138.36
3701.2,138.6
3703.9,138.76
3706.5,139.0
3709.2,139.22
3711.8,139.41
3714.5,139.63
3717.1,139.85
3719.8,140.05
3722.5,140.27
3725.2,140.48
3727.8,140.68
3730.5,140.85
3733.2,141.02
3735.9,141.21
3738.6,141.4
3741.3,141.6
3744.0,141.78
3746.7,141.94
3749.4,142.15
3752.1,142.37
3754.8,142.5
3757.6,142.64
3760.3,142.81
3763.0,142.95
3765.7,143.09
3768.5,143.23
3771.2,143.35
3774.0,143.47
3776.7,143.63
3779.5,143.79
3782.2,143.89
3785.0,143.99
3787.7,144.11
3790.5,144.21
3793.3,144.33
3796.1,144.47
3798.8,144.55
3801.6,144.66
3804.4,144.74
3807.2,144.8
3810.0,144.9
3812.8,144.94
3815.6,145.0
3818.4,145.07
3821.2,145.11
3824.1,145.18
3826.9,145.22
3829.7,145.27
3832.5,145.27
3835.4,145.26
3838.2,145.32
3841.1,145.37
3843.9,145.37
3846.8,145.38
3849.6,145.41
3852.5,145.41
3855.3,145.41
3858.2,145.4
3861.1,145.38
3863.9,145.35
3866.8,145.37
3869.7,145.4
3872.6,145.36
3875.5,145.31
3878.4,145.29
3881.3,145.22
3884.2,145.17
3887.1,145.15
3890.0,145.12
3893.0,145.05
3895.9,145.01
3898.8,144.99
3901.7,144.9
3904.7,144.81
3907.6,144.8
3910.6,144.75
3913.5,144.7
3916.5,144.64
3919.4,144.54
3922.4,144.46
3925.4,144.38
3928.4,144.32
3931.3,144.26
3934.3,144.21
3937.3,144.11
3940.3,143.99
3943.3,143.94
3946.3,143.89
3949.3,143.81
3952.3,143.73
3955.3,143.68
3958.3,143.61
3961.4,143.51
3964.4,143.43
3967.4,143.4
3970.5,143.36
3973.5,143.28
3976.6,143.23
3979.6,143.18
3982.6,143.09
3985.7,143.02
3988.8,142.95
3991.9,142.88
3994.9,142.79
3998.0,142.69
4001.1,142.64
4004.2,142.62
4007.3,142.61
4010.4,142.56
4013.5,142.5
4016.6,142.43
4019.7,142.38
4022.8,142.37
4025.9,142.39
4029.1,142.35
4032.2,142.29
4035.3,142.24
4038.5,142.24
4041.6,142.22
4044.8,142.18
4047.9,142.15
4051.1,142.14
4054.3,142.13
4057.4,142.11
4060.6,142.07
4063.8,142.07
4067.0,142.07
4070.2,142.05
4073.4,142.06
4076.6,142.06
4079.8,142.04
4083.0,142.01
4086.2,141.99
4089.4,142.01
4092.7,142.01
4095.9,142.01
4099.1,142.08
4102.4,142.12
4105.6,142.09
4108.9,142.07
4112.1,142.03
4115.4,142.08
4118.7,142.12
4122.0,142.13
4125.2,142.13
4128.5,142.14
4131.8,142.13
4135.1,142.16
4138.4,142.15
4141.7,142.17
4145.0,142.2
4148.3,142.24
4151.6,142.26
4155.0,142.3
4158.3,142.32
4161.6,142.31
4165.0,142.33
4168.3,142.37
4171.7,142.39
4175.0,142.41
4178.4,142.47
4181.8,142.51
4185.2,142.52
4188.5,142.55
4191.9,142.56
4195.3,142.6
4198.7,142.66
4202.1,142.71
4205.5,142.74
4208.9,142.74
4212.4,142.76
4215.8,142.77
4219.2,142.76
4222.6,142.8
4226.1,142.82
4229.5,142.83
4233.0,142.84
4236.5,142.83
4239.9,142.82
4243.4,142.85
4246.9,142.85
4250.3,142.83
4253.8,142.8
4257.3,142.71
4260.8,142.66
4264.3,142.65
4267.8,142.62
4271.3,142.59
4274.9,142.55
4278.4,142.49
4281.9,142.42
4285.5,142.36
4289.0,142.27
4292.6,142.21
4296.1,142.12
4299.7,142.03
4303.3,141.96
4306.8,141.93
4310.4,141.88
4314.0,141.8
4317.6,141.69
4321.2,141.6
4324.8,141.54
4328.4,141.45
4332.0,141.32
4335.6,141.19
4339.3,141.12
4342.9,141.07
4346.5,141.0
4350.2,140.91
4353.8,140.79
4357.5,140.69
4361.1,140.63
4364.8,140.55
4368.5,140.47
4372.2,140.41
4375.9,140.33
4379.6,140.26
4383.3,140.14
4387.0,140.04
4390.7,139.99
4394.4,139.93
4398.1,139.86
4401.9,139.8
4405.6,139.72
4409.4,139.67
4413.1,139.62
4416.9,139.58
4420.6,139.57
4424.4,139.55
4428.2,139.52
4432.0,139.45
4435.8,139.4
4439.6,139.34
4443.4,139.27
4447.2,139.22
4451.0,139.19
4454.8,139.11
4458.6,139.02
4462.5,138.99
4466.3,138.92
4470.2,138.83
4474.0,138.76
4477.9,138.7
4481.8,138.61
4485.6,138.52
4489.5,138.41
4493.4,138.32
4497.3,138.22
4501.2,138.09
4505.1,137.96
4509.0,137.81
4513.0,137.65
4516.9,137.53
4520.9,137.43
4524.8,137.26
4528.7,137.08
4532.7,136.9
4536.7,136.69
4540.6,136.53
4544.6,136.33
4548.6,136.09
4552.6,135.86
4556.6,135.64
4560.6,135.4
4564.6,135.11
4568.6,134.83
4572.7,134.59
4576.7,134.3
4580.8,134.07
4584.8,133.79
4588.9,133.49
4592.9,133.23
4597.0,132.95
4601.1,132.63
4605.2,132.31
4609.3,131.98
4613.4,131.64
4617.5,131.29
4621.6,130.96
4625.7,130.64
4629.8,130.27
4634.0,129.93
4638.1,129.63
4642.3,129.29
4646.4,128.96
4650.6,128.59
4654.8,128.22
4659.0,127.87
4663.1,127.47
4667.3,127.06
4671.5,126.73
4675.8,126.37
4680.0,125.94
4684.2,125.47
4688.4,125.05
4692.7,124.65
4696.9,124.24
4701.2,123.77
4705.5,123.27
4709.7,122.77
4714.0,122.28
4718.3,121.73
4722.6,121.2
4726.9,120.69
4731.2,120.18
4735.5,119.64
4739.9,119.05
4744.2,118.44
4748.5,117.9
4752.9,117.4
4757.3,116.92
4761.6,116.46
4766.0,116.04
4770.4,115.64
4774.8,115.26
4779.2,114.93
4783.6,114.65
4788.0,114.35
4792.4,114.01
4796.9,113.72
4801.3,113.45
4805.8,113.12
4810.2,112.79
4814.7,112.44
4819.1,112.08
4823.6,111.7
4828.1,111.25
4832.6,110.8
4837.1,110.37
4841.6,109.9
4846.2,109.44
4850.7,108.99
4855.3,108.5
4859.8,108.03
4864.4,107.56
4868.9,107.03
4873.5,106.52
4878.1,106.01
4882.7,105.53
4887.3,105.04
4891.9,104.57
4896.5,104.1
4901.1,103.61
4905.8,103.15
4910.4,102.7
4915.1,102.24
4919.7,101.74
4924.4,101.28
4929.1,100.86
4933.8,100.41
4938.5,99.94
4943.2,99.47
4947.9,99.0
4952.6,98.51
4957.4,98.05
4962.1,97.52
4966.9,97.04
4971.6,96.6
4976.4,96.11
4981.2,95.65
4986.0,95.18
4990.8,94.75
4995.6,94.32
5000.4,93.89
5005.2,93.49
5010.0,93.04
5014.9,92.64
5019.8,92.28
5024.6,91.93
5029.5,91.59
5034.4,91.24
5039.3,90.9
5044.2,90.57
5049.1,90.24
5054.0,89.93
5058.9,89.63
5063.9,89.33
5068.8,89.08
5073.8,88.83
5078.8,88.56
5083.7,88.32
5088.7,88.06
5093.7,87.83
5098.7,87.62
5103.7,87.43
5108.8,87.17
5113.8,86.9
5118.9,86.65
5123.9,86.4
5129.0,86.15
5134.1,85.84
5139.1,85.51
5144.3,85.18
5149.4,84.88
5154.5,84.61
5159.6,84.31
5164.7,83.96
5169.9,83.55
5175.0,83.18
5180.2,82.8
5185.4,82.44
5190.6,82.09
5195.8,81.69
5201.0,81.27
5206.2,80.91
5211.5,80.56
5216.7,80.2
5222.0,79.8
5227.2,79.42
5232.5,79.07
5237.8,78.75
5243.1,78.37
5248.4,78.06
5253.7,77.83
5259.0,77.62
5264.4,77.37
5269.7,77.15
5275.1,76.98
5280.5,76.83
5285.8,76.66
5291.2,76.59
5296.6,76.56
5302.0,76.55
5307.5,76.59
5312.9,76.69
5318.4,76.8
5323.8,76.96
5329.3,77.17
5334.8,77.38
5340.3,77.56
5345.8,77.8
5351.3,78.07
5356.8,78.27
5362.4,78.42
5367.9,78.57
5373.5,78.72
5379.0,78.84
5384.6,78.93
5390.2,79.01
5395.8,79.06
5401.5,79.11
5407.1,79.17
5412.7,79.26
5418.4,79.37
5424.1,79.5
5429.7,79.58
5435.4,79.71
5441.1,79.89
5446.8,80.04
5452.6,80.2
5458.3,80.39
5464.1,80.59
5469.8,80.76
5475.6,80.89
5481.4,81.04
5487.2,81.17
5493.0,81.29
5498.8,81.39
5504.7,81.46
5510.5,81.45
5516.4,81.43
5522.3,81.43
5528.1,81.38
5534.0,81.25
5540.0,81.1
5545.9,80.91
5551.8,80.65
5557.8,80.34
5563.7,79.99
5569.7,79.64
5575.7,79.34
5581.7,79.01
5587.7,78.58
5593.7,78.14
5599.8,77.77
5605.8,77.38
5611.9,77.0
5618.0,76.73
5624.1,76.42
5630.2,76.12
5636.3,75.91
5642.4,75.76
5648.6,75.52
5654.7,75.26
5660.9,75.07
5667.1,74.87
5673.3,74.69
5679.5,74.41
5685.7,74.15
5692.0,73.94
5698.2,73.71
5704.5,73.49
5710.8,73.28
5717.1,72.93
5723.4,72.58
5729.7,72.24
5736.0,71.89
5742.4,71.48
5748.8,71.05
5755.1,70.57
5761.5,70.16
5768.0,69.78
5774.4,69.2
5780.8,68.61
5787.3,68.09
5793.7,67.58
5800.2,67.05
5806.7,66.5
5813.2,66.0
5819.8,65.59
5826.3,65.11
5832.8,64.49
5839.4,63.91
5846.0,63.27
5852.6,62.62
5859.2,61.98
5865.8,61.32
5872.5,60.6
5879.1,59.96
5885.8,59.23
5892.5,58.42
5899.2,57.61
5905.9,56.74
5912.6,55.91
5919.4,55.15
5926.2,54.42
5932.9,53.77
5939.7,53.05
5946.5,52.29
5953.4,51.69
5960.2,51.17
5967.1,50.69
5974.0,50.22
5980.8,49.74
5987.8,49.36
5994.7,48.98
6001.6,48.59
6008.6,48.26
6015.5,47.97
6022.5,47.65
6029.5,47.29
6036.5,47.04
6043.6,46.88
6050.6,46.72
6057.7,46.39
6064.8,46.05
6071.9,45.85
6079.0,45.61
6086.1,45.33
6093.3,45.05
6100.5,44.83
6107.6,44.69
6114.8,44.64
6122.1,44.48
6129.3,44.33
6136.5,44.22
6143.8,44.18
6151.1,44.16
6158.4,44.16
6165.7,44.2
6173.1,44.32
6180.4,44.54
6187.8,44.81
6195.2,44.99
6202.6,45.21
6210.0,45.48
6217.5,45.74
6225.0,45.95
6232.4,46.13
6239.9,46.32
6247.5,46.46
6255.0,46.56
6262.5,46.69
6270.1,46.83
6277.7,46.94
6285.3,47.0
6292.9,47.14
6300.6,47.31
6308.3,47.5
6315.9,47.69
6323.6,47.87
6331.4,48.1
6339.1,48.37
6346.9,48.68
6354.6,48.88
6362.4,49.08
6370.3,49.33
6378.1,49.5
6385.9,49.62
6393.8,49.76
6401.7,49.88
6409.6,50.02
6417.6,50.12
6425.5,50.07
6433.5,49.99
6441.5,49.95
6449.5,49.91
6457.5,49.83
6465.6,49.78
6473.6,49.75
6481.7,49.68
6489.8,49.63
6498.0,49.52
6506.1,49.25
6514.3,49.05
6522.5,48.96
6530.7,48.82
6539.0,48.68
6547.2,48.62
6555.5,48.6
6563.8,48.51
6572.1,48.5
6580.4,48.53
6588.8,48.51
6597.2,48.5
6605.6,48.48
6614.0,48.52
6622.5,48.55
6630.9,48.56
6639.4,48.61
6647.9,48.57
6656.5,48.48
6665.0,48.46
6673.6,48.4
6682.2,48.34
6690.8,48.25
6699.5,48.19
6708.1,48.21
6716.8,48.2
6725.5,48.11
6734.3,48.03
6743.0,47.98
6751.8,47.93
6760.6,47.87
6769.4,47.76
6778.3,47.62
6787.1,47.47
6796.0,47.36
6805.0,47.28
6813.9,47.17
6822.9,47.01
6831.9,46.87
6840.9,46.8
6849.9,46.75
6859.0,46.74
6868.0,46.66
6877.2,46.43
6886.3,46.31
6895.5,46.21
6904.6,46.05
6913.8,45.9
6923.1,45.71
6932.3,45.5
6941.6,45.3
6950.9,45.17
6960.2,45.09
6969.6,44.91
6979.0,44.69
6988.4,44.48
6997.8,44.31
7007.3,44.2
7016.8,44.09
7026.3,43.9
7035.8,43.68
7045.4,43.53
7054.9,43.34
7064.5,43.18
7074.2,43.0
7083.9,42.78
7093.5,42.55
7103.3,42.34
7113.0,42.15
7122.8,41.92
7132.6,41.71
7142.4,41.55
7152.2,41.37
7162.1,41.13
7172.0,40.88
7182.0,40.67
7191.9,40.48
7201.9,40.25
7211.9,40.0
7222.0,39.77
7232.0,39.54
7242.1,39.3
7252.3,39.03
7262.4,38.77
7272.6,38.52
7282.8,38.26
7293.1,38.0
7303.3,37.71
7313.6,37.4
7324.0,37.13
7334.3,36.87
7344.7,36.58
7355.1,36.27
7365.6,36.0
7376.1,35.66
7386.6,35.29
7397.1,34.99
7407.7,34.74
7418.3,34.43
7428.9,34.14
7439.6,33.86
7450.2,33.58
7461.0,33.3
7471.7,33.01
7482.5,32.72
7493.3,32.42
7504.1,32.16
7515.0,31.88
7525.9,31.62
7536.9,31.45
7547.9,31.27
7558.9,30.99
7569.9,30.74
7581.0,30.58
7592.0,30.37
7603.2,30.15
7614.4,29.99
7625.5,29.84
7636.8,29.7
7648.0,29.56
7659.3,29.41
7670.7,29.26
7682.0,29.16
7693.4,29.01
7704.9,28.82
7716.3,28.68
7727.8,28.54
7739.4,28.37
7750.9,28.22
7762.5,28.11
7774.2,27.95
7785.8,27.8
7797.5,27.65
7809.3,27.5
7821.1,27.37
7832.9,27.2
7844.7,26.97
7856.6,26.81
7868.5,26.64
7880.5,26.42
7892.5,26.15
7904.5,25.91
7916.6,25.64
7928.7,25.38
7940.8,25.11
7953.0,24.87
7965.2,24.6
7977.5,24.29
7989.8,23.99
8002.1,23.81
8014.5,23.66
8026.9,23.47
8039.3,23.33
8051.8,23.28
8064.3,23.24
8076.9,23.2
8089.5,23.24
8102.1,23.35
8114.8,23.46
8127.5,23.66
8140.3,23.96
8153.1,24.29
8165.9,24.72
8178.8,25.24
8191.7,25.86
8204.7,26.5
8217.7,27.25
8230.7,28.22
8243.8,29.24
8257.0,30.39
8270.1,31.63
8283.3,32.86
8296.6,34.15
8309.9,35.46
8323.2,36.69
8336.6,37.73
8350.0,38.7
8363.5,39.66
8377.0,40.56
8390.5,41.47
8404.2,42.52
8417.8,43.63
8431.5,44.8
8445.2,45.97
8459.0,47.01
8472.8,47.94
8486.7,48.75
8500.6,49.48
8514.5,50.21
8528.5,50.98
8542.6,51.66
8556.7,52.32
8570.8,52.96
8585.0,53.52
8599.3,53.98
8613.5,54.38
8627.9,54.82
8642.3,55.39
8656.7,56.06
8671.2,56.77
8685.7,57.49
8700.3,58.24
8714.9,59.12
8729.5,60.15
8744.3,61.39
8759.0,62.78
8773.9,64.24
8788.7,65.78
8803.7,67.55
8818.6,69.45
8833.7,71.31
8848.7,73.17
8863.8,75.0
8879.0,76.72
8894.3,78.26
8909.5,79.65
8924.9,81.06
8940.3,82.61
8955.7,84.42
8971.2,86.29
8986.8,87.93
9002.3,89.12
9018.0,89.92
9033.7,90.32
9049.5,90.38
9065.3,90.22
9081.2,89.94
9097.1,89.54
9113.1,88.98
9129.1,88.34
9145.2,87.68
9161.4,87.03
9177.6,86.42
9193.9,85.89
9210.2,85.45
9226.6,84.99
9243.0,84.49
9259.5,84.06
9276.1,83.69
9292.7,83.31
9309.4,82.96
9326.2,82.57
9343.0,82.1
9359.8,81.56
9376.8,81.0
9393.8,80.58
9410.8,80.35
9427.9,80.42
9445.1,80.9
9462.3,81.63
9479.6,82.49
9497.0,83.54
9514.4,84.82
9531.9,86.1
9549.4,87.29
9567.0,88.44
9584.7,89.46
9602.5,90.35
9620.3,91.1
9638.2,91.68
9656.1,92.1
9674.2,92.38
9692.2,92.48
9710.4,92.31
9728.6,91.84
9746.9,91.3
9765.2,90.75
9783.7,90.0
9802.2,89.13
9820.7,88.18
9839.4,87.21
9858.1,86.35
9876.8,85.49
9895.7,84.65
9914.6,83.98
9933.6,83.42
9952.7,82.99
9971.8,82.64
9991.0,82.32
10010.3,82.16
10029.7,82.11
10049.1,82.05
10068.6,82.06
10088.2,82.1
10107.9,82.08
10127.6,81.67
10147.5,81.0
10167.3,80.24
10187.3,79.52
10207.4,79.06
10227.5,78.86
10247.7,79.16
10268.0,79.92
10288.4,81.01
10308.8,82.35
10329.4,83.87
10350.0,85.55
10370.7,87.29
10391.5,88.96
10412.3,90.33
10433.3,91.27
10454.3,91.64
10475.4,91.56
10496.7,91.16
10517.9,90.68
10539.3,90.24
10560.8,89.97
10582.3,90.08
10604.0,90.49
10625.7,91.01
10647.5,91.49
10669.4,91.8
10691.4,91.97
10713.5,91.81
10735.7,91.27
10758.0,90.49
10780.3,89.38
10802.8,88.17
10825.4,86.99
10848.0,85.62
10870.8,84.23
10893.6,82.9
10916.5,81.52
10939.5,80.29
10962.7,79.62
10985.9,79.76
11009.2,80.99
11032.7,83.14
11056.2,85.55
11079.8,87.63
11103.5,89.16
11127.4,90.15
11151.3,90.78
11175.3,91.14
11199.5,91.23
11223.7,90.87
11248.0,90.36
11272.5,89.74
11297.1,88.8
11321.7,87.54
11346.5,86.18
11371.4,84.76
11396.4,83.24
11421.5,81.71
11446.7,80.22
11472.0,78.55
11497.5,76.84
11523.0,75.17
11548.7,73.52
11574.4,71.83
11600.3,70.43
11626.3,69.14
11652.5,67.97
11678.7,66.85
11705.1,65.72
11731.6,64.59
11758.2,63.55
11784.9,62.61
11811.7,61.69
11838.7,60.75
11865.8,59.92
11893.0,59.34
11920.3,58.77
11947.8,58.14
11975.4,57.57
12003.1,56.95
12031.0,56.15
12059.0,55.39
12087.1,54.79
12115.3,54.22
12143.7,53.63
12172.2,53.01
12200.8,52.36
12229.6,51.78
12258.5,51.15
12287.6,50.52
12316.8,49.89
12346.1,49.16
12375.5,48.45
12405.2,47.89
12434.9,47.28
12464.8,46.58
12494.8,45.91
12525.0,45.34
12555.3,44.89
12585.8,44.36
12616.4,43.79
12647.2,43.28
12678.1,42.66
12709.2,42.0
12740.4,41.37
12771.8,40.96
12803.3,40.66
12835.0,40.33
12866.9,40.02
12898.9,39.83
12931.1,39.78
12963.4,39.64
12995.9,39.36
13028.5,39.17
13061.3,38.92
13094.3,38.81
13127.5,38.79
13160.8,38.84
13194.3,38.94
13228.0,38.8
13261.8,38.44
13295.8,37.92
13330.0,37.28
13364.3,36.69
13398.8,36.16
13433.6,35.54
13468.5,35.05
13503.5,34.75
13538.8,34.81
13574.2,35.16
13609.9,35.65
13645.7,36.31
13681.7,36.93
13717.9,37.34
13754.3,37.56
13790.8,37.6
13827.6,37.39
13864.6,36.98
13901.8,36.31
13939.2,35.57
13976.7,34.96
14014.5,34.3
14052.5,33.56
14090.7,32.84
14129.0,32.41
14167.6,31.98
14206.5,31.42
14245.5,31.09
14284.7,30.72
14324.2,30.24
14363.9,29.96
14403.8,29.73
14443.9,29.52
14484.3,29.44
14524.8,29.44
14565.6,29.4
14606.7,29.45
14647.9,29.49
14689.4,29.48
14731.2,29.39
14773.1,29.53
14815.3,29.98
14857.8,30.52
14900.5,30.93
14943.4,31.15
14986.6,31.29
15030.0,31.12
15073.7,30.72
15117.7,30.34
15161.9,29.99
15206.3,29.97
15251.1,30.7
15296.1,31.94
15341.3,33.89
15386.8,36.74
15432.6,39.86
15478.7,42.96
15525.0,45.93
15571.7,48.4
15618.6,50.42
15665.8,51.91
15713.2,52.85
15761.0,53.38
15809.0,53.89
15857.4,54.14
15906.0,54.19
15955.0,54.38
16004.2,54.33
16053.8,53.6
16103.6,52.6
16153.8,51.49
16204.3,50.54
16255.1,50.39
16306.2,51.19
16357.6,52.8
16409.4,54.98
16461.5,57.67
16513.9,60.32
16566.7,62.48
16619.8,64.14
16673.2,65.51
16727.0,66.56
16781.1,67.89
16835.6,69.18
16890.5,70.17
16945.7,71.28
17001.2,71.78
17057.2,71.93
17113.4,72.33
17170.1,72.63
17227.2,73.02
17284.6,73.97
17342.4,75.29
17400.6,76.87
17459.2,78.99
17518.2,81.1
17577.5,82.58
17637.3,83.63
17697.5,84.34
17758.1,84.75
17819.2,85.03
17880.6,85.14
17942.5,85.41
18004.8,85.85
18067.5,86.46
18130.7,87.03
18194.3,87.57
18258.4,88.57
18322.9,90.17
18387.9,91.76
18453.3,93.04
18519.2,94.19
18585.6,94.98
18652.4,95.52
18719.8,95.69
18787.6,95.79
18855.9,96.36
18924.7,97.06
18994.1,98.1
19063.9,99.32
19134.2,100.39
19205.1,101.65
19276.5,103.1
19348.4,104.6
19420.9,105.97
19493.9,106.73
19567.5,107.17
19641.6,106.81
19716.3,106.26
19791.6,105.46
19867.4,104.76
19943.8,103.93
20020.8,102.77
20098.4,102.07
20176.6,100.9
20255.4,99.71
20334.9,99.19
20414.9,98.83
20495.6,98.55
20576.9,98.4
20658.9,97.52
20741.6,95.85
20824.8,94.22
20908.8,92.95
20993.5,91.54
21078.8,90.06
21164.8,89.27
21251.6,88.54
21339.1,87.99
21427.2,87.1
21516.1,84.99
21605.8,82.15
21696.2,79.95
21787.3,77.82
21879.3,76.16
21972.0,74.3
22065.5,72.69
22159.8,71.71
22254.9,70.7
22350.8,69.22
22447.6,68.28
22545.2,68.23
22643.6,68.37
22742.9,68.43
22843.1,69.72
22944.2,71.95
23046.2,73.96
23149.1,75.6
23252.9,76.4
23357.6,76.87
23463.3,77.0
23569.9,76.81
23677.6,77.15
23786.2,77.2
23895.8,77.02
24006.4,77.32
24118.1,78.28
24230.8,79.22
24344.5,79.79
24459.3,80.82
24575.3,82.22
24692.3,83.06
24810.4,84.13
24929.7,85.9
25050.1,87.89
25171.7,90.02
25294.5,92.64
25418.5,95.0
25543.7,95.99
25670.2,96.78
25797.9,97.68
25926.9,98.14
26057.2,98.62
26188.8,98.97
26321.7,98.91
26456.0,98.09
26591.7,96.99
26728.8,95.69
26867.2,94.42
27007.2,92.43
27148.6,90.45
27291.5,88.2
27435.9,85.84
27581.8,83.38
27729.3,82.01
27878.4,81.52
28029.1,80.83
28181.4,80.61
28335.4,81.57
28491.1,83.35
28648.5,85.15
28807.7,87.28
28968.6,88.97
29131.3,90.9
29295.9,92.43
29462.4,93.74
29630.7,94.73
29801.0,95.69
29973.3,95.78
30147.5,95.33
30323.8,95.24
30502.2,94.58
30682.7,93.59
30865.3,93.25
31050.2,93.26
31237.2,92.76
31426.5,91.61
31618.2,91.04
31812.1,90.92
32008.5,91.13
32207.3,90.29
32408.6,90.93
32612.4,92.79
32818.8,92.23
33027.9,91.34
33239.6,89.99
33454.1,88.26
33671.3,87.3
33891.4,86.51
34114.3,85.62
34340.3,85.68
34569.2,86.19
34801.2,86.27
35036.3,85.11
35274.7,84.01
35516.3,84.32
35761.2,83.45
36009.6,82.21
36261.4,81.39
36516.7,81.61
36775.7,80.12
37038.4,78.31
37304.9,77.86
37575.2,77.05
37849.5,77.14
38127.8,76.92
38410.2,76.19
38696.8,76.03
38987.8,77.56
39283.2,79.3
39583.0,79.04
39887.5,81.01
40196.7,83.08
40510.8,85.78
40829.7,90.34
41153.8,92.43
41483.0,94.48
41817.6,96.32
42157.5,97.23
42503.1,98.47
42854.4,98.42
43211.5,98.24
43574.6,96.17
43943.9,94.81
44319.5,97.21
44701.5,100.1
45090.2,99.18
45485.8,94.24
45888.3,90.7
46298.0,90.86
46715.1,91.41
47139.8,91.73
47572.3,92.39
48012.8,92.77
48461.5,94.62
48918.6,96.01
49384.6,94.62
49859.4,92.01
50343.5,92.52
50837.0,94.39
51340.4,98.13
51853.8,97.83
52377.6,97.47
52912.0,97.87
53457.5,98.26
54014.4,101.87
54582.9,105.37
55163.6,101.51
55756.8,98.25
56362.8,102.42
56982.2,103.35
57615.3,104.9
58262.7,110.94
58924.7,108.54
59602.0,103.85
60295.1,105.25
61004.4,108.39
61730.7,108.6
62474.4,101.45
63236.3,98.18
64017.0,102.06
64817.2,107.09
65637.7,116.62
66479.2,124.66
67342.6,118.64
68228.6,118.07
69138.4,120.09
70072.7,121.3
71032.6,122.31
72019.1,113.47
73033.5,116.44
74076.8,124.96
75150.4,123.46
76255.5,121.0
77393.7,119.54
78566.3,121.9
79775.0,127.44
81021.5,132.5
82307.6,132.23
83635.1,128.01
85006.2,127.54
86423.0,133.12
87887.8,136.76
89403.0,132.35
90971.5,132.74
92596.0,140.76
94279.6,129.64
96025.5,115.62
97837.3,129.4
99718.8,151.49
