Composition,
Date Added,2017-05-08
Formula,
Grain Size Description,<0.0um
Grain Size,0.0 - 0.0
Locality,
Minimum Wavelength,833
Sample Name,ALH 83100 IOM fine powder
Maximum Wavelength,25050
Database of Origin,ReLab
Other Information,
References,
Resolution,4.0
Material Class,Biological
Sample Description,On loan from Conel M. O'D. Alexander
Sample ID,BIR1HK010A
Original Sample ID,HK-REM-010-A
Viewing Geometry,
Wavelength,Response
833.3,12.94
833.5,13.24
833.6,13.31
833.7,13.73
833.9,13.62
834.0,14.22
834.1,14.4
834.3,14.67
834.4,14.14
834.5,13.52
834.7,13.01
834.8,13.08
835.0,12.82
835.1,13.05
835.2,13.94
835.3,14.41
835.5,13.39
835.6,13.47
835.8,15.44
835.9,15.15
836.0,14.34
836.2,13.9
836.3,14.05
836.4,14.13
836.6,13.54
836.7,12.27
836.8,12.49
837.0,13.57
837.1,13.7
837.2,14.09
837.4,13.91
837.5,12.15
837.6,11.26
837.8,12.2
837.9,12.64
838.0,13.07
838.2,13.66
838.3,14.04
838.5,14.72
838.6,14.67
838.7,14.37
838.9,14.92
839.0,14.77
839.1,13.5
839.3,12.95
839.4,12.42
839.5,13.22
839.7,14.13
839.8,14.12
840.0,13.29
840.1,12.97
840.2,14.52
840.4,14.92
840.5,13.18
840.6,12.78
840.8,13.95
840.9,14.55
841.0,14.2
841.2,13.15
841.3,12.36
841.5,14.02
841.6,15.96
841.7,16.0
841.9,14.99
842.0,14.26
842.1,14.78
842.3,13.98
842.4,13.07
842.5,13.37
842.7,14.09
842.8,14.19
843.0,12.42
843.1,12.25
843.2,13.11
843.4,13.18
843.5,13.49
843.6,13.42
843.8,12.98
843.9,13.91
844.0,14.66
844.2,14.33
844.3,14.82
844.5,13.84
844.6,12.07
844.7,12.69
844.9,13.49
845.0,13.07
845.2,13.6
845.3,14.21
845.4,14.17
845.6,14.57
845.7,14.25
845.8,13.94
846.0,13.86
846.1,13.68
846.3,13.98
846.4,14.7
846.5,14.33
846.7,14.23
846.8,14.87
847.0,14.89
847.1,13.53
847.2,14.29
847.4,15.46
847.5,15.6
847.6,14.36
847.8,13.1
847.9,12.98
848.1,12.9
848.2,14.09
848.3,14.32
848.5,13.17
848.6,13.27
848.8,13.22
848.9,12.29
849.0,11.9
849.2,12.4
849.3,12.98
849.5,12.56
849.6,12.96
849.7,13.26
849.9,13.31
850.0,14.06
850.1,14.68
850.3,15.22
850.4,15.03
850.6,14.31
850.7,13.91
850.8,14.17
851.0,13.53
851.1,13.91
851.3,14.43
851.4,13.96
851.5,12.93
851.7,13.27
851.8,14.32
852.0,14.11
852.1,14.1
852.2,12.51
852.4,11.25
852.5,12.1
852.7,13.34
852.8,13.91
852.9,13.69
853.1,13.54
853.2,14.42
853.4,14.1
853.5,13.64
853.6,14.79
853.8,15.1
853.9,14.73
854.1,15.08
854.2,14.27
854.3,13.34
854.5,13.21
854.6,13.64
854.8,13.3
854.9,13.07
855.0,13.64
855.2,13.91
855.3,13.86
855.5,14.0
855.6,13.2
855.8,13.48
855.9,14.59
856.0,15.15
856.2,13.97
856.3,13.2
856.5,13.5
856.6,13.09
856.8,13.29
856.9,13.57
857.0,13.88
857.2,14.41
857.3,13.53
857.5,13.15
857.6,14.41
857.7,13.85
857.9,13.15
858.0,13.43
858.2,13.11
858.3,14.3
858.5,14.72
858.6,14.08
858.7,14.31
858.9,15.0
859.0,14.45
859.2,13.0
859.3,12.51
859.4,13.87
859.6,13.47
859.7,13.2
859.9,13.14
860.0,13.51
860.2,13.93
860.3,13.4
860.4,12.79
860.6,12.63
860.7,13.57
860.9,15.09
861.0,13.95
861.2,13.63
861.3,14.42
861.4,14.71
861.6,15.16
861.7,14.53
861.9,14.12
862.0,15.06
862.2,15.85
862.3,14.97
862.5,13.13
862.6,12.89
862.7,14.12
862.9,14.72
863.0,15.15
863.2,14.96
863.3,13.48
863.5,13.41
863.6,14.57
863.7,14.5
863.9,14.33
864.0,14.36
864.2,13.3
864.3,12.38
864.5,13.03
864.6,13.91
864.8,13.15
864.9,12.8
865.0,13.05
865.2,13.11
865.3,12.86
865.5,13.77
865.6,14.24
865.8,12.89
865.9,13.31
866.0,13.65
866.2,13.34
866.3,13.79
866.5,14.17
866.6,13.5
866.8,13.79
866.9,13.95
867.1,13.79
867.2,14.54
867.3,15.09
867.5,14.42
867.6,13.96
867.8,14.04
867.9,13.58
868.1,13.21
868.2,13.21
868.4,13.07
868.5,13.35
868.7,13.68
868.8,14.31
869.0,14.34
869.1,13.54
869.2,13.28
869.4,13.22
869.5,13.87
869.7,13.4
869.8,12.83
870.0,13.08
870.1,13.3
870.3,13.48
870.4,13.49
870.6,13.86
870.7,14.32
870.8,13.4
871.0,12.69
871.1,12.81
871.3,13.07
871.4,13.74
871.6,13.97
871.7,13.48
871.9,13.35
872.0,14.32
872.2,13.88
872.3,13.35
872.5,14.19
872.6,14.24
872.8,13.52
872.9,12.89
873.0,12.6
873.2,12.63
873.3,13.13
873.5,14.02
873.6,13.87
873.8,13.73
873.9,13.11
874.1,13.23
874.2,13.45
874.4,12.18
874.5,11.93
874.7,12.64
874.8,13.08
875.0,12.89
875.1,13.1
875.3,13.37
875.4,13.55
875.5,12.71
875.7,12.81
875.8,13.89
876.0,14.55
876.2,13.44
876.3,13.13
876.4,14.58
876.6,14.66
876.7,13.88
876.9,13.52
877.0,14.2
877.2,14.72
877.3,14.07
877.5,13.48
877.6,13.02
877.8,13.66
877.9,13.67
878.1,12.99
878.2,13.32
878.4,13.64
878.5,13.23
878.7,13.09
878.8,12.88
879.0,12.99
879.1,12.66
879.3,12.17
879.4,12.04
879.6,12.61
879.7,13.1
879.9,12.87
880.0,12.71
880.2,13.69
880.3,13.59
880.5,13.46
880.6,13.75
880.8,13.12
880.9,12.34
881.1,11.79
881.2,12.4
881.4,13.78
881.5,13.96
881.7,13.47
881.8,13.44
882.0,12.92
882.1,12.04
882.3,12.15
882.4,12.62
882.6,13.17
882.7,12.88
882.9,13.05
883.0,13.66
883.2,14.12
883.3,13.59
883.5,13.21
883.6,13.43
883.8,13.41
883.9,13.59
884.1,13.08
884.2,12.88
884.4,13.29
884.5,13.38
884.7,13.04
884.8,12.99
885.0,12.92
885.1,12.54
885.3,12.35
885.4,12.74
885.6,13.35
885.7,12.82
885.9,12.14
886.0,12.49
886.2,13.12
886.3,13.4
886.5,13.88
886.6,14.08
886.8,13.6
886.9,12.61
887.1,12.6
887.2,12.72
887.4,12.73
887.5,12.77
887.7,12.5
887.8,12.4
888.0,12.39
888.2,12.85
888.3,12.95
888.5,12.47
888.6,12.54
888.8,12.56
888.9,13.02
889.1,13.42
889.2,13.62
889.4,13.24
889.5,13.56
889.7,13.88
889.8,13.36
890.0,13.04
890.1,13.15
890.3,13.26
890.4,13.65
890.6,14.06
890.8,13.69
890.9,12.78
891.0,12.33
891.2,12.54
891.4,13.03
891.5,12.91
891.7,13.15
891.8,13.5
892.0,13.26
892.1,13.28
892.3,13.1
892.4,13.11
892.6,13.18
892.7,13.18
892.9,13.37
893.0,13.4
893.2,13.54
893.4,13.14
893.5,13.03
893.7,13.7
893.8,13.35
894.0,12.62
894.1,12.66
894.3,12.36
894.4,11.77
894.6,12.36
894.7,12.94
894.9,12.21
895.0,11.72
895.2,11.87
895.4,12.56
895.5,12.64
895.7,12.55
895.8,12.57
896.0,12.62
896.1,12.8
896.3,12.81
896.4,12.13
896.6,11.7
896.8,11.84
896.9,12.26
897.1,12.34
897.2,12.48
897.4,13.31
897.5,13.33
897.7,12.53
897.8,12.3
898.0,12.84
898.2,13.43
898.3,13.62
898.5,13.18
898.6,12.82
898.8,12.68
898.9,12.85
899.1,12.87
899.2,12.67
899.4,12.53
899.6,12.61
899.7,13.18
899.9,13.39
900.0,12.83
900.2,12.47
900.3,12.56
900.5,12.24
900.7,12.38
900.8,12.67
901.0,13.13
901.1,13.3
901.3,13.14
901.4,12.85
901.6,12.37
901.8,11.76
901.9,11.38
902.1,11.64
902.2,12.2
902.4,12.65
902.5,12.36
902.7,12.02
902.8,12.73
903.0,13.33
903.2,12.73
903.3,12.34
903.5,12.5
903.6,12.63
903.8,12.58
904.0,12.5
904.1,12.5
904.3,11.95
904.4,11.98
904.6,12.13
904.7,12.2
904.9,12.23
905.0,12.61
905.2,12.67
905.4,12.33
905.5,12.0
905.7,12.12
905.8,12.5
906.0,12.77
906.2,13.18
906.3,13.35
906.5,13.07
906.6,12.32
906.8,12.23
907.0,12.58
907.1,12.61
907.3,12.76
907.4,12.5
907.6,12.13
907.7,12.35
907.9,12.11
908.1,11.77
908.2,12.2
908.4,12.49
908.5,12.55
908.7,12.25
908.9,11.87
909.0,11.73
909.2,11.83
909.3,12.3
909.5,12.43
909.7,12.29
909.8,12.38
910.0,12.21
910.1,11.89
910.3,11.75
910.5,12.02
910.6,12.58
910.8,12.72
910.9,12.73
911.1,12.49
911.3,11.89
911.4,11.94
911.6,12.45
911.7,12.16
911.9,12.19
912.1,12.48
912.2,12.68
912.4,12.53
912.5,12.25
912.7,12.19
912.9,11.75
913.0,11.64
913.2,11.91
913.3,12.37
913.5,12.74
913.7,12.46
913.8,11.89
914.0,11.86
914.2,12.02
914.3,12.31
914.5,12.36
914.6,12.39
914.8,12.59
915.0,12.81
915.1,12.45
915.3,12.2
915.4,12.23
915.6,11.95
915.8,11.98
915.9,12.09
916.1,12.01
916.3,12.05
916.4,12.27
916.6,12.77
916.7,12.65
916.9,12.46
917.1,12.49
917.2,12.35
917.4,12.21
917.5,12.2
917.7,12.26
917.9,12.65
918.0,12.85
918.2,12.3
918.4,11.82
918.5,11.77
918.7,11.78
918.8,11.86
919.0,11.83
919.2,11.74
919.3,11.98
919.5,12.28
919.7,12.08
919.8,12.04
920.0,11.94
920.2,11.71
920.3,11.78
920.5,12.0
920.6,12.23
920.8,12.21
921.0,11.93
921.1,12.23
921.3,12.43
921.5,12.34
921.6,11.93
921.8,11.76
922.0,12.11
922.1,12.35
922.3,12.33
922.4,12.17
922.6,12.19
922.8,12.58
922.9,12.7
923.1,12.3
923.3,12.05
923.4,11.99
923.6,12.06
923.8,12.19
923.9,12.09
924.1,12.21
924.3,12.1
924.4,11.76
924.6,11.74
924.7,11.95
924.9,12.29
925.1,12.25
925.2,11.99
925.4,12.01
925.6,12.26
925.7,12.25
925.9,12.3
926.1,12.04
926.2,12.05
926.4,11.85
926.6,11.92
926.7,12.16
926.9,11.89
927.1,11.6
927.2,11.61
927.4,11.8
927.6,11.98
927.7,11.6
927.9,11.71
928.0,12.05
928.2,12.15
928.4,11.84
928.5,11.51
928.7,11.52
928.9,11.5
929.0,11.42
929.2,11.26
929.4,11.45
929.5,11.82
929.7,11.73
929.9,11.73
930.0,11.76
930.2,11.48
930.4,11.54
930.5,11.79
930.7,12.13
930.9,12.06
931.0,12.03
931.2,12.09
931.4,12.03
931.6,12.06
931.7,11.96
931.9,11.82
932.1,11.59
932.2,11.75
932.4,12.11
932.6,12.11
932.7,12.0
932.9,11.45
933.1,11.33
933.2,11.22
933.4,11.43
933.6,12.0
933.7,11.92
933.9,11.55
934.1,11.33
934.2,11.35
934.4,11.26
934.6,11.29
934.8,11.84
934.9,11.95
935.1,11.6
935.3,11.86
935.4,12.18
935.6,12.13
935.8,12.09
935.9,12.03
936.1,12.02
936.3,11.77
936.4,11.45
936.6,11.65
936.8,11.92
936.9,11.99
937.1,11.69
937.3,11.88
937.5,12.3
937.6,11.87
937.8,11.33
938.0,11.36
938.1,11.8
938.3,11.94
938.5,11.38
938.6,11.28
938.8,11.23
939.0,11.32
939.2,11.77
939.3,11.9
939.5,11.84
939.7,11.6
939.8,11.31
940.0,11.19
940.2,11.33
940.3,11.35
940.5,11.47
940.7,11.55
940.8,11.42
941.0,11.25
941.2,11.34
941.4,11.46
941.5,11.39
941.7,11.39
941.9,11.42
942.0,11.4
942.2,11.42
942.4,11.36
942.6,11.5
942.7,11.47
942.9,11.41
943.1,11.54
943.3,11.7
943.4,11.62
943.6,11.18
943.8,11.11
943.9,11.57
944.1,11.74
944.3,11.56
944.5,11.45
944.6,11.54
944.8,11.8
945.0,11.73
945.1,11.6
945.3,11.69
945.5,11.66
945.7,11.27
945.8,11.23
946.0,11.68
946.2,11.8
946.3,11.63
946.5,11.54
946.7,11.41
946.9,11.58
947.0,11.74
947.2,11.54
947.4,11.47
947.6,11.5
947.7,11.29
947.9,11.4
948.1,11.76
948.3,11.94
948.4,11.81
948.6,11.75
948.8,11.7
949.0,11.56
949.1,11.58
949.3,11.47
949.5,11.56
949.6,11.63
949.8,11.28
950.0,11.27
950.2,11.55
950.3,11.73
950.5,11.74
950.7,11.81
950.9,11.58
951.0,11.6
951.2,11.58
951.4,11.54
951.6,11.89
951.7,11.78
951.9,11.52
952.1,11.67
952.3,11.64
952.4,11.22
952.6,11.05
952.8,11.53
953.0,11.6
953.1,11.39
953.3,11.41
953.5,11.27
953.7,11.4
953.8,11.78
954.0,11.58
954.2,11.22
954.4,11.43
954.5,11.38
954.7,11.27
954.9,11.6
955.1,11.58
955.2,11.39
955.4,11.35
955.6,11.31
955.8,11.07
956.0,11.08
956.1,11.16
956.3,11.22
956.5,11.36
956.7,11.51
956.8,11.53
957.0,11.47
957.2,11.43
957.4,11.68
957.5,11.47
957.7,11.23
957.9,11.47
958.1,11.52
958.2,11.25
958.4,11.47
958.6,11.62
958.8,11.51
959.0,11.5
959.1,11.56
959.3,11.66
959.5,11.75
959.7,11.55
959.8,11.3
960.0,11.17
960.2,11.21
960.4,11.41
960.5,11.48
960.7,11.47
960.9,11.43
961.1,11.59
961.3,11.71
961.4,11.58
961.6,11.61
961.8,11.65
962.0,11.57
962.2,11.61
962.3,11.66
962.5,11.53
962.7,11.43
962.9,11.41
963.0,11.25
963.2,10.98
963.4,11.0
963.6,11.41
963.8,11.56
963.9,11.29
964.1,11.24
964.3,11.3
964.5,11.26
964.7,11.33
964.8,11.45
965.0,11.36
965.2,11.32
965.4,11.39
965.6,11.28
965.7,11.21
965.9,11.28
966.1,11.17
966.3,11.04
966.5,11.05
966.6,11.18
966.8,11.34
967.0,11.35
967.2,11.34
967.4,11.33
967.5,11.35
967.7,11.35
967.9,11.32
968.1,11.32
968.3,11.43
968.4,11.53
968.6,11.49
968.8,11.36
969.0,11.34
969.2,11.61
969.3,11.53
969.5,11.22
969.7,11.16
969.9,11.23
970.1,11.34
970.3,11.31
970.4,11.46
970.6,11.47
970.8,11.36
971.0,11.52
971.2,11.61
971.3,11.54
971.5,11.29
971.7,11.36
971.9,11.57
972.1,11.53
972.3,11.64
972.4,11.79
972.6,11.71
972.8,11.44
973.0,11.31
973.2,11.24
973.3,11.14
973.5,11.2
973.7,11.37
973.9,11.41
974.1,11.5
974.3,11.36
974.5,11.13
974.6,11.32
974.8,11.56
975.0,11.5
975.2,11.42
975.4,11.32
975.5,11.14
975.7,11.14
975.9,11.22
976.1,11.49
976.3,11.46
976.5,11.26
976.7,11.44
976.8,11.41
977.0,11.28
977.2,11.26
977.4,11.16
977.6,11.23
977.8,11.25
977.9,11.33
978.1,11.39
978.3,11.22
978.5,11.0
978.7,11.22
978.9,11.35
979.0,11.12
979.2,11.14
979.4,11.23
979.6,11.13
979.8,11.26
980.0,11.25
980.2,11.1
980.3,11.22
980.5,11.31
980.7,11.6
980.9,11.53
981.1,11.48
981.3,11.4
981.5,11.28
981.7,11.23
981.8,11.13
982.0,11.19
982.2,11.1
982.4,11.2
982.6,11.39
982.8,11.36
983.0,11.26
983.1,11.37
983.3,11.45
983.5,11.19
983.7,11.07
983.9,11.32
984.1,11.41
984.3,11.12
984.4,10.84
984.6,10.97
984.8,11.37
985.0,11.51
985.2,11.41
985.4,11.35
985.6,11.43
985.8,11.15
985.9,11.09
986.1,11.2
986.3,11.23
986.5,11.22
986.7,11.22
986.9,11.27
987.1,11.3
987.3,11.42
987.4,11.41
987.6,11.36
987.8,11.51
988.0,11.47
988.2,11.33
988.4,11.22
988.6,11.22
988.8,11.31
989.0,11.19
989.1,11.03
989.3,10.95
989.5,10.97
989.7,11.2
989.9,11.31
990.1,11.08
990.3,10.99
990.5,11.09
990.7,11.09
990.8,11.32
991.0,11.51
991.2,11.38
991.4,11.21
991.6,10.99
991.8,11.03
992.0,11.23
992.2,11.35
992.4,11.3
992.5,11.25
992.7,11.38
992.9,11.39
993.1,11.15
993.3,11.12
993.5,11.28
993.7,11.24
993.9,11.25
994.1,11.25
994.3,11.09
994.5,11.14
994.6,11.14
994.8,11.14
995.0,11.35
995.2,11.48
995.4,11.41
995.6,11.43
995.8,11.3
996.0,11.17
996.2,11.17
996.4,11.22
996.5,11.16
996.7,11.19
996.9,11.27
997.1,11.39
997.3,11.41
997.5,11.36
997.7,11.31
997.9,11.28
998.1,11.13
998.3,11.08
998.5,11.12
998.7,11.23
998.9,11.32
999.0,11.23
999.2,11.16
999.4,11.03
999.6,11.04
999.8,11.19
1000.0,11.26
1000.2,11.28
1000.4,11.26
1000.6,11.19
1000.8,11.21
1001.0,11.13
1001.2,10.99
1001.4,10.99
1001.6,11.17
1001.8,11.21
1001.9,11.07
1002.1,10.94
1002.3,11.17
1002.5,11.32
1002.7,11.4
1002.9,11.49
1003.1,11.14
1003.3,11.08
1003.5,11.1
1003.7,11.09
1003.9,11.3
1004.1,11.36
1004.3,11.27
1004.5,11.27
1004.7,11.17
1004.9,11.0
1005.0,10.99
1005.3,11.05
1005.4,11.17
1005.6,11.21
1005.8,11.17
1006.0,11.34
1006.2,11.35
1006.4,11.17
1006.6,11.07
1006.8,11.16
1007.0,11.24
1007.2,11.03
1007.4,10.97
1007.6,10.95
1007.8,11.02
1008.0,11.19
1008.2,11.28
1008.4,11.19
1008.6,11.19
1008.8,11.12
1009.0,11.06
1009.2,11.16
1009.4,11.29
1009.5,11.3
1009.8,11.25
1010.0,11.28
1010.1,11.16
1010.3,11.18
1010.5,11.16
1010.7,11.17
1010.9,11.22
1011.1,11.16
1011.3,11.1
1011.5,10.93
1011.7,11.02
1011.9,11.13
1012.1,11.16
1012.3,11.12
1012.5,11.04
1012.7,11.23
1012.9,11.29
1013.1,11.13
1013.3,11.13
1013.5,11.24
1013.7,11.17
1013.9,11.13
1014.1,11.19
1014.3,11.24
1014.5,11.37
1014.7,11.4
1014.9,11.2
1015.1,11.15
1015.3,11.13
1015.5,11.14
1015.7,11.06
1015.9,10.96
1016.1,10.99
1016.3,11.15
1016.5,11.35
1016.7,11.46
1016.9,11.18
1017.1,11.2
1017.3,11.37
1017.5,11.31
1017.7,11.29
1017.9,11.36
1018.1,11.38
1018.3,11.28
1018.5,11.18
1018.7,11.24
1018.9,11.31
1019.1,11.25
1019.3,11.1
1019.5,11.1
1019.7,11.02
1019.9,10.99
1020.1,11.02
1020.3,11.2
1020.5,11.44
1020.7,11.27
1020.9,11.15
1021.1,11.25
1021.3,11.2
1021.5,11.2
1021.7,11.26
1021.9,11.23
1022.1,11.19
1022.3,11.2
1022.5,11.16
1022.7,11.23
1022.9,11.21
1023.1,11.16
1023.3,11.24
1023.5,11.32
1023.7,11.21
1023.9,11.15
1024.1,11.07
1024.3,11.04
1024.5,11.1
1024.7,11.11
1024.9,11.1
1025.1,11.21
1025.3,11.17
1025.5,11.25
1025.7,11.36
1025.9,11.17
1026.1,11.08
1026.3,11.15
1026.5,11.23
1026.8,11.15
1026.9,11.06
1027.2,10.95
1027.4,10.94
1027.6,11.13
1027.8,11.27
1028.0,11.28
1028.2,11.28
1028.4,11.18
1028.6,11.04
1028.8,11.04
1029.0,11.19
1029.2,11.26
1029.4,11.27
1029.6,11.29
1029.8,11.29
1030.0,11.28
1030.2,11.28
1030.4,11.25
1030.6,11.22
1030.8,11.26
1031.0,11.13
1031.2,11.15
1031.4,11.32
1031.7,11.26
1031.8,11.09
1032.1,11.16
1032.3,11.32
1032.5,11.26
1032.7,11.02
1032.9,10.87
1033.1,11.0
1033.3,11.05
1033.5,11.16
1033.7,11.27
1033.9,11.3
1034.1,11.08
1034.3,10.94
1034.5,11.07
1034.7,11.11
1034.9,11.13
1035.2,11.29
1035.4,11.16
1035.6,11.18
1035.8,11.26
1036.0,11.21
1036.2,11.23
1036.4,11.21
1036.6,11.18
1036.8,11.16
1037.0,11.27
1037.2,11.41
1037.4,11.21
1037.6,11.06
1037.8,11.13
1038.1,11.12
1038.3,11.16
1038.5,11.28
1038.7,11.35
1038.9,11.25
1039.1,11.04
1039.3,11.14
1039.5,11.36
1039.7,11.3
1039.9,11.16
1040.1,11.18
1040.3,11.24
1040.6,11.24
1040.8,11.24
1041.0,11.21
1041.2,11.18
1041.4,11.22
1041.6,11.24
1041.8,11.37
1042.0,11.39
1042.2,11.25
1042.4,11.06
1042.6,11.05
1042.8,11.15
1043.1,11.1
1043.3,11.1
1043.5,11.09
1043.7,11.16
1043.9,11.2
1044.1,11.25
1044.3,11.28
1044.5,11.25
1044.8,11.3
1045.0,11.33
1045.2,11.18
1045.4,11.18
1045.6,11.15
1045.8,11.1
1046.0,11.17
1046.2,11.17
1046.4,11.19
1046.6,11.15
1046.9,11.14
1047.1,11.11
1047.3,11.05
1047.5,11.22
1047.7,11.27
1047.9,11.13
1048.1,11.18
1048.3,11.16
1048.6,11.1
1048.8,11.07
1049.0,11.13
1049.2,11.2
1049.4,11.15
1049.6,11.0
1049.8,10.9
1050.0,10.94
1050.3,11.06
1050.5,11.16
1050.7,11.19
1050.9,11.22
1051.1,11.17
1051.3,11.13
1051.5,11.17
1051.7,11.27
1051.9,11.28
1052.2,11.14
1052.4,11.05
1052.6,11.1
1052.8,11.21
1053.0,11.13
1053.2,11.07
1053.4,11.19
1053.7,11.15
1053.9,11.1
1054.1,11.13
1054.3,11.14
1054.5,11.27
1054.7,11.24
1054.9,11.15
1055.2,11.06
1055.4,11.06
1055.6,11.1
1055.8,11.19
1056.0,11.21
1056.2,11.15
1056.4,11.1
1056.7,11.15
1056.9,11.17
1057.1,11.08
1057.3,11.08
1057.5,11.09
1057.8,11.17
1058.0,11.15
1058.2,11.08
1058.4,11.24
1058.6,11.34
1058.8,11.3
1059.0,11.25
1059.3,11.17
1059.5,11.1
1059.7,11.18
1059.9,11.26
1060.1,11.33
1060.3,11.28
1060.6,11.19
1060.8,11.1
1061.0,11.08
1061.2,11.23
1061.4,11.27
1061.7,11.19
1061.9,11.19
1062.1,11.16
1062.3,11.17
1062.5,11.13
1062.7,11.16
1062.9,11.13
1063.2,11.01
1063.4,11.15
1063.6,11.32
1063.8,11.26
1064.0,11.2
1064.3,11.03
1064.5,11.06
1064.7,11.21
1064.9,11.22
1065.1,11.17
1065.3,11.26
1065.6,11.25
1065.8,11.16
1066.0,11.16
1066.2,11.2
1066.4,11.2
1066.7,11.17
1066.9,11.14
1067.1,11.12
1067.3,11.21
1067.6,11.23
1067.8,11.18
1068.0,11.19
1068.2,11.1
1068.4,11.14
1068.7,11.22
1068.9,11.15
1069.1,11.06
1069.3,11.12
1069.5,11.16
1069.8,11.09
1070.0,11.08
1070.2,11.29
1070.4,11.37
1070.6,11.32
1070.8,11.27
1071.1,11.22
1071.3,11.13
1071.5,11.17
1071.7,11.25
1072.0,11.14
1072.2,11.2
1072.4,11.35
1072.6,11.33
1072.8,11.22
1073.1,11.23
1073.3,11.33
1073.5,11.24
1073.7,11.15
1074.0,11.2
1074.2,11.16
1074.4,11.14
1074.6,11.23
1074.8,11.29
1075.1,11.39
1075.3,11.39
1075.5,11.26
1075.7,11.21
1076.0,11.26
1076.2,11.3
1076.4,11.21
1076.6,11.06
1076.9,11.1
1077.1,11.22
1077.3,11.18
1077.5,11.17
1077.8,11.14
1078.0,11.23
1078.2,11.29
1078.4,11.21
1078.7,11.18
1078.9,11.17
1079.1,11.16
1079.3,11.09
1079.6,11.09
1079.8,11.22
1080.0,11.22
1080.2,11.27
1080.4,11.29
1080.7,11.29
1080.9,11.24
1081.1,11.24
1081.3,11.24
1081.6,11.34
1081.8,11.4
1082.0,11.44
1082.3,11.52
1082.5,11.39
1082.7,11.18
1082.9,11.16
1083.2,11.23
1083.4,11.31
1083.6,11.27
1083.8,11.14
1084.1,11.2
1084.3,11.25
1084.5,11.2
1084.8,11.27
1085.0,11.29
1085.2,11.13
1085.4,11.07
1085.7,11.11
1085.9,11.22
1086.1,11.32
1086.3,11.21
1086.6,11.23
1086.8,11.31
1087.0,11.34
1087.3,11.32
1087.5,11.26
1087.7,11.19
1087.9,11.12
1088.2,11.17
1088.4,11.2
1088.6,11.1
1088.8,11.04
1089.1,11.2
1089.3,11.23
1089.5,11.3
1089.8,11.29
1090.0,11.17
1090.2,11.1
1090.4,11.17
1090.7,11.18
1090.9,11.15
1091.1,11.19
1091.4,11.25
1091.6,11.25
1091.8,11.13
1092.1,11.11
1092.3,11.15
1092.5,11.12
1092.8,11.17
1093.0,11.2
1093.2,11.2
1093.4,11.26
1093.7,11.22
1093.9,11.17
1094.1,11.17
1094.4,11.11
1094.6,11.15
1094.8,11.2
1095.1,11.19
1095.3,11.18
1095.5,11.26
1095.8,11.37
1096.0,11.28
1096.2,11.22
1096.4,11.23
1096.7,11.21
1096.9,11.23
1097.1,11.21
1097.4,11.22
1097.6,11.26
1097.8,11.25
1098.1,11.19
1098.3,11.18
1098.5,11.25
1098.8,11.35
1099.0,11.32
1099.2,11.32
1099.5,11.33
1099.7,11.28
1099.9,11.23
1100.2,11.16
1100.4,11.19
1100.6,11.27
1100.9,11.17
1101.1,11.03
1101.3,11.0
1101.6,11.12
1101.8,11.2
1102.0,11.18
1102.3,11.2
1102.5,11.23
1102.7,11.24
1103.0,11.29
1103.2,11.34
1103.4,11.3
1103.7,11.19
1103.9,11.23
1104.2,11.26
1104.4,11.18
1104.6,11.17
1104.9,11.24
1105.1,11.2
1105.3,11.24
1105.6,11.32
1105.8,11.34
1106.0,11.25
1106.3,11.23
1106.5,11.23
1106.7,11.21
1107.0,11.27
1107.2,11.31
1107.4,11.3
1107.7,11.27
1107.9,11.21
1108.2,11.11
1108.4,11.13
1108.6,11.18
1108.9,11.2
1109.1,11.26
1109.3,11.19
1109.6,11.21
1109.8,11.27
1110.1,11.21
1110.3,11.23
1110.5,11.27
1110.8,11.3
1111.0,11.25
1111.3,11.2
1111.5,11.13
1111.7,11.15
1112.0,11.27
1112.2,11.21
1112.4,11.22
1112.7,11.31
1112.9,11.28
1113.2,11.15
1113.4,11.15
1113.6,11.19
1113.9,11.19
1114.1,11.16
1114.3,11.16
1114.6,11.2
1114.8,11.28
1115.1,11.32
1115.3,11.29
1115.6,11.29
1115.8,11.3
1116.0,11.23
1116.3,11.2
1116.5,11.27
1116.8,11.24
1117.0,11.15
1117.2,11.15
1117.5,11.22
1117.7,11.32
1118.0,11.29
1118.2,11.13
1118.4,11.19
1118.7,11.3
1118.9,11.3
1119.2,11.22
1119.4,11.21
1119.7,11.22
1119.9,11.21
1120.1,11.29
1120.4,11.33
1120.6,11.23
1120.9,11.27
1121.1,11.25
1121.3,11.23
1121.6,11.28
1121.8,11.29
1122.1,11.35
1122.3,11.34
1122.6,11.26
1122.8,11.22
1123.0,11.25
1123.3,11.27
1123.5,11.24
1123.8,11.25
1124.0,11.31
1124.3,11.33
1124.5,11.35
1124.8,11.38
1125.0,11.32
1125.2,11.28
1125.5,11.26
1125.7,11.25
1126.0,11.22
1126.2,11.18
1126.5,11.23
1126.7,11.27
1126.9,11.23
1127.2,11.23
1127.4,11.26
1127.7,11.28
1127.9,11.23
1128.2,11.24
1128.4,11.27
1128.7,11.3
1128.9,11.34
1129.2,11.38
1129.4,11.4
1129.7,11.35
1129.9,11.28
1130.1,11.23
1130.4,11.24
1130.6,11.28
1130.9,11.25
1131.1,11.18
1131.4,11.22
1131.6,11.22
1131.9,11.22
1132.1,11.24
1132.4,11.24
1132.6,11.23
1132.9,11.22
1133.1,11.21
1133.3,11.22
1133.6,11.28
1133.8,11.28
1134.1,11.21
1134.3,11.22
1134.6,11.25
1134.8,11.23
1135.1,11.16
1135.3,11.17
1135.6,11.24
1135.8,11.22
1136.1,11.18
1136.3,11.24
1136.6,11.3
1136.8,11.3
1137.1,11.33
1137.3,11.3
1137.6,11.26
1137.8,11.19
1138.1,11.22
1138.3,11.28
1138.6,11.28
1138.8,11.33
1139.1,11.33
1139.3,11.26
1139.6,11.17
1139.8,11.14
1140.1,11.21
1140.3,11.3
1140.6,11.3
1140.8,11.29
1141.1,11.34
1141.3,11.26
1141.6,11.14
1141.8,11.14
1142.1,11.25
1142.3,11.18
1142.6,11.2
1142.8,11.43
1143.1,11.44
1143.3,11.28
1143.6,11.27
1143.9,11.28
1144.1,11.21
1144.4,11.2
1144.6,11.25
1144.9,11.29
1145.1,11.22
1145.4,11.15
1145.6,11.16
1145.9,11.26
1146.1,11.32
1146.4,11.27
1146.6,11.36
1146.9,11.39
1147.2,11.38
1147.4,11.35
1147.7,11.3
1147.9,11.32
1148.2,11.31
1148.4,11.26
1148.7,11.25
1148.9,11.35
1149.2,11.34
1149.4,11.23
1149.7,11.21
1149.9,11.27
1150.2,11.37
1150.4,11.42
1150.7,11.39
1151.0,11.34
1151.2,11.33
1151.5,11.3
1151.7,11.32
1152.0,11.33
1152.2,11.38
1152.5,11.37
1152.8,11.36
1153.0,11.41
1153.3,11.34
1153.5,11.33
1153.8,11.37
1154.0,11.35
1154.3,11.3
1154.6,11.32
1154.8,11.32
1155.1,11.33
1155.3,11.37
1155.6,11.34
1155.8,11.29
1156.1,11.33
1156.4,11.38
1156.6,11.34
1156.9,11.26
1157.1,11.27
1157.4,11.26
1157.7,11.28
1157.9,11.27
1158.2,11.32
1158.4,11.43
1158.7,11.42
1158.9,11.32
1159.2,11.29
1159.5,11.3
1159.7,11.29
1160.0,11.33
1160.2,11.35
1160.5,11.35
1160.8,11.35
1161.0,11.38
1161.3,11.39
1161.5,11.31
1161.8,11.25
1162.1,11.25
1162.3,11.36
1162.6,11.38
1162.8,11.37
1163.1,11.39
1163.4,11.32
1163.6,11.3
1163.9,11.35
1164.2,11.4
1164.4,11.49
1164.7,11.46
1164.9,11.34
1165.2,11.33
1165.4,11.3
1165.7,11.28
1166.0,11.31
1166.2,11.32
1166.5,11.34
1166.8,11.36
1167.0,11.31
1167.3,11.34
1167.6,11.41
1167.8,11.46
1168.1,11.49
1168.3,11.46
1168.6,11.43
1168.9,11.37
1169.1,11.42
1169.4,11.42
1169.7,11.31
1169.9,11.32
1170.2,11.36
1170.4,11.36
1170.7,11.35
1171.0,11.35
1171.3,11.4
1171.5,11.44
1171.8,11.43
1172.0,11.47
1172.3,11.52
1172.6,11.44
1172.8,11.33
1173.1,11.32
1173.4,11.37
1173.6,11.35
1173.9,11.29
1174.2,11.34
1174.4,11.34
1174.7,11.31
1175.0,11.35
1175.2,11.39
1175.5,11.39
1175.8,11.38
1176.0,11.34
1176.3,11.35
1176.6,11.38
1176.8,11.39
1177.1,11.45
1177.4,11.49
1177.6,11.42
1177.9,11.43
1178.2,11.41
1178.4,11.35
1178.7,11.35
1179.0,11.41
1179.2,11.42
1179.5,11.38
1179.8,11.37
1180.0,11.42
1180.3,11.41
1180.6,11.39
1180.8,11.37
1181.1,11.35
1181.4,11.33
1181.7,11.36
1181.9,11.37
1182.2,11.33
1182.5,11.26
1182.7,11.28
1183.0,11.31
1183.3,11.39
1183.5,11.46
1183.8,11.43
1184.1,11.44
1184.4,11.54
1184.6,11.58
1184.9,11.54
1185.2,11.53
1185.4,11.52
1185.7,11.49
1186.0,11.44
1186.3,11.35
1186.5,11.3
1186.8,11.33
1187.1,11.4
1187.3,11.49
1187.6,11.47
1187.9,11.38
1188.2,11.35
1188.4,11.42
1188.7,11.43
1189.0,11.47
1189.3,11.49
1189.5,11.51
1189.8,11.45
1190.1,11.41
1190.3,11.42
1190.6,11.45
1190.9,11.39
1191.2,11.4
1191.4,11.41
1191.7,11.33
1192.0,11.37
1192.3,11.47
1192.5,11.45
1192.8,11.38
1193.1,11.42
1193.3,11.44
1193.6,11.48
1193.9,11.51
1194.2,11.49
1194.4,11.53
1194.7,11.51
1195.0,11.41
1195.3,11.39
1195.6,11.39
1195.8,11.43
1196.1,11.48
1196.4,11.46
1196.7,11.44
1196.9,11.41
1197.2,11.43
1197.5,11.48
1197.8,11.46
1198.0,11.47
1198.3,11.46
1198.6,11.46
1198.9,11.51
1199.2,11.5
1199.4,11.48
1199.7,11.53
1200.0,11.54
1200.3,11.54
1200.5,11.49
1200.8,11.46
1201.1,11.45
1201.4,11.35
1201.7,11.32
1201.9,11.38
1202.2,11.4
1202.5,11.38
1202.8,11.44
1203.0,11.48
1203.3,11.43
1203.6,11.38
1203.9,11.51
1204.2,11.6
1204.4,11.6
1204.7,11.47
1205.0,11.38
1205.3,11.41
1205.6,11.41
1205.8,11.42
1206.1,11.46
1206.4,11.44
1206.7,11.42
1207.0,11.47
1207.2,11.46
1207.5,11.42
1207.8,11.44
1208.1,11.47
1208.4,11.48
1208.7,11.46
1208.9,11.46
1209.2,11.51
1209.5,11.56
1209.8,11.54
1210.1,11.45
1210.3,11.4
1210.6,11.4
1210.9,11.42
1211.2,11.41
1211.5,11.45
1211.8,11.55
1212.0,11.48
1212.3,11.39
1212.6,11.42
1212.9,11.46
1213.2,11.43
1213.5,11.39
1213.7,11.38
1214.0,11.41
1214.3,11.43
1214.6,11.42
1214.9,11.44
1215.2,11.44
1215.4,11.46
1215.7,11.49
1216.0,11.46
1216.3,11.44
1216.6,11.47
1216.9,11.48
1217.2,11.41
1217.4,11.39
1217.7,11.46
1218.0,11.46
1218.3,11.4
1218.6,11.4
1218.9,11.46
1219.2,11.5
1219.4,11.54
1219.7,11.52
1220.0,11.45
1220.3,11.43
1220.6,11.49
1220.9,11.51
1221.2,11.47
1221.5,11.53
1221.8,11.53
1222.0,11.49
1222.3,11.5
1222.6,11.48
1222.9,11.46
1223.2,11.47
1223.5,11.51
1223.8,11.58
1224.1,11.61
1224.3,11.5
1224.6,11.45
1224.9,11.47
1225.2,11.55
1225.5,11.54
1225.8,11.46
1226.1,11.48
1226.4,11.54
1226.7,11.52
1227.0,11.51
1227.3,11.54
1227.5,11.53
1227.8,11.54
1228.1,11.5
1228.4,11.47
1228.7,11.48
1229.0,11.51
1229.3,11.5
1229.6,11.46
1229.9,11.5
1230.2,11.49
1230.4,11.46
1230.7,11.48
1231.0,11.53
1231.3,11.52
1231.6,11.48
1231.9,11.46
1232.2,11.48
1232.5,11.52
1232.8,11.54
1233.1,11.54
1233.4,11.56
1233.7,11.55
1234.0,11.56
1234.3,11.57
1234.6,11.55
1234.8,11.6
1235.1,11.63
1235.4,11.59
1235.7,11.6
1236.0,11.56
1236.3,11.54
1236.6,11.53
1236.9,11.46
1237.2,11.46
1237.5,11.5
1237.8,11.49
1238.1,11.51
1238.4,11.56
1238.7,11.6
1239.0,11.56
1239.3,11.51
1239.6,11.5
1239.9,11.53
1240.2,11.56
1240.5,11.61
1240.8,11.59
1241.1,11.58
1241.3,11.62
1241.7,11.62
1241.9,11.57
1242.2,11.54
1242.5,11.57
1242.8,11.64
1243.1,11.67
1243.4,11.61
1243.7,11.58
1244.0,11.58
1244.3,11.57
1244.6,11.57
1244.9,11.57
1245.2,11.63
1245.5,11.66
1245.8,11.6
1246.1,11.5
1246.4,11.48
1246.7,11.55
1247.0,11.56
1247.3,11.56
1247.6,11.59
1247.9,11.65
1248.2,11.62
1248.5,11.64
1248.8,11.67
1249.1,11.62
1249.4,11.6
1249.7,11.65
1250.0,11.59
1250.3,11.58
1250.6,11.59
1250.9,11.6
1251.2,11.58
1251.5,11.56
1251.8,11.55
1252.1,11.58
1252.4,11.56
1252.8,11.53
1253.1,11.52
1253.3,11.57
1253.7,11.67
1254.0,11.65
1254.3,11.59
1254.6,11.56
1254.9,11.56
1255.2,11.59
1255.5,11.58
1255.8,11.63
1256.1,11.72
1256.4,11.67
1256.7,11.63
1257.0,11.65
1257.3,11.68
1257.6,11.66
1257.9,11.62
1258.2,11.6
1258.5,11.65
1258.8,11.69
1259.1,11.66
1259.4,11.6
1259.8,11.57
1260.1,11.58
1260.4,11.58
1260.7,11.56
1261.0,11.57
1261.3,11.63
1261.6,11.67
1261.9,11.63
1262.2,11.63
1262.5,11.66
1262.8,11.67
1263.1,11.63
1263.4,11.62
1263.7,11.63
1264.1,11.64
1264.4,11.66
1264.7,11.63
1265.0,11.57
1265.3,11.62
1265.6,11.65
1265.9,11.65
1266.2,11.73
1266.5,11.71
1266.8,11.65
1267.1,11.63
1267.4,11.58
1267.8,11.56
1268.1,11.6
1268.4,11.6
1268.7,11.57
1269.0,11.58
1269.3,11.62
1269.6,11.65
1269.9,11.65
1270.2,11.65
1270.6,11.63
1270.9,11.6
1271.2,11.63
1271.5,11.66
1271.8,11.71
1272.1,11.7
1272.4,11.62
1272.7,11.64
1273.1,11.69
1273.4,11.71
1273.7,11.71
1274.0,11.71
1274.3,11.71
1274.6,11.68
1274.9,11.71
1275.2,11.76
1275.6,11.67
1275.9,11.61
1276.2,11.6
1276.5,11.61
1276.8,11.64
1277.1,11.68
1277.4,11.71
1277.8,11.72
1278.1,11.76
1278.4,11.73
1278.7,11.74
1279.0,11.75
1279.3,11.67
1279.7,11.64
1280.0,11.69
1280.3,11.72
1280.6,11.73
1280.9,11.72
1281.2,11.69
1281.6,11.68
1281.9,11.64
1282.2,11.7
1282.5,11.72
1282.8,11.72
1283.1,11.76
1283.4,11.73
1283.8,11.65
1284.1,11.65
1284.4,11.72
1284.7,11.8
1285.0,11.81
1285.4,11.75
1285.7,11.71
1286.0,11.7
1286.3,11.72
1286.6,11.71
1286.9,11.71
1287.3,11.74
1287.6,11.72
1287.9,11.69
1288.2,11.73
1288.6,11.77
1288.9,11.73
1289.2,11.71
1289.5,11.76
1289.8,11.79
1290.2,11.79
1290.5,11.72
1290.8,11.68
1291.1,11.68
1291.4,11.67
1291.8,11.67
1292.1,11.75
1292.4,11.8
1292.7,11.74
1293.1,11.67
1293.4,11.65
1293.7,11.68
1294.0,11.68
1294.3,11.77
1294.7,11.8
1295.0,11.74
1295.3,11.74
1295.6,11.76
1296.0,11.73
1296.3,11.72
1296.6,11.74
1296.9,11.74
1297.3,11.73
1297.6,11.73
1297.9,11.76
1298.2,11.76
1298.6,11.71
1298.9,11.7
1299.2,11.7
1299.5,11.71
1299.9,11.75
1300.2,11.76
1300.5,11.76
1300.8,11.78
1301.2,11.8
1301.5,11.83
1301.8,11.8
1302.1,11.76
1302.5,11.76
1302.8,11.77
1303.1,11.76
1303.4,11.74
1303.8,11.73
1304.1,11.73
1304.4,11.74
1304.8,11.76
1305.1,11.77
1305.4,11.81
1305.8,11.8
1306.1,11.81
1306.4,11.8
1306.7,11.78
1307.1,11.75
1307.4,11.74
1307.7,11.77
1308.1,11.75
1308.4,11.73
1308.7,11.78
1309.1,11.82
1309.4,11.78
1309.7,11.79
1310.0,11.85
1310.4,11.82
1310.7,11.78
1311.0,11.77
1311.4,11.76
1311.7,11.8
1312.0,11.83
1312.4,11.86
1312.7,11.86
1313.0,11.85
1313.4,11.85
1313.7,11.8
1314.0,11.78
1314.4,11.77
1314.7,11.71
1315.0,11.66
1315.4,11.68
1315.7,11.8
1316.0,11.85
1316.4,11.82
1316.7,11.82
1317.0,11.8
1317.4,11.77
1317.7,11.79
1318.0,11.77
1318.4,11.72
1318.7,11.75
1319.0,11.78
1319.4,11.82
1319.7,11.83
1320.1,11.83
1320.4,11.85
1320.7,11.85
1321.1,11.87
1321.4,11.87
1321.7,11.84
1322.1,11.85
1322.4,11.87
1322.7,11.86
1323.1,11.85
1323.4,11.81
1323.8,11.8
1324.1,11.81
1324.4,11.84
1324.8,11.88
1325.1,11.89
1325.4,11.87
1325.8,11.86
1326.1,11.86
1326.5,11.82
1326.8,11.8
1327.1,11.87
1327.5,11.87
1327.8,11.88
1328.2,11.86
1328.5,11.81
1328.8,11.88
1329.2,11.96
1329.5,11.92
1329.9,11.87
1330.2,11.9
1330.6,11.91
1330.9,11.9
1331.2,11.85
1331.6,11.85
1331.9,11.88
1332.3,11.84
1332.6,11.87
1332.9,11.94
1333.3,11.92
1333.6,11.88
1334.0,11.88
1334.3,11.87
1334.7,11.83
1335.0,11.84
1335.3,11.87
1335.7,11.89
1336.0,11.89
1336.4,11.9
1336.7,11.9
1337.1,11.93
1337.4,11.92
1337.8,11.87
1338.1,11.85
1338.4,11.88
1338.8,11.87
1339.1,11.89
1339.5,11.95
1339.8,11.88
1340.2,11.82
1340.5,11.86
1340.9,11.91
1341.2,11.9
1341.6,11.9
1341.9,11.89
1342.3,11.89
1342.6,11.92
1342.9,11.92
1343.3,11.93
1343.7,11.95
1344.0,11.92
1344.3,11.91
1344.7,11.89
1345.0,11.9
1345.4,11.94
1345.7,11.91
1346.1,11.88
1346.4,11.89
1346.8,11.9
1347.1,11.95
1347.5,11.97
1347.8,11.95
1348.2,11.91
1348.5,11.91
1348.9,11.93
1349.3,11.95
1349.6,11.95
1349.9,11.96
1350.3,11.94
1350.7,11.95
1351.0,11.95
1351.3,11.93
1351.7,11.93
1352.1,11.92
1352.4,11.92
1352.8,11.93
1353.1,11.92
1353.5,11.92
1353.8,11.9
1354.2,11.91
1354.5,11.96
1354.9,11.99
1355.2,11.98
1355.6,12.0
1355.9,12.0
1356.3,11.93
1356.7,11.92
1357.0,11.96
1357.4,11.94
1357.7,11.93
1358.1,11.95
1358.4,11.95
1358.8,11.95
1359.2,11.92
1359.5,11.94
1359.9,11.98
1360.2,11.99
1360.6,11.99
1360.9,11.97
1361.3,12.0
1361.7,11.99
1362.0,12.04
1362.4,12.06
1362.7,12.03
1363.1,11.99
1363.4,11.99
1363.8,12.01
1364.2,12.0
1364.5,12.02
1364.9,12.0
1365.2,11.95
1365.6,11.93
1365.9,11.96
1366.3,12.0
1366.7,12.0
1367.0,12.0
1367.4,12.0
1367.8,11.99
1368.1,11.99
1368.5,12.02
1368.8,12.03
1369.2,12.03
1369.6,12.03
1369.9,12.03
1370.3,12.03
1370.7,12.04
1371.0,12.04
1371.4,12.04
1371.7,12.06
1372.1,12.02
1372.5,12.06
1372.8,12.08
1373.2,12.05
1373.6,12.05
1373.9,12.05
1374.3,12.02
1374.6,12.04
1375.0,12.03
1375.4,12.02
1375.7,12.04
1376.1,12.02
1376.5,11.99
1376.8,11.99
1377.2,12.0
1377.6,12.01
1377.9,12.03
1378.3,12.06
1378.7,12.05
1379.0,12.01
1379.4,12.01
1379.8,12.03
1380.1,12.04
1380.5,12.04
1380.9,12.03
1381.2,12.04
1381.6,12.02
1382.0,12.03
1382.3,12.1
1382.7,12.12
1383.1,12.1
1383.4,12.11
1383.8,12.11
1384.2,12.07
1384.6,12.07
1384.9,12.02
1385.3,11.98
1385.7,12.04
1386.0,12.09
1386.4,12.09
1386.8,12.09
1387.2,12.06
1387.5,12.07
1387.9,12.1
1388.3,12.1
1388.6,12.12
1389.0,12.12
1389.4,12.11
1389.8,12.06
1390.1,12.05
1390.5,12.08
1390.9,12.08
1391.2,12.09
1391.6,12.08
1392.0,12.07
1392.4,12.1
1392.7,12.1
1393.1,12.1
1393.5,12.11
1393.9,12.11
1394.2,12.08
1394.6,12.07
1395.0,12.08
1395.4,12.08
1395.7,12.07
1396.1,12.08
1396.5,12.11
1396.9,12.13
1397.2,12.13
1397.6,12.11
1398.0,12.11
1398.4,12.07
1398.8,12.06
1399.1,12.11
1399.5,12.11
1399.9,12.14
1400.3,12.19
1400.6,12.15
1401.0,12.13
1401.4,12.11
1401.8,12.11
1402.2,12.08
1402.5,12.09
1402.9,12.13
1403.3,12.12
1403.7,12.08
1404.1,12.11
1404.4,12.11
1404.8,12.11
1405.2,12.15
1405.6,12.14
1406.0,12.14
1406.3,12.13
1406.7,12.13
1407.1,12.15
1407.5,12.16
1407.9,12.15
1408.3,12.17
1408.6,12.17
1409.0,12.15
1409.4,12.14
1409.8,12.18
1410.2,12.14
1410.6,12.12
1410.9,12.14
1411.3,12.16
1411.7,12.16
1412.1,12.17
1412.5,12.2
1412.8,12.23
1413.2,12.2
1413.6,12.21
1414.0,12.18
1414.4,12.17
1414.8,12.21
1415.2,12.21
1415.6,12.21
1415.9,12.2
1416.3,12.21
1416.7,12.22
1417.1,12.22
1417.5,12.22
1417.9,12.2
1418.3,12.21
1418.7,12.2
1419.0,12.18
1419.4,12.16
1419.8,12.16
1420.2,12.18
1420.6,12.2
1421.0,12.2
1421.4,12.19
1421.8,12.17
1422.2,12.14
1422.5,12.16
1422.9,12.22
1423.3,12.27
1423.7,12.27
1424.1,12.22
1424.5,12.18
1424.9,12.17
1425.3,12.18
1425.7,12.19
1426.1,12.19
1426.5,12.18
1426.8,12.16
1427.2,12.17
1427.6,12.2
1428.0,12.19
1428.4,12.22
1428.8,12.22
1429.2,12.21
1429.6,12.25
1430.0,12.22
1430.4,12.18
1430.8,12.17
1431.2,12.18
1431.6,12.24
1432.0,12.25
1432.4,12.25
1432.8,12.22
1433.2,12.21
1433.6,12.26
1433.9,12.23
1434.3,12.19
1434.8,12.17
1435.1,12.18
1435.5,12.23
1435.9,12.19
1436.3,12.19
1436.7,12.25
1437.1,12.25
1437.5,12.25
1437.9,12.25
1438.3,12.21
1438.7,12.2
1439.1,12.24
1439.5,12.3
1439.9,12.31
1440.3,12.28
1440.7,12.26
1441.1,12.27
1441.5,12.27
1441.9,12.21
1442.3,12.22
1442.7,12.27
1443.1,12.31
1443.5,12.32
1443.9,12.3
1444.3,12.29
1444.7,12.26
1445.1,12.27
1445.6,12.25
1445.9,12.28
1446.3,12.31
1446.8,12.33
1447.2,12.33
1447.6,12.33
1448.0,12.28
1448.4,12.25
1448.8,12.3
1449.2,12.3
1449.6,12.26
1450.0,12.26
1450.4,12.28
1450.8,12.31
1451.2,12.29
1451.6,12.29
1452.0,12.31
1452.4,12.35
1452.8,12.36
1453.2,12.33
1453.7,12.33
1454.1,12.31
1454.5,12.3
1454.9,12.31
1455.3,12.29
1455.7,12.24
1456.1,12.31
1456.5,12.38
1456.9,12.34
1457.3,12.32
1457.7,12.3
1458.2,12.3
1458.6,12.32
1459.0,12.31
1459.4,12.32
1459.8,12.33
1460.2,12.31
1460.6,12.32
1461.0,12.34
1461.4,12.32
1461.8,12.31
1462.3,12.29
1462.7,12.3
1463.1,12.37
1463.5,12.4
1463.9,12.37
1464.3,12.33
1464.7,12.28
1465.2,12.3
1465.6,12.34
1466.0,12.38
1466.4,12.41
1466.8,12.38
1467.2,12.39
1467.6,12.4
1468.1,12.37
1468.5,12.34
1468.9,12.33
1469.3,12.33
1469.7,12.36
1470.1,12.37
1470.6,12.33
1471.0,12.35
1471.4,12.4
1471.8,12.42
1472.2,12.39
1472.6,12.36
1473.1,12.36
1473.5,12.39
1473.9,12.42
1474.3,12.4
1474.7,12.38
1475.2,12.39
1475.6,12.4
1476.0,12.38
1476.4,12.37
1476.8,12.37
1477.3,12.37
1477.7,12.38
1478.1,12.38
1478.5,12.41
1478.9,12.38
1479.4,12.33
1479.8,12.35
1480.2,12.4
1480.6,12.41
1481.1,12.4
1481.5,12.38
1481.9,12.37
1482.3,12.38
1482.8,12.39
1483.2,12.42
1483.6,12.42
1484.0,12.38
1484.4,12.39
1484.9,12.41
1485.3,12.4
1485.7,12.4
1486.2,12.41
1486.6,12.43
1487.0,12.45
1487.4,12.45
1487.9,12.4
1488.3,12.35
1488.7,12.39
1489.1,12.41
1489.6,12.4
1490.0,12.4
1490.4,12.42
1490.8,12.45
1491.3,12.45
1491.7,12.48
1492.1,12.47
1492.6,12.44
1493.0,12.43
1493.4,12.44
1493.9,12.41
1494.3,12.42
1494.7,12.4
1495.2,12.43
1495.6,12.47
1496.0,12.46
1496.4,12.46
1496.9,12.51
1497.3,12.53
1497.7,12.51
1498.2,12.48
1498.6,12.47
1499.0,12.46
1499.5,12.45
1499.9,12.43
1500.3,12.45
1500.8,12.47
1501.2,12.49
1501.7,12.49
1502.1,12.47
1502.5,12.45
1502.9,12.48
1503.4,12.52
1503.8,12.51
1504.3,12.5
1504.7,12.47
1505.1,12.48
1505.6,12.49
1506.0,12.47
1506.4,12.5
1506.9,12.55
1507.3,12.54
1507.8,12.5
1508.2,12.49
1508.6,12.48
1509.1,12.46
1509.5,12.47
1510.0,12.47
1510.4,12.45
1510.8,12.46
1511.3,12.5
1511.7,12.52
1512.2,12.52
1512.6,12.5
1513.0,12.48
1513.5,12.47
1513.9,12.49
1514.4,12.55
1514.8,12.56
1515.3,12.55
1515.7,12.58
1516.1,12.55
1516.6,12.51
1517.0,12.5
1517.5,12.51
1517.9,12.55
1518.4,12.59
1518.8,12.55
1519.3,12.52
1519.7,12.54
1520.1,12.6
1520.6,12.6
1521.0,12.58
1521.5,12.58
1521.9,12.58
1522.4,12.58
1522.8,12.56
1523.3,12.55
1523.7,12.56
1524.2,12.55
1524.6,12.54
1525.1,12.54
1525.5,12.55
1525.9,12.57
1526.4,12.57
1526.8,12.56
1527.3,12.56
1527.8,12.58
1528.2,12.57
1528.7,12.55
1529.1,12.57
1529.6,12.56
1530.0,12.53
1530.5,12.56
1530.9,12.59
1531.4,12.56
1531.8,12.56
1532.3,12.58
1532.7,12.58
1533.2,12.58
1533.6,12.56
1534.1,12.58
1534.5,12.57
1535.0,12.56
1535.4,12.58
1535.9,12.59
1536.3,12.59
1536.8,12.59
1537.3,12.61
1537.7,12.61
1538.2,12.6
1538.6,12.58
1539.1,12.59
1539.6,12.64
1540.0,12.64
1540.5,12.61
1540.9,12.61
1541.4,12.66
1541.8,12.63
1542.3,12.6
1542.8,12.63
1543.2,12.67
1543.7,12.64
1544.1,12.63
1544.6,12.66
1545.1,12.67
1545.5,12.65
1546.0,12.63
1546.4,12.63
1546.9,12.6
1547.4,12.6
1547.8,12.62
1548.3,12.6
1548.8,12.64
1549.2,12.66
1549.7,12.67
1550.1,12.69
1550.6,12.67
1551.1,12.64
1551.5,12.66
1552.0,12.69
1552.4,12.65
1552.9,12.64
1553.4,12.65
1553.8,12.65
1554.3,12.66
1554.8,12.66
1555.3,12.64
1555.7,12.61
1556.2,12.6
1556.7,12.64
1557.1,12.68
1557.6,12.65
1558.1,12.61
1558.5,12.62
1559.0,12.67
1559.5,12.7
1559.9,12.73
1560.4,12.72
1560.9,12.67
1561.3,12.66
1561.8,12.7
1562.3,12.71
1562.8,12.67
1563.2,12.64
1563.7,12.68
1564.2,12.7
1564.6,12.71
1565.1,12.72
1565.6,12.7
1566.1,12.69
1566.5,12.69
1567.0,12.73
1567.5,12.76
1567.9,12.72
1568.4,12.69
1568.9,12.71
1569.4,12.71
1569.8,12.71
1570.3,12.71
1570.8,12.67
1571.3,12.64
1571.8,12.67
1572.2,12.72
1572.7,12.72
1573.2,12.74
1573.7,12.76
1574.1,12.73
1574.6,12.71
1575.1,12.7
1575.6,12.7
1576.1,12.74
1576.5,12.73
1577.0,12.71
1577.5,12.73
1578.0,12.75
1578.4,12.71
1578.9,12.71
1579.4,12.71
1579.9,12.72
1580.4,12.72
1580.9,12.74
1581.3,12.75
1581.8,12.77
1582.3,12.78
1582.8,12.81
1583.3,12.79
1583.8,12.73
1584.2,12.75
1584.7,12.79
1585.2,12.81
1585.7,12.8
1586.2,12.77
1586.7,12.75
1587.2,12.75
1587.6,12.76
1588.1,12.76
1588.6,12.75
1589.1,12.76
1589.6,12.77
1590.1,12.78
1590.6,12.79
1591.0,12.78
1591.5,12.78
1592.0,12.79
1592.5,12.79
1593.0,12.76
1593.5,12.71
1594.0,12.74
1594.5,12.77
1595.0,12.76
1595.4,12.75
1595.9,12.76
1596.4,12.78
1596.9,12.79
1597.4,12.81
1597.9,12.79
1598.4,12.77
1598.9,12.77
1599.4,12.81
1599.9,12.84
1600.4,12.82
1600.9,12.8
1601.4,12.8
1601.9,12.81
1602.3,12.83
1602.8,12.84
1603.3,12.83
1603.8,12.8
1604.3,12.8
1604.8,12.8
1605.3,12.81
1605.8,12.86
1606.3,12.87
1606.8,12.85
1607.3,12.81
1607.8,12.8
1608.3,12.84
1608.8,12.88
1609.3,12.87
1609.8,12.85
1610.3,12.85
1610.8,12.87
1611.3,12.87
1611.8,12.86
1612.3,12.84
1612.8,12.84
1613.3,12.88
1613.8,12.87
1614.3,12.85
1614.8,12.85
1615.3,12.85
1615.8,12.85
1616.3,12.87
1616.8,12.87
1617.3,12.86
1617.8,12.86
1618.4,12.86
1618.9,12.85
1619.4,12.86
1619.9,12.86
1620.4,12.87
1620.9,12.87
1621.4,12.87
1621.9,12.91
1622.4,12.91
1622.9,12.89
1623.4,12.88
1623.9,12.88
1624.4,12.9
1624.9,12.89
1625.5,12.89
1626.0,12.89
1626.5,12.86
1627.0,12.87
1627.5,12.92
1628.0,12.93
1628.5,12.91
1629.0,12.91
1629.6,12.87
1630.1,12.85
1630.6,12.9
1631.1,12.94
1631.6,12.93
1632.1,12.91
1632.6,12.93
1633.1,12.93
1633.7,12.93
1634.2,12.94
1634.7,12.92
1635.2,12.9
1635.7,12.92
1636.2,12.94
1636.8,12.92
1637.3,12.89
1637.8,12.9
1638.3,12.91
1638.8,12.91
1639.3,12.93
1639.8,12.92
1640.4,12.91
1640.9,12.96
1641.4,12.97
1641.9,12.95
1642.4,12.94
1643.0,12.94
1643.5,12.94
1644.0,12.93
1644.5,12.95
1645.1,12.98
1645.6,12.99
1646.1,12.97
1646.6,12.95
1647.2,12.95
1647.7,12.94
1648.2,12.95
1648.7,12.97
1649.2,12.99
1649.8,12.99
1650.3,12.99
1650.8,13.0
1651.3,12.98
1651.9,12.95
1652.4,12.96
1652.9,12.95
1653.4,12.97
1654.0,12.99
1654.5,13.0
1655.0,13.01
1655.6,13.0
1656.1,13.02
1656.6,13.04
1657.2,13.01
1657.7,12.97
1658.2,13.0
1658.7,13.02
1659.3,12.99
1659.8,12.97
1660.3,12.98
1660.9,13.0
1661.4,13.04
1661.9,13.03
1662.5,12.97
1663.0,12.99
1663.5,12.99
1664.1,13.01
1664.6,13.02
1665.1,13.01
1665.7,13.0
1666.2,13.01
1666.7,13.0
1667.3,13.02
1667.8,13.03
1668.3,13.0
1668.9,13.02
1669.4,13.04
1670.0,13.01
1670.5,13.01
1671.0,13.02
1671.6,13.05
1672.1,13.07
1672.7,13.07
1673.2,13.05
1673.7,13.02
1674.3,13.04
1674.8,13.06
1675.4,13.03
1675.9,13.03
1676.4,13.04
1677.0,13.04
1677.5,13.04
1678.1,13.06
1678.6,13.05
1679.2,13.04
1679.7,13.07
1680.2,13.08
1680.8,13.07
1681.3,13.06
1681.9,13.03
1682.4,13.05
1683.0,13.09
1683.5,13.09
1684.1,13.08
1684.6,13.06
1685.2,13.06
1685.7,13.06
1686.3,13.1
1686.8,13.13
1687.3,13.14
1687.9,13.14
1688.4,13.12
1689.0,13.14
1689.6,13.15
1690.1,13.14
1690.7,13.14
1691.2,13.1
1691.8,13.09
1692.3,13.1
1692.9,13.09
1693.4,13.1
1694.0,13.14
1694.5,13.14
1695.1,13.14
1695.6,13.12
1696.2,13.13
1696.7,13.12
1697.3,13.13
1697.8,13.14
1698.4,13.11
1699.0,13.12
1699.5,13.15
1700.1,13.15
1700.6,13.14
1701.2,13.16
1701.8,13.14
1702.3,13.12
1702.9,13.1
1703.4,13.15
1704.0,13.17
1704.6,13.16
1705.1,13.14
1705.7,13.13
1706.2,13.13
1706.8,13.15
1707.4,13.17
1707.9,13.16
1708.5,13.15
1709.0,13.13
1709.6,13.12
1710.2,13.12
1710.7,13.15
1711.3,13.16
1711.9,13.16
1712.4,13.16
1713.0,13.16
1713.6,13.17
1714.1,13.16
1714.7,13.15
1715.3,13.18
1715.8,13.17
1716.4,13.19
1717.0,13.22
1717.5,13.21
1718.1,13.2
1718.7,13.2
1719.2,13.2
1719.8,13.19
1720.4,13.18
1721.0,13.21
1721.5,13.24
1722.1,13.23
1722.7,13.22
1723.2,13.23
1723.8,13.23
1724.4,13.23
1725.0,13.21
1725.5,13.23
1726.1,13.26
1726.7,13.23
1727.3,13.19
1727.8,13.2
1728.4,13.26
1729.0,13.28
1729.6,13.28
1730.1,13.27
1730.7,13.25
1731.3,13.25
1731.9,13.25
1732.5,13.24
1733.0,13.22
1733.6,13.23
1734.2,13.27
1734.8,13.28
1735.4,13.28
1735.9,13.28
1736.5,13.28
1737.1,13.28
1737.7,13.25
1738.3,13.26
1738.8,13.29
1739.4,13.3
1740.0,13.31
1740.6,13.32
1741.2,13.3
1741.8,13.27
1742.3,13.25
1742.9,13.23
1743.5,13.28
1744.1,13.32
1744.7,13.3
1745.3,13.28
1745.9,13.29
1746.5,13.29
1747.1,13.28
1747.6,13.27
1748.2,13.3
1748.8,13.32
1749.4,13.34
1750.0,13.31
1750.6,13.3
1751.2,13.32
1751.8,13.28
1752.4,13.28
1753.0,13.3
1753.6,13.3
1754.1,13.29
1754.7,13.27
1755.3,13.29
1755.9,13.32
1756.5,13.33
1757.1,13.33
1757.7,13.34
1758.3,13.33
1758.9,13.3
1759.5,13.28
1760.1,13.3
1760.7,13.36
1761.3,13.38
1761.9,13.33
1762.5,13.3
1763.1,13.31
1763.7,13.32
1764.3,13.35
1764.9,13.36
1765.5,13.37
1766.1,13.36
1766.7,13.37
1767.3,13.38
1767.9,13.39
1768.5,13.38
1769.1,13.36
1769.7,13.36
1770.3,13.36
1770.9,13.37
1771.5,13.39
1772.1,13.4
1772.7,13.4
1773.3,13.37
1773.9,13.38
1774.6,13.38
1775.2,13.38
1775.8,13.39
1776.4,13.43
1777.0,13.45
1777.6,13.43
1778.2,13.41
1778.8,13.39
1779.4,13.4
1780.0,13.38
1780.7,13.38
1781.3,13.4
1781.9,13.41
1782.5,13.39
1783.1,13.38
1783.7,13.41
1784.3,13.44
1784.9,13.43
1785.6,13.41
1786.2,13.4
1786.8,13.44
1787.4,13.43
1788.0,13.4
1788.6,13.4
1789.3,13.41
1789.9,13.41
1790.5,13.45
1791.1,13.45
1791.7,13.42
1792.3,13.45
1793.0,13.46
1793.6,13.45
1794.2,13.43
1794.8,13.43
1795.4,13.44
1796.1,13.43
1796.7,13.43
1797.3,13.44
1797.9,13.44
1798.6,13.46
1799.2,13.46
1799.8,13.46
1800.4,13.49
1801.1,13.47
1801.7,13.43
1802.3,13.45
1802.9,13.44
1803.6,13.44
1804.2,13.48
1804.8,13.47
1805.4,13.49
1806.1,13.52
1806.7,13.5
1807.3,13.49
1808.0,13.47
1808.6,13.46
1809.2,13.45
1809.9,13.44
1810.5,13.48
1811.1,13.49
1811.8,13.48
1812.4,13.5
1813.0,13.5
1813.7,13.53
1814.3,13.55
1814.9,13.54
1815.6,13.55
1816.2,13.55
1816.8,13.54
1817.5,13.54
1818.1,13.54
1818.8,13.55
1819.4,13.55
1820.0,13.55
1820.7,13.52
1821.3,13.52
1821.9,13.52
1822.6,13.52
1823.2,13.52
1823.9,13.52
1824.5,13.53
1825.2,13.55
1825.8,13.55
1826.4,13.54
1827.1,13.52
1827.7,13.51
1828.4,13.53
1829.0,13.55
1829.7,13.56
1830.3,13.57
1831.0,13.57
1831.6,13.56
1832.3,13.54
1832.9,13.53
1833.6,13.54
1834.2,13.55
1834.8,13.56
1835.5,13.56
1836.1,13.57
1836.8,13.61
1837.4,13.61
1838.1,13.58
1838.8,13.55
1839.4,13.58
1840.1,13.62
1840.7,13.62
1841.4,13.6
1842.0,13.59
1842.7,13.59
1843.3,13.62
1844.0,13.63
1844.6,13.61
1845.3,13.59
1845.9,13.57
1846.6,13.58
1847.3,13.6
1847.9,13.61
1848.6,13.59
1849.2,13.58
1849.9,13.61
1850.6,13.64
1851.2,13.66
1851.9,13.65
1852.6,13.64
1853.2,13.65
1853.9,13.64
1854.5,13.61
1855.2,13.66
1855.9,13.68
1856.5,13.64
1857.2,13.64
1857.9,13.67
1858.5,13.67
1859.2,13.67
1859.9,13.67
1860.5,13.68
1861.2,13.66
1861.9,13.64
1862.5,13.65
1863.2,13.66
1863.9,13.66
1864.5,13.66
1865.2,13.64
1865.9,13.65
1866.6,13.66
1867.2,13.67
1867.9,13.66
1868.6,13.68
1869.2,13.7
1869.9,13.67
1870.6,13.65
1871.3,13.67
1871.9,13.7
1872.6,13.73
1873.3,13.71
1874.0,13.7
1874.7,13.7
1875.3,13.69
1876.0,13.69
1876.7,13.7
1877.4,13.73
1878.0,13.74
1878.7,13.73
1879.4,13.72
1880.1,13.73
1880.8,13.74
1881.4,13.73
1882.1,13.73
1882.8,13.74
1883.5,13.74
1884.2,13.75
1884.9,13.76
1885.6,13.76
1886.2,13.76
1886.9,13.77
1887.6,13.76
1888.3,13.76
1889.0,13.76
1889.7,13.77
1890.4,13.78
1891.1,13.77
1891.8,13.75
1892.4,13.75
1893.1,13.76
1893.8,13.77
1894.5,13.77
1895.2,13.76
1895.9,13.76
1896.6,13.78
1897.3,13.79
1898.0,13.78
1898.7,13.76
1899.4,13.74
1900.1,13.75
1900.8,13.77
1901.5,13.79
1902.2,13.83
1902.9,13.84
1903.6,13.82
1904.3,13.81
1905.0,13.8
1905.7,13.81
1906.4,13.84
1907.1,13.84
1907.8,13.79
1908.5,13.79
1909.2,13.79
1909.9,13.8
1910.6,13.81
1911.3,13.81
1912.0,13.81
1912.7,13.8
1913.4,13.81
1914.1,13.83
1914.8,13.85
1915.5,13.84
1916.2,13.83
1916.9,13.84
1917.6,13.82
1918.3,13.85
1919.1,13.9
1919.8,13.91
1920.5,13.89
1921.2,13.88
1921.9,13.89
1922.6,13.87
1923.3,13.83
1924.0,13.81
1924.8,13.84
1925.5,13.87
1926.2,13.85
1926.9,13.85
1927.6,13.87
1928.3,13.87
1929.1,13.88
1929.8,13.9
1930.5,13.9
1931.2,13.88
1931.9,13.87
1932.7,13.89
1933.4,13.91
1934.1,13.9
1934.8,13.88
1935.5,13.89
1936.3,13.89
1937.0,13.89
1937.7,13.9
1938.4,13.9
1939.2,13.9
1939.9,13.91
1940.6,13.91
1941.3,13.89
1942.1,13.9
1942.8,13.92
1943.5,13.9
1944.2,13.91
1945.0,13.91
1945.7,13.91
1946.4,13.93
1947.2,13.94
1947.9,13.96
1948.6,13.97
1949.4,13.96
1950.1,13.96
1950.8,13.97
1951.6,13.97
1952.3,13.95
1953.0,13.96
1953.8,13.97
1954.5,13.96
1955.2,13.96
1956.0,13.95
1956.7,13.96
1957.5,13.98
1958.2,13.96
1958.9,13.96
1959.7,14.01
1960.4,14.02
1961.2,13.99
1961.9,14.0
1962.6,13.99
1963.4,13.97
1964.1,13.98
1964.9,13.99
1965.6,14.0
1966.4,14.01
1967.1,13.97
1967.9,13.96
1968.6,13.98
1969.3,14.0
1970.1,14.02
1970.8,14.02
1971.6,14.02
1972.3,14.01
1973.1,14.02
1973.8,14.04
1974.6,14.05
1975.3,14.05
1976.1,14.03
1976.9,14.05
1977.6,14.05
1978.4,14.04
1979.1,14.04
1979.9,14.03
1980.6,14.05
1981.4,14.07
1982.2,14.03
1982.9,14.0
1983.7,14.04
1984.4,14.06
1985.2,14.05
1985.9,14.04
1986.7,14.03
1987.5,14.04
1988.2,14.06
1989.0,14.06
1989.8,14.07
1990.5,14.07
1991.3,14.07
1992.1,14.05
1992.8,14.05
1993.6,14.04
1994.3,14.02
1995.1,14.04
1995.9,14.07
1996.7,14.09
1997.4,14.09
1998.2,14.08
1999.0,14.06
1999.7,14.09
2000.5,14.11
2001.3,14.11
2002.1,14.12
2002.8,14.11
2003.6,14.07
2004.4,14.09
2005.2,14.13
2005.9,14.16
2006.7,14.18
2007.5,14.16
2008.3,14.12
2009.0,14.1
2009.8,14.12
2010.6,14.16
2011.4,14.14
2012.2,14.12
2012.9,14.16
2013.7,14.14
2014.5,14.12
2015.3,14.12
2016.1,14.13
2016.8,14.18
2017.6,14.2
2018.4,14.16
2019.2,14.14
2020.0,14.15
2020.8,14.14
2021.6,14.18
2022.3,14.19
2023.1,14.19
2023.9,14.17
2024.7,14.18
2025.5,14.19
2026.3,14.19
2027.1,14.2
2027.9,14.19
2028.7,14.16
2029.5,14.15
2030.3,14.15
2031.1,14.17
2031.9,14.21
2032.7,14.24
2033.5,14.19
2034.3,14.19
2035.1,14.22
2035.8,14.24
2036.7,14.22
2037.4,14.22
2038.3,14.24
2039.1,14.25
2039.9,14.23
2040.7,14.22
2041.5,14.19
2042.3,14.2
2043.1,14.24
2043.9,14.27
2044.7,14.31
2045.5,14.28
2046.3,14.24
2047.1,14.25
2047.9,14.26
2048.7,14.25
2049.5,14.24
2050.4,14.26
2051.2,14.26
2052.0,14.26
2052.8,14.26
2053.6,14.27
2054.4,14.27
2055.2,14.29
2056.0,14.3
2056.9,14.29
2057.7,14.31
2058.5,14.32
2059.3,14.31
2060.1,14.31
2060.9,14.26
2061.8,14.24
2062.6,14.28
2063.4,14.31
2064.2,14.32
2065.1,14.32
2065.9,14.32
2066.7,14.32
2067.5,14.33
2068.3,14.35
2069.2,14.34
2070.0,14.34
2070.8,14.34
2071.6,14.34
2072.5,14.34
2073.3,14.33
2074.1,14.33
2075.0,14.35
2075.8,14.34
2076.6,14.34
2077.5,14.34
2078.3,14.34
2079.1,14.34
2080.0,14.34
2080.8,14.39
2081.6,14.41
2082.5,14.39
2083.3,14.39
2084.1,14.4
2085.0,14.41
2085.8,14.37
2086.6,14.34
2087.5,14.35
2088.3,14.38
2089.2,14.4
2090.0,14.4
2090.9,14.41
2091.7,14.42
2092.6,14.42
2093.4,14.43
2094.2,14.43
2095.1,14.43
2095.9,14.44
2096.8,14.44
2097.6,14.43
2098.5,14.44
2099.3,14.44
2100.2,14.43
2101.0,14.43
2101.9,14.42
2102.7,14.43
2103.6,14.46
2104.4,14.48
2105.3,14.49
2106.1,14.49
2107.0,14.46
2107.9,14.48
2108.7,14.48
2109.6,14.5
2110.4,14.52
2111.3,14.51
2112.1,14.49
2113.0,14.47
2113.9,14.46
2114.7,14.46
2115.6,14.47
2116.5,14.48
2117.3,14.45
2118.2,14.46
2119.1,14.48
2119.9,14.48
2120.8,14.48
2121.7,14.49
2122.5,14.51
2123.4,14.52
2124.3,14.52
2125.1,14.51
2126.0,14.54
2126.9,14.53
2127.8,14.52
2128.6,14.52
2129.5,14.5
2130.4,14.51
2131.3,14.52
2132.1,14.52
2133.0,14.53
2133.9,14.53
2134.8,14.52
2135.6,14.52
2136.5,14.55
2137.4,14.55
2138.3,14.55
2139.2,14.55
2140.1,14.55
2140.9,14.53
2141.8,14.54
2142.7,14.56
2143.6,14.58
2144.5,14.59
2145.4,14.57
2146.3,14.56
2147.1,14.59
2148.0,14.59
2148.9,14.57
2149.8,14.59
2150.7,14.61
2151.6,14.63
2152.5,14.61
2153.4,14.59
2154.3,14.61
2155.2,14.6
2156.1,14.62
2157.0,14.62
2157.9,14.63
2158.8,14.64
2159.7,14.62
2160.6,14.61
2161.5,14.63
2162.4,14.62
2163.3,14.62
2164.2,14.64
2165.1,14.63
2166.0,14.61
2166.9,14.62
2167.8,14.62
2168.7,14.62
2169.6,14.61
2170.5,14.64
2171.4,14.69
2172.3,14.68
2173.2,14.68
2174.1,14.67
2175.1,14.65
2176.0,14.65
2176.9,14.67
2177.8,14.67
2178.7,14.69
2179.6,14.7
2180.6,14.67
2181.5,14.7
2182.4,14.68
2183.3,14.67
2184.2,14.71
2185.1,14.71
2186.1,14.73
2187.0,14.75
2187.9,14.76
2188.8,14.73
2189.8,14.72
2190.7,14.72
2191.6,14.73
2192.5,14.75
2193.5,14.75
2194.4,14.74
2195.3,14.73
2196.3,14.72
2197.2,14.72
2198.1,14.71
2199.1,14.73
2200.0,14.76
2200.9,14.79
2201.9,14.75
2202.8,14.73
2203.7,14.76
2204.7,14.77
2205.6,14.76
2206.5,14.75
2207.5,14.76
2208.4,14.75
2209.4,14.79
2210.3,14.82
2211.2,14.8
2212.2,14.78
2213.1,14.81
2214.1,14.82
2215.0,14.8
2216.0,14.79
2216.9,14.83
2217.9,14.84
2218.8,14.82
2219.8,14.81
2220.7,14.82
2221.7,14.82
2222.6,14.83
2223.6,14.84
2224.5,14.84
2225.5,14.83
2226.4,14.84
2227.4,14.84
2228.4,14.84
2229.3,14.86
2230.3,14.85
2231.2,14.85
2232.2,14.84
2233.1,14.81
2234.1,14.81
2235.1,14.84
2236.0,14.86
2237.0,14.87
2238.0,14.86
2238.9,14.85
2239.9,14.87
2240.9,14.9
2241.8,14.88
2242.8,14.86
2243.8,14.88
2244.8,14.87
2245.7,14.89
2246.7,14.88
2247.7,14.86
2248.6,14.87
2249.6,14.89
2250.6,14.9
2251.6,14.88
2252.6,14.89
2253.5,14.9
2254.5,14.89
2255.5,14.9
2256.5,14.94
2257.5,14.95
2258.4,14.94
2259.4,14.95
2260.4,14.93
2261.4,14.94
2262.4,14.93
2263.4,14.91
2264.4,14.9
2265.4,14.9
2266.3,14.92
2267.3,14.93
2268.3,14.93
2269.3,14.94
2270.3,14.97
2271.3,14.98
2272.3,14.98
2273.3,14.98
2274.3,14.96
2275.3,14.96
2276.3,14.98
2277.3,15.02
2278.3,15.01
2279.3,14.98
2280.3,15.0
2281.3,15.0
2282.3,14.97
2283.3,14.97
2284.3,15.01
2285.3,15.0
2286.3,14.97
2287.3,14.98
2288.3,15.01
2289.4,15.01
2290.4,15.0
2291.4,15.0
2292.4,15.04
2293.4,15.08
2294.4,15.08
2295.4,15.06
2296.4,15.05
2297.5,15.06
2298.5,15.06
2299.5,15.05
2300.5,15.03
2301.6,15.02
2302.6,15.04
2303.6,15.07
2304.6,15.07
2305.6,15.07
2306.7,15.1
2307.7,15.1
2308.7,15.1
2309.8,15.11
2310.8,15.11
2311.8,15.06
2312.8,15.04
2313.9,15.06
2314.9,15.08
2315.9,15.11
2317.0,15.1
2318.0,15.1
2319.1,15.08
2320.1,15.07
2321.1,15.08
2322.2,15.11
2323.2,15.11
2324.3,15.12
2325.3,15.14
2326.3,15.17
2327.4,15.16
2328.4,15.17
2329.5,15.16
2330.5,15.14
2331.6,15.15
2332.6,15.17
2333.7,15.19
2334.7,15.18
2335.8,15.15
2336.8,15.17
2337.9,15.2
2338.9,15.21
2340.0,15.19
2341.0,15.2
2342.1,15.21
2343.1,15.19
2344.2,15.18
2345.3,15.18
2346.3,15.18
2347.4,15.19
2348.5,15.21
2349.5,15.19
2350.6,15.18
2351.7,15.18
2352.7,15.19
2353.8,15.23
2354.9,15.25
2355.9,15.24
2357.0,15.23
2358.1,15.23
2359.1,15.24
2360.2,15.25
2361.3,15.25
2362.4,15.25
2363.4,15.24
2364.5,15.24
2365.6,15.24
2366.7,15.24
2367.8,15.27
2368.9,15.26
2369.9,15.24
2371.0,15.26
2372.1,15.27
2373.2,15.27
2374.3,15.27
2375.4,15.28
2376.4,15.27
2377.5,15.29
2378.6,15.29
2379.7,15.28
2380.8,15.31
2381.9,15.36
2383.0,15.36
2384.1,15.34
2385.2,15.32
2386.3,15.29
2387.4,15.29
2388.5,15.3
2389.6,15.33
2390.7,15.36
2391.8,15.35
2392.9,15.34
2394.0,15.36
2395.1,15.38
2396.2,15.39
2397.3,15.39
2398.4,15.4
2399.5,15.37
2400.6,15.36
2401.8,15.38
2402.9,15.39
2404.0,15.37
2405.1,15.38
2406.2,15.37
2407.3,15.37
2408.5,15.41
2409.6,15.42
2410.7,15.4
2411.8,15.38
2412.9,15.41
2414.1,15.46
2415.2,15.43
2416.3,15.41
2417.4,15.42
2418.6,15.43
2419.7,15.45
2420.8,15.43
2422.0,15.41
2423.1,15.44
2424.2,15.43
2425.4,15.43
2426.5,15.46
2427.6,15.49
2428.8,15.5
2429.9,15.51
2431.1,15.51
2432.2,15.48
2433.3,15.45
2434.5,15.46
2435.6,15.46
2436.8,15.46
2437.9,15.45
2439.1,15.48
2440.2,15.53
2441.4,15.53
2442.5,15.5
2443.6,15.49
2444.8,15.5
2445.9,15.51
2447.1,15.52
2448.3,15.54
2449.4,15.55
2450.6,15.53
2451.7,15.53
2452.9,15.53
2454.1,15.53
2455.2,15.53
2456.4,15.55
2457.6,15.56
2458.7,15.55
2459.9,15.57
2461.1,15.58
2462.2,15.59
2463.4,15.61
2464.6,15.6
2465.7,15.56
2466.9,15.55
2468.1,15.55
2469.3,15.56
2470.4,15.6
2471.6,15.62
2472.8,15.63
2474.0,15.63
2475.1,15.62
2476.3,15.61
2477.5,15.59
2478.7,15.6
2479.9,15.61
2481.1,15.62
2482.3,15.64
2483.4,15.66
2484.6,15.65
2485.8,15.64
2487.0,15.66
2488.2,15.64
2489.4,15.64
2490.6,15.66
2491.8,15.65
2493.0,15.67
2494.2,15.68
2495.4,15.65
2496.6,15.67
2497.8,15.7
2499.0,15.69
2500.2,15.67
2501.4,15.67
2502.6,15.7
2503.8,15.73
2505.0,15.74
2506.3,15.72
2507.5,15.68
2508.7,15.66
2509.9,15.67
2511.1,15.68
2512.3,15.71
2513.5,15.71
2514.8,15.71
2516.0,15.73
2517.2,15.75
2518.4,15.75
2519.6,15.74
2520.9,15.71
2522.1,15.71
2523.3,15.72
2524.6,15.75
2525.8,15.75
2527.0,15.76
2528.2,15.76
2529.5,15.76
2530.7,15.79
2531.9,15.81
2533.2,15.82
2534.4,15.82
2535.7,15.8
2536.9,15.77
2538.1,15.75
2539.4,15.75
2540.6,15.77
2541.9,15.79
2543.1,15.78
2544.4,15.8
2545.6,15.85
2546.9,15.86
2548.1,15.85
2549.4,15.84
2550.6,15.85
2551.9,15.85
2553.1,15.86
2554.4,15.86
2555.6,15.85
2556.9,15.85
2558.2,15.85
2559.4,15.85
2560.7,15.87
2562.0,15.89
2563.2,15.89
2564.5,15.86
2565.8,15.82
2567.0,15.82
2568.3,15.86
2569.6,15.91
2570.9,15.9
2572.1,15.86
2573.4,15.88
2574.7,15.91
2576.0,15.91
2577.3,15.91
2578.5,15.96
2579.8,15.97
2581.1,15.93
2582.4,15.93
2583.7,15.94
2585.0,15.95
2586.2,15.95
2587.5,15.93
2588.8,15.91
2590.1,15.93
2591.4,15.95
2592.7,16.0
2594.0,16.01
2595.3,16.0
2596.6,16.01
2597.9,16.0
2599.2,15.99
2600.5,15.99
2601.8,15.97
2603.1,15.99
2604.4,16.0
2605.7,15.98
2607.1,15.97
2608.4,15.99
2609.7,15.99
2611.0,16.0
2612.3,15.99
2613.6,15.98
2614.9,15.99
2616.3,16.0
2617.6,16.05
2618.9,16.05
2620.2,16.02
2621.6,16.01
2622.9,16.01
2624.2,16.03
2625.5,16.05
2626.9,16.06
2628.2,16.07
2629.5,16.07
2630.9,16.08
2632.2,16.09
2633.5,16.07
2634.9,16.1
2636.2,16.11
2637.6,16.08
2638.9,16.08
2640.2,16.11
2641.6,16.12
2642.9,16.09
2644.3,16.06
2645.6,16.07
2647.0,16.11
2648.3,16.11
2649.7,16.11
2651.0,16.12
2652.4,16.16
2653.8,16.15
2655.1,16.16
2656.5,16.17
2657.8,16.17
2659.2,16.13
2660.6,16.11
2661.9,16.12
2663.3,16.17
2664.7,16.18
2666.0,16.17
2667.4,16.21
2668.8,16.21
2670.1,16.16
2671.5,16.16
2672.9,16.18
2674.3,16.2
2675.6,16.21
2677.0,16.21
2678.4,16.23
2679.8,16.25
2681.2,16.27
2682.6,16.26
2684.0,16.2
2685.4,16.19
2686.8,16.27
2688.1,16.29
2689.5,16.29
2690.9,16.29
2692.3,16.3
2693.7,16.31
2695.1,16.27
2696.5,16.25
2697.9,16.3
2699.3,16.32
2700.7,16.32
2702.1,16.32
2703.6,16.34
2705.0,16.33
2706.4,16.35
2707.8,16.35
2709.2,16.34
2710.6,16.32
2712.0,16.32
2713.5,16.35
2714.9,16.38
2716.3,16.37
2717.7,16.39
2719.1,16.39
2720.6,16.39
2722.0,16.36
2723.4,16.36
2724.9,16.44
2726.3,16.41
2727.7,16.36
2729.2,16.38
2730.6,16.44
2732.1,16.49
2733.5,16.55
2734.9,16.54
2736.4,16.53
2737.8,16.54
2739.3,16.56
2740.7,16.58
2742.2,16.58
2743.6,16.56
2745.1,16.54
2746.5,16.53
2748.0,16.53
2749.4,16.54
2750.9,16.52
2752.4,16.54
2753.8,16.52
2755.3,16.5
2756.7,16.51
2758.2,16.51
2759.7,16.53
2761.1,16.56
2762.6,16.54
2764.1,16.51
2765.6,16.48
2767.0,16.44
2768.5,16.46
2770.0,16.48
2771.5,16.47
2773.0,16.44
2774.4,16.44
2775.9,16.46
2777.4,16.45
2778.9,16.43
2780.4,16.45
2781.9,16.45
2783.4,16.41
2784.9,16.38
2786.4,16.4
2787.9,16.41
2789.4,16.39
2790.9,16.37
2792.4,16.33
2793.9,16.31
2795.4,16.31
2796.9,16.29
2798.4,16.3
2799.9,16.28
2801.4,16.3
2802.9,16.26
2804.4,16.19
2806.0,16.18
2807.5,16.21
2809.0,16.2
2810.5,16.19
2812.1,16.2
2813.6,16.15
2815.1,16.12
2816.6,16.13
2818.2,16.15
2819.7,16.13
2821.2,16.12
2822.8,16.14
2824.3,16.1
2825.9,16.11
2827.4,16.12
2828.9,16.1
2830.5,16.11
2832.0,16.09
2833.6,16.08
2835.1,16.09
2836.7,16.06
2838.2,16.03
2839.8,16.02
2841.3,16.01
2842.9,15.95
2844.4,15.96
2846.0,15.99
2847.6,15.98
2849.1,15.94
2850.7,15.9
2852.3,15.92
2853.8,15.94
2855.4,15.95
2857.0,15.95
2858.6,15.96
2860.1,15.93
2861.7,15.91
2863.3,15.92
2864.9,15.91
2866.5,15.87
2868.1,15.83
2869.6,15.84
2871.2,15.88
2872.8,15.89
2874.4,15.85
2876.0,15.85
2877.6,15.88
2879.2,15.87
2880.8,15.85
2882.4,15.86
2884.0,15.87
2885.6,15.84
2887.2,15.82
2888.8,15.81
2890.4,15.78
2892.0,15.76
2893.6,15.77
2895.3,15.78
2896.9,15.78
2898.5,15.76
2900.1,15.75
2901.8,15.75
2903.4,15.77
2905.0,15.74
2906.6,15.75
2908.3,15.72
2909.9,15.68
2911.5,15.68
2913.2,15.69
2914.8,15.69
2916.4,15.68
2918.1,15.66
2919.7,15.65
2921.4,15.67
2923.0,15.69
2924.7,15.7
2926.3,15.7
2928.0,15.7
2929.6,15.67
2931.3,15.62
2932.9,15.63
2934.6,15.67
2936.3,15.67
2937.9,15.66
2939.6,15.66
2941.3,15.64
2942.9,15.63
2944.6,15.67
2946.3,15.63
2947.9,15.62
2949.6,15.7
2951.3,15.73
2953.0,15.7
2954.7,15.65
2956.3,15.66
2958.0,15.68
2959.7,15.67
2961.4,15.69
2963.1,15.7
2964.8,15.7
2966.5,15.7
2968.2,15.74
2969.9,15.74
2971.6,15.7
2973.3,15.71
2975.0,15.69
2976.7,15.71
2978.4,15.72
2980.1,15.73
2981.9,15.77
2983.6,15.74
2985.3,15.74
2987.0,15.74
2988.7,15.7
2990.4,15.71
2992.2,15.76
2993.9,15.74
2995.6,15.74
2997.4,15.8
2999.1,15.83
3000.8,15.82
3002.6,15.79
3004.3,15.79
3006.1,15.81
3007.8,15.78
3009.5,15.77
3011.3,15.78
3013.0,15.8
3014.8,15.82
3016.5,15.81
3018.3,15.81
3020.1,15.81
3021.8,15.81
3023.6,15.81
3025.3,15.83
3027.1,15.88
3028.9,15.91
3030.6,15.87
3032.4,15.82
3034.2,15.81
3036.0,15.8
3037.7,15.81
3039.5,15.84
3041.3,15.85
3043.1,15.84
3044.9,15.83
3046.7,15.83
3048.5,15.84
3050.3,15.86
3052.1,15.87
3053.8,15.89
3055.6,15.89
3057.4,15.87
3059.3,15.89
3061.1,15.87
3062.9,15.84
3064.7,15.86
3066.5,15.89
3068.3,15.9
3070.1,15.89
3071.9,15.9
3073.8,15.91
3075.6,15.92
3077.4,15.91
3079.2,15.91
3081.1,15.94
3082.9,15.95
3084.7,15.93
3086.6,15.91
3088.4,15.94
3090.2,15.98
3092.1,15.97
3093.9,15.94
3095.8,15.96
3097.6,15.98
3099.5,15.99
3101.3,15.99
3103.2,16.0
3105.1,16.01
3106.9,15.98
3108.8,16.01
3110.6,16.05
3112.5,16.09
3114.4,16.1
3116.2,16.09
3118.1,16.08
3120.0,16.09
3121.9,16.1
3123.8,16.07
3125.6,16.07
3127.5,16.1
3129.4,16.1
3131.3,16.1
3133.2,16.16
3135.1,16.17
3137.0,16.14
3138.9,16.15
3140.8,16.2
3142.7,16.19
3144.6,16.2
3146.5,16.22
3148.4,16.19
3150.3,16.18
3152.2,16.18
3154.1,16.18
3156.1,16.19
3158.0,16.17
3159.9,16.2
3161.8,16.23
3163.8,16.2
3165.7,16.2
3167.6,16.26
3169.6,16.27
3171.5,16.27
3173.5,16.3
3175.4,16.3
3177.3,16.3
3179.3,16.29
3181.2,16.3
3183.2,16.32
3185.1,16.33
3187.1,16.33
3189.1,16.34
3191.0,16.34
3193.0,16.32
3195.0,16.33
3196.9,16.32
3198.9,16.32
3200.9,16.33
3202.9,16.34
3204.8,16.36
3206.8,16.38
3208.8,16.38
3210.8,16.41
3212.8,16.4
3214.8,16.36
3216.8,16.36
3218.8,16.36
3220.8,16.37
3222.8,16.38
3224.8,16.38
3226.8,16.38
3228.8,16.4
3230.8,16.41
3232.8,16.4
3234.8,16.39
3236.8,16.38
3238.9,16.37
3240.9,16.4
3242.9,16.4
3244.9,16.41
3247.0,16.43
3249.0,16.45
3251.1,16.47
3253.1,16.45
3255.1,16.43
3257.2,16.42
3259.2,16.43
3261.3,16.42
3263.3,16.41
3265.4,16.46
3267.4,16.48
3269.5,16.48
3271.6,16.47
3273.6,16.46
3275.7,16.48
3277.8,16.51
3279.8,16.53
3281.9,16.52
3284.0,16.53
3286.1,16.53
3288.2,16.56
3290.2,16.59
3292.3,16.59
3294.4,16.58
3296.5,16.59
3298.6,16.6
3300.7,16.6
3302.8,16.58
3304.9,16.6
3307.0,16.6
3309.1,16.6
3311.3,16.62
3313.4,16.6
3315.5,16.6
3317.6,16.62
3319.7,16.62
3321.9,16.63
3324.0,16.63
3326.1,16.62
3328.3,16.6
3330.4,16.56
3332.5,16.53
3334.7,16.56
3336.8,16.54
3339.0,16.52
3341.1,16.51
3343.3,16.51
3345.4,16.49
3347.6,16.45
3349.8,16.44
3351.9,16.43
3354.1,16.38
3356.3,16.33
3358.4,16.3
3360.6,16.24
3362.8,16.2
3365.0,16.17
3367.2,16.17
3369.4,16.14
3371.5,16.1
3373.7,16.09
3375.9,16.06
3378.1,16.04
3380.3,16.06
3382.5,16.08
3384.7,16.09
3386.9,16.12
3389.2,16.14
3391.4,16.17
3393.6,16.18
3395.8,16.2
3398.1,16.23
3400.3,16.23
3402.5,16.2
3404.7,16.21
3407.0,16.2
3409.2,16.21
3411.5,16.21
3413.7,16.21
3416.0,16.25
3418.2,16.3
3420.5,16.33
3422.7,16.34
3425.0,16.37
3427.3,16.44
3429.5,16.48
3431.8,16.5
3434.1,16.52
3436.3,16.57
3438.6,16.62
3440.9,16.66
3443.2,16.69
3445.5,16.72
3447.8,16.73
3450.1,16.72
3452.4,16.74
3454.6,16.78
3456.9,16.83
3459.3,16.84
3461.6,16.84
3463.9,16.86
3466.2,16.85
3468.5,16.83
3470.8,16.82
3473.2,16.83
3475.5,16.83
3477.8,16.83
3480.1,16.84
3482.5,16.84
3484.8,16.88
3487.2,16.91
3489.5,16.94
3491.9,16.99
3494.2,17.02
3496.6,17.05
3498.9,17.08
3501.3,17.1
3503.7,17.16
3506.0,17.2
3508.4,17.21
3510.8,17.22
3513.2,17.27
3515.5,17.34
3517.9,17.36
3520.3,17.38
3522.7,17.41
3525.1,17.46
3527.5,17.47
3529.9,17.47
3532.3,17.51
3534.7,17.53
3537.1,17.56
3539.5,17.59
3541.9,17.61
3544.4,17.62
3546.8,17.65
3549.2,17.64
3551.7,17.62
3554.1,17.63
3556.5,17.66
3559.0,17.69
3561.4,17.71
3563.9,17.71
3566.3,17.71
3568.8,17.75
3571.2,17.74
3573.7,17.73
3576.1,17.75
3578.6,17.74
3581.1,17.77
3583.6,17.79
3586.0,17.8
3588.5,17.81
3591.0,17.84
3593.5,17.84
3596.0,17.83
3598.5,17.84
3601.0,17.84
3603.5,17.86
3606.0,17.88
3608.5,17.9
3611.0,17.9
3613.5,17.88
3616.1,17.88
3618.6,17.91
3621.1,17.92
3623.6,17.91
3626.2,17.92
3628.7,17.92
3631.3,17.95
3633.8,17.96
3636.3,17.95
3638.9,17.93
3641.4,17.96
3644.0,17.99
3646.6,18.0
3649.1,18.02
3651.7,18.01
3654.3,18.01
3656.9,18.0
3659.4,18.01
3662.0,18.03
3664.6,18.02
3667.2,18.03
3669.8,18.05
3672.4,18.08
3675.0,18.08
3677.6,18.07
3680.2,18.08
3682.8,18.09
3685.4,18.14
3688.1,18.15
3690.7,18.11
3693.3,18.14
3695.9,18.16
3698.6,18.16
3701.2,18.17
3703.9,18.15
3706.5,18.13
3709.2,18.15
3711.8,18.17
3714.5,18.2
3717.1,18.21
3719.8,18.23
3722.5,18.22
3725.2,18.22
3727.8,18.23
3730.5,18.23
3733.2,18.23
3735.9,18.25
3738.6,18.27
3741.3,18.28
3744.0,18.28
3746.7,18.27
3749.4,18.27
3752.1,18.29
3754.8,18.29
3757.6,18.29
3760.3,18.3
3763.0,18.3
3765.7,18.34
3768.5,18.36
3771.2,18.35
3774.0,18.35
3776.7,18.34
3779.5,18.34
3782.2,18.34
3785.0,18.34
3787.7,18.37
3790.5,18.38
3793.3,18.39
3796.1,18.4
3798.8,18.4
3801.6,18.38
3804.4,18.39
3807.2,18.42
3810.0,18.43
3812.8,18.44
3815.6,18.43
3818.4,18.42
3821.2,18.45
3824.1,18.46
3826.9,18.44
3829.7,18.45
3832.5,18.47
3835.4,18.46
3838.2,18.46
3841.1,18.49
3843.9,18.53
3846.8,18.52
3849.6,18.51
3852.5,18.53
3855.3,18.56
3858.2,18.56
3861.1,18.56
3863.9,18.56
3866.8,18.54
3869.7,18.57
3872.6,18.6
3875.5,18.6
3878.4,18.6
3881.3,18.6
3884.2,18.59
3887.1,18.6
3890.0,18.63
3893.0,18.65
3895.9,18.64
3898.8,18.61
3901.7,18.65
3904.7,18.68
3907.6,18.67
3910.6,18.68
3913.5,18.68
3916.5,18.69
3919.4,18.71
3922.4,18.71
3925.4,18.7
3928.4,18.69
3931.3,18.72
3934.3,18.73
3937.3,18.7
3940.3,18.7
3943.3,18.71
3946.3,18.73
3949.3,18.75
3952.3,18.78
3955.3,18.79
3958.3,18.81
3961.4,18.8
3964.4,18.79
3967.4,18.81
3970.5,18.81
3973.5,18.83
3976.6,18.84
3979.6,18.84
3982.6,18.87
3985.7,18.88
3988.8,18.89
3991.9,18.9
3994.9,18.9
3998.0,18.91
4001.1,18.93
4004.2,18.92
4007.3,18.94
4010.4,18.96
4013.5,18.96
4016.6,18.98
4019.7,18.98
4022.8,19.0
4025.9,19.02
4029.1,19.02
4032.2,19.01
4035.3,19.01
4038.5,19.03
4041.6,19.04
4044.8,19.03
4047.9,19.02
4051.1,19.04
4054.3,19.08
4057.4,19.08
4060.6,19.1
4063.8,19.12
4067.0,19.12
4070.2,19.12
4073.4,19.13
4076.6,19.14
4079.8,19.14
4083.0,19.14
4086.2,19.16
4089.4,19.16
4092.7,19.16
4095.9,19.17
4099.1,19.19
4102.4,19.21
4105.6,19.22
4108.9,19.21
4112.1,19.22
4115.4,19.23
4118.7,19.23
4122.0,19.26
4125.2,19.27
4128.5,19.27
4131.8,19.28
4135.1,19.3
4138.4,19.29
4141.7,19.27
4145.0,19.29
4148.3,19.32
4151.6,19.34
4155.0,19.33
4158.3,19.34
4161.6,19.37
4165.0,19.39
4168.3,19.38
4171.7,19.39
4175.0,19.4
4178.4,19.43
4181.8,19.44
4185.2,19.42
4188.5,19.41
4191.9,19.44
4195.3,19.45
4198.7,19.46
4202.1,19.48
4205.5,19.47
4208.9,19.47
4212.4,19.47
4215.8,19.49
4219.2,19.52
4222.6,19.53
4226.1,19.54
4229.5,19.56
4233.0,19.56
4236.5,19.57
4239.9,19.58
4243.4,19.58
4246.9,19.57
4250.3,19.59
4253.8,19.63
4257.3,19.62
4260.8,19.61
4264.3,19.64
4267.8,19.66
4271.3,19.67
4274.9,19.68
4278.4,19.71
4281.9,19.73
4285.5,19.73
4289.0,19.72
4292.6,19.71
4296.1,19.73
4299.7,19.74
4303.3,19.74
4306.8,19.76
4310.4,19.77
4314.0,19.77
4317.6,19.78
4321.2,19.79
4324.8,19.81
4328.4,19.83
4332.0,19.84
4335.6,19.85
4339.3,19.84
4342.9,19.85
4346.5,19.86
4350.2,19.86
4353.8,19.86
4357.5,19.89
4361.1,19.9
4364.8,19.89
4368.5,19.91
4372.2,19.91
4375.9,19.92
4379.6,19.93
4383.3,19.95
4387.0,19.97
4390.7,19.98
4394.4,19.98
4398.1,19.99
4401.9,20.01
4405.6,20.01
4409.4,20.01
4413.1,20.02
4416.9,20.03
4420.6,20.03
4424.4,20.04
4428.2,20.04
4432.0,20.04
4435.8,20.05
4439.6,20.08
4443.4,20.08
4447.2,20.09
4451.0,20.1
4454.8,20.11
4458.6,20.13
4462.5,20.14
4466.3,20.14
4470.2,20.16
4474.0,20.17
4477.9,20.18
4481.8,20.18
4485.6,20.18
4489.5,20.21
4493.4,20.21
4497.3,20.21
4501.2,20.21
4505.1,20.23
4509.0,20.24
4513.0,20.22
4516.9,20.21
4520.9,20.23
4524.8,20.25
4528.7,20.26
4532.7,20.27
4536.7,20.28
4540.6,20.29
4544.6,20.3
4548.6,20.28
4552.6,20.3
4556.6,20.32
4560.6,20.33
4564.6,20.34
4568.6,20.36
4572.7,20.37
4576.7,20.38
4580.8,20.38
4584.8,20.39
4588.9,20.4
4592.9,20.42
4597.0,20.43
4601.1,20.43
4605.2,20.44
4609.3,20.43
4613.4,20.43
4617.5,20.44
4621.6,20.45
4625.7,20.47
4629.8,20.48
4634.0,20.48
4638.1,20.48
4642.3,20.5
4646.4,20.51
4650.6,20.51
4654.8,20.51
4659.0,20.51
4663.1,20.52
4667.3,20.52
4671.5,20.54
4675.8,20.56
4680.0,20.57
4684.2,20.58
4688.4,20.58
4692.7,20.57
4696.9,20.58
4701.2,20.6
4705.5,20.62
4709.7,20.63
4714.0,20.62
4718.3,20.61
4722.6,20.63
4726.9,20.65
4731.2,20.66
4735.5,20.66
4739.9,20.65
4744.2,20.67
4748.5,20.68
4752.9,20.68
4757.3,20.69
4761.6,20.71
4766.0,20.74
4770.4,20.74
4774.8,20.75
4779.2,20.75
4783.6,20.75
4788.0,20.78
4792.4,20.79
4796.9,20.8
4801.3,20.8
4805.8,20.8
4810.2,20.8
4814.7,20.82
4819.1,20.83
4823.6,20.83
4828.1,20.82
4832.6,20.84
4837.1,20.89
4841.6,20.9
4846.2,20.89
4850.7,20.87
4855.3,20.88
4859.8,20.91
4864.4,20.93
4868.9,20.94
4873.5,20.94
4878.1,20.94
4882.7,20.94
4887.3,20.95
4891.9,20.99
4896.5,21.0
4901.1,21.0
4905.8,21.02
4910.4,21.01
4915.1,21.0
4919.7,21.01
4924.4,21.02
4929.1,21.02
4933.8,21.01
4938.5,21.03
4943.2,21.06
4947.9,21.09
4952.6,21.08
4957.4,21.1
4962.1,21.12
4966.9,21.11
4971.6,21.08
4976.4,21.1
4981.2,21.11
4986.0,21.11
4990.8,21.13
4995.6,21.15
5000.4,21.15
5005.2,21.15
5010.0,21.16
5014.9,21.17
5019.8,21.19
5024.6,21.2
5029.5,21.18
5034.4,21.18
5039.3,21.18
5044.2,21.19
5049.1,21.21
5054.0,21.22
5058.9,21.22
5063.9,21.22
5068.8,21.24
5073.8,21.25
5078.8,21.26
5083.7,21.25
5088.7,21.26
5093.7,21.26
5098.7,21.25
5103.7,21.25
5108.8,21.28
5113.8,21.29
5118.9,21.29
5123.9,21.31
5129.0,21.3
5134.1,21.31
5139.1,21.33
5144.3,21.31
5149.4,21.31
5154.5,21.34
5159.6,21.36
5164.7,21.36
5169.9,21.36
5175.0,21.35
5180.2,21.36
5185.4,21.36
5190.6,21.36
5195.8,21.38
5201.0,21.4
5206.2,21.39
5211.5,21.39
5216.7,21.38
5222.0,21.4
5227.2,21.39
5232.5,21.39
5237.8,21.41
5243.1,21.41
5248.4,21.4
5253.7,21.41
5259.0,21.43
5264.4,21.46
5269.7,21.45
5275.1,21.46
5280.5,21.48
5285.8,21.47
5291.2,21.45
5296.6,21.45
5302.0,21.45
5307.5,21.46
5312.9,21.47
5318.4,21.47
5323.8,21.47
5329.3,21.47
5334.8,21.46
5340.3,21.45
5345.8,21.48
5351.3,21.49
5356.8,21.46
5362.4,21.45
5367.9,21.46
5373.5,21.43
5379.0,21.4
5384.6,21.39
5390.2,21.38
5395.8,21.37
5401.5,21.38
5407.1,21.37
5412.7,21.36
5418.4,21.34
5424.1,21.36
5429.7,21.36
5435.4,21.32
5441.1,21.29
5446.9,21.27
5452.6,21.25
5458.3,21.24
5464.1,21.23
5469.8,21.21
5475.6,21.15
5481.4,21.1
5487.2,21.07
5493.0,21.02
5498.8,20.97
5504.7,20.93
5510.5,20.87
5516.4,20.78
5522.3,20.7
5528.1,20.62
5534.0,20.54
5540.0,20.43
5545.9,20.34
5551.8,20.24
5557.8,20.13
5563.7,20.02
5569.7,19.89
5575.7,19.77
5581.7,19.65
5587.7,19.52
5593.7,19.39
5599.8,19.24
5605.8,19.1
5611.9,18.97
5618.0,18.84
5624.1,18.71
5630.2,18.59
5636.3,18.48
5642.4,18.36
5648.6,18.23
5654.7,18.13
5660.9,18.0
5667.1,17.88
5673.3,17.77
5679.5,17.64
5685.7,17.51
5692.0,17.39
5698.2,17.24
5704.5,17.09
5710.8,16.96
5717.1,16.81
5723.4,16.67
5729.7,16.55
5736.0,16.44
5742.4,16.33
5748.8,16.23
5755.1,16.14
5761.5,16.08
5768.0,16.02
5774.4,15.95
5780.8,15.89
5787.3,15.83
5793.7,15.8
5800.2,15.77
5806.7,15.75
5813.2,15.75
5819.8,15.75
5826.3,15.77
5832.8,15.77
5839.4,15.77
5846.0,15.82
5852.6,15.88
5859.2,15.9
5865.8,15.92
5872.5,15.96
5879.1,16.04
5885.8,16.09
5892.5,16.12
5899.2,16.16
5905.9,16.2
5912.6,16.25
5919.4,16.3
5926.2,16.35
5932.9,16.37
5939.7,16.41
5946.5,16.43
5953.4,16.44
5960.2,16.47
5967.1,16.49
5974.0,16.51
5980.8,16.52
5987.8,16.54
5994.7,16.56
6001.6,16.56
6008.6,16.55
6015.5,16.55
6022.5,16.54
6029.5,16.54
6036.5,16.55
6043.6,16.55
6050.6,16.54
6057.7,16.51
6064.8,16.49
6071.9,16.46
6079.0,16.44
6086.1,16.39
6093.3,16.36
6100.5,16.34
6107.6,16.29
6114.9,16.25
6122.1,16.21
6129.3,16.19
6136.5,16.15
6143.8,16.07
6151.1,16.0
6158.4,15.96
6165.7,15.94
6173.1,15.91
6180.4,15.9
6187.8,15.89
6195.2,15.84
6202.6,15.78
6210.0,15.76
6217.5,15.76
6225.0,15.73
6232.4,15.74
6239.9,15.75
6247.5,15.75
6255.0,15.76
6262.5,15.77
6270.1,15.8
6277.7,15.85
6285.3,15.89
6292.9,15.92
6300.6,15.99
6308.3,16.07
6315.9,16.13
6323.6,16.17
6331.4,16.25
6339.1,16.35
6346.9,16.43
6354.6,16.49
6362.4,16.55
6370.3,16.61
6378.1,16.69
6385.9,16.77
6393.8,16.83
6401.7,16.89
6409.6,16.98
6417.6,17.06
6425.5,17.12
6433.5,17.17
6441.5,17.23
6449.5,17.3
6457.5,17.34
6465.6,17.37
6473.6,17.43
6481.7,17.49
6489.8,17.55
6498.0,17.58
6506.1,17.62
6514.3,17.64
6522.5,17.68
6530.7,17.69
6538.9,17.72
6547.2,17.77
6555.5,17.8
6563.8,17.82
6572.1,17.83
6580.4,17.8
6588.8,17.81
6597.2,17.81
6605.6,17.8
6614.0,17.82
6622.5,17.82
6630.9,17.83
6639.4,17.85
6647.9,17.84
6656.5,17.81
6665.0,17.8
6673.6,17.79
6682.2,17.78
6690.8,17.76
6699.5,17.73
6708.1,17.72
6716.8,17.7
6725.5,17.63
6734.3,17.56
6743.0,17.5
6751.8,17.44
6760.6,17.36
6769.4,17.28
6778.3,17.18
6787.1,17.08
6796.0,16.97
6805.0,16.86
6813.9,16.77
6822.9,16.69
6831.9,16.6
6840.9,16.54
6849.9,16.5
6859.0,16.47
6868.0,16.47
6877.2,16.45
6886.3,16.46
6895.5,16.48
6904.6,16.5
6913.8,16.53
6923.1,16.55
6932.3,16.55
6941.6,16.6
6950.9,16.62
6960.2,16.64
6969.6,16.65
6979.0,16.68
6988.4,16.69
6997.8,16.69
7007.3,16.72
7016.8,16.72
7026.3,16.71
7035.8,16.73
7045.4,16.76
7054.9,16.74
7064.5,16.75
7074.2,16.77
7083.9,16.79
7093.5,16.77
7103.3,16.75
7113.0,16.78
7122.8,16.79
7132.6,16.77
7142.4,16.78
7152.2,16.77
7162.1,16.74
7172.0,16.71
7182.0,16.69
7191.9,16.68
7201.9,16.65
7211.9,16.58
7222.0,16.54
7232.0,16.52
7242.1,16.5
7252.3,16.49
7262.4,16.49
7272.6,16.52
7282.8,16.55
7293.1,16.56
7303.3,16.55
7313.6,16.53
7324.0,16.49
7334.3,16.46
7344.7,16.42
7355.1,16.36
7365.6,16.38
7376.1,16.37
7386.6,16.35
7397.1,16.34
7407.7,16.34
7418.3,16.35
7428.9,16.32
7439.6,16.29
7450.3,16.29
7461.0,16.29
7471.7,16.27
7482.5,16.24
7493.3,16.23
7504.2,16.21
7515.0,16.18
7525.9,16.14
7536.9,16.13
7547.9,16.11
7558.9,16.07
7569.9,16.02
7581.0,15.99
7592.0,16.0
7603.2,15.96
7614.4,15.91
7625.5,15.91
7636.8,15.89
7648.0,15.87
7659.3,15.84
7670.7,15.82
7682.0,15.8
7693.4,15.78
7704.9,15.75
7716.3,15.69
7727.8,15.65
7739.4,15.65
7750.9,15.65
7762.5,15.62
7774.2,15.59
7785.8,15.55
7797.5,15.51
7809.3,15.49
7821.1,15.46
7832.9,15.44
7844.7,15.44
7856.6,15.47
7868.5,15.47
7880.5,15.46
7892.5,15.46
7904.5,15.41
7916.6,15.38
7928.7,15.4
7940.8,15.43
7953.0,15.4
7965.2,15.39
7977.5,15.4
7989.8,15.42
8002.1,15.42
8014.5,15.37
8026.9,15.42
8039.3,15.47
8051.8,15.45
8064.3,15.42
8076.9,15.46
8089.5,15.46
8102.1,15.43
8114.8,15.45
8127.5,15.51
8140.3,15.56
8153.1,15.58
8165.9,15.61
8178.8,15.61
8191.7,15.65
8204.7,15.71
8217.7,15.71
8230.7,15.73
8243.8,15.75
8257.0,15.75
8270.1,15.76
8283.3,15.81
8296.6,15.85
8309.9,15.87
8323.2,15.87
8336.6,15.88
8350.0,15.89
8363.5,15.84
8377.0,15.83
8390.5,15.89
8404.2,15.92
8417.8,15.92
8431.5,15.9
8445.2,15.9
8459.0,15.9
8472.8,15.93
8486.7,15.97
8500.6,15.97
8514.5,16.01
8528.5,16.04
8542.6,16.04
8556.7,16.08
8570.8,16.15
8585.0,16.24
8599.3,16.31
8613.5,16.4
8627.9,16.52
8642.3,16.63
8656.7,16.69
8671.2,16.76
8685.7,16.81
8700.3,16.85
8714.9,16.92
8729.6,16.95
8744.3,16.98
8759.0,17.06
8773.9,17.15
8788.7,17.2
8803.7,17.25
8818.6,17.29
8833.7,17.34
8848.7,17.39
8863.8,17.47
8879.0,17.51
8894.3,17.53
8909.5,17.59
8924.9,17.69
8940.3,17.78
8955.7,17.85
8971.2,17.88
8986.8,17.91
9002.3,17.97
9018.0,18.07
9033.7,18.19
9049.5,18.24
9065.3,18.28
9081.2,18.34
9097.1,18.38
9113.1,18.46
9129.1,18.54
9145.2,18.54
9161.4,18.54
9177.6,18.6
9193.9,18.66
9210.2,18.67
9226.6,18.67
9243.0,18.7
9259.5,18.74
9276.1,18.79
9292.7,18.84
9309.4,18.83
9326.2,18.82
9343.0,18.88
9359.8,18.92
9376.8,18.86
9393.7,18.84
9410.8,18.82
9427.9,18.8
9445.1,18.79
9462.3,18.8
9479.6,18.81
9497.0,18.81
9514.4,18.85
9531.9,18.88
9549.4,18.93
9567.1,18.97
9584.7,19.01
9602.5,19.03
9620.3,19.09
9638.2,19.2
9656.1,19.27
9674.2,19.34
9692.2,19.46
9710.4,19.59
9728.6,19.68
9746.9,19.73
9765.2,19.84
9783.7,19.93
9802.2,19.97
9820.7,20.04
9839.4,20.16
9858.1,20.31
9876.8,20.42
9895.7,20.52
9914.6,20.58
9933.6,20.61
9952.7,20.66
9971.8,20.72
9991.0,20.78
10010.3,20.84
10029.7,20.92
10049.1,20.98
10068.6,21.02
10088.2,21.09
10107.9,21.22
10127.6,21.35
10147.4,21.43
10167.3,21.5
10187.3,21.62
10207.4,21.72
10227.5,21.78
10247.7,21.83
10268.0,21.91
10288.4,21.95
10308.8,22.02
10329.4,22.07
10350.0,22.13
10370.7,22.2
10391.5,22.25
10412.3,22.3
10433.3,22.38
10454.3,22.42
10475.5,22.47
10496.7,22.52
10517.9,22.58
10539.3,22.61
10560.8,22.59
10582.3,22.62
10604.0,22.67
10625.7,22.7
10647.5,22.74
10669.4,22.76
10691.4,22.76
10713.5,22.77
10735.7,22.74
10758.0,22.72
10780.3,22.67
10802.8,22.62
10825.4,22.62
10848.0,22.62
10870.8,22.61
10893.6,22.62
10916.5,22.6
10939.5,22.58
10962.7,22.59
10985.9,22.53
11009.2,22.5
11032.7,22.5
11056.2,22.44
11079.8,22.36
11103.5,22.39
11127.3,22.47
11151.3,22.49
11175.3,22.47
11199.5,22.45
11223.7,22.45
11248.0,22.37
11272.5,22.37
11297.1,22.43
11321.7,22.49
11346.5,22.48
11371.4,22.47
11396.4,22.5
11421.5,22.51
11446.7,22.51
11472.0,22.51
11497.5,22.53
11523.0,22.6
11548.7,22.61
11574.4,22.59
11600.3,22.67
11626.3,22.71
11652.5,22.62
11678.7,22.51
11705.1,22.5
11731.6,22.53
11758.2,22.5
11784.9,22.5
11811.7,22.48
11838.7,22.44
11865.8,22.42
11893.0,22.36
11920.3,22.34
11947.8,22.36
11975.4,22.37
12003.1,22.35
12031.0,22.35
12059.0,22.37
12087.1,22.35
12115.3,22.38
12143.7,22.43
12172.2,22.36
12200.8,22.28
12229.6,22.33
12258.5,22.47
12287.6,22.53
12316.8,22.49
12346.1,22.54
12375.5,22.63
12405.2,22.67
12434.9,22.68
12464.8,22.65
12494.8,22.64
12525.0,22.7
12555.3,22.76
12585.8,22.79
12616.4,22.77
12647.2,22.73
12678.1,22.68
12709.2,22.66
12740.4,22.64
12771.8,22.6
12803.3,22.65
12835.0,22.69
12866.9,22.63
12898.9,22.61
12931.1,22.64
12963.4,22.63
12995.9,22.63
13028.5,22.69
13061.3,22.7
13094.3,22.66
13127.5,22.66
13160.8,22.65
13194.3,22.62
13228.0,22.67
13261.8,22.71
13295.8,22.71
13330.0,22.73
13364.3,22.75
13398.9,22.76
13433.6,22.81
13468.5,22.85
13503.5,22.87
13538.8,22.84
13574.2,22.82
13609.9,22.88
13645.7,22.95
13681.7,22.93
13717.9,22.88
13754.3,22.84
13790.8,22.78
13827.6,22.78
13864.6,22.8
13901.8,22.78
13939.1,22.7
13976.7,22.62
14014.5,22.58
14052.5,22.59
14090.7,22.52
14129.0,22.45
14167.7,22.41
14206.5,22.33
14245.5,22.26
14284.7,22.21
14324.2,22.18
14363.9,22.13
14403.8,22.06
14443.9,22.08
14484.2,22.04
14524.8,21.88
14565.6,21.82
14606.7,21.79
14647.9,21.69
14689.4,21.59
14731.2,21.56
14773.1,21.44
14815.3,21.31
14857.8,21.25
14900.5,21.21
14943.4,21.2
14986.6,21.16
15030.0,21.15
15073.7,21.14
15117.7,21.1
15161.9,21.1
15206.3,21.07
15251.1,21.0
15296.1,20.99
15341.3,20.99
15386.8,20.99
15432.6,20.94
15478.7,20.9
15525.0,20.91
15571.7,20.91
15618.6,20.85
15665.8,20.81
15713.2,20.72
15761.0,20.76
15809.0,20.87
15857.4,20.87
15906.0,20.91
15955.0,20.97
16004.2,21.04
16053.8,21.17
16103.6,21.33
16153.8,21.46
16204.3,21.57
16255.1,21.66
16306.2,21.82
16357.6,21.99
16409.4,22.11
16461.5,22.23
16513.9,22.3
16566.7,22.33
16619.8,22.35
16673.2,22.44
16727.0,22.48
16781.1,22.5
16835.6,22.48
16890.5,22.42
16945.7,22.53
17001.2,22.39
17057.2,22.19
17113.4,22.25
17170.1,22.43
17227.2,22.59
17284.6,22.59
17342.4,22.65
17400.6,22.8
17459.2,22.99
17518.2,23.13
17577.5,23.22
17637.3,23.33
17697.5,23.43
17758.1,23.55
17819.2,23.61
17880.6,23.56
17942.5,23.55
18004.8,23.4
18067.5,23.45
18130.7,23.66
18194.3,23.69
18258.4,23.43
18322.9,23.34
18387.9,23.48
18453.3,23.54
18519.2,23.39
18585.6,23.35
18652.4,23.36
18719.8,23.27
18787.6,23.07
18855.9,22.94
18924.8,22.86
18994.1,22.93
19063.9,22.99
19134.3,22.96
19205.1,22.98
19276.5,22.87
19348.4,22.83
19420.9,22.83
19493.9,22.83
19567.5,22.84
19641.6,22.9
19716.3,22.93
19791.5,23.19
19867.4,23.34
19943.8,23.35
20020.8,23.71
20098.4,23.89
20176.6,23.99
20255.4,24.29
20334.8,24.43
20414.9,24.6
20495.6,24.93
20576.9,25.19
20658.9,25.13
20741.5,25.33
20824.8,25.75
20908.8,26.06
20993.4,26.16
21078.8,26.23
21164.8,26.36
21251.6,26.42
21339.0,26.41
21427.2,26.5
21516.1,26.61
21605.8,26.7
21696.2,26.65
21787.3,26.77
21879.3,27.15
21972.0,27.31
22065.5,27.16
22159.8,27.05
22254.9,26.94
22350.8,26.89
22447.5,27.13
22545.1,27.41
22643.6,27.73
22742.9,27.95
22843.1,27.61
22944.2,27.0
23046.2,27.05
23149.0,27.86
23252.8,27.98
23357.6,27.65
23463.3,27.86
23569.9,27.48
23677.6,27.39
23786.2,28.16
23895.8,28.23
24006.4,27.46
24118.1,27.4
24230.8,28.16
24344.5,28.2
24459.4,27.49
24575.3,27.5
24692.3,27.6
24810.4,27.75
24929.7,28.97
25050.2,29.01
