Composition,
Date Added,1991-08-15
Formula,
Grain Size Description,<0.0um
Grain Size,Unknown
Locality,
Minimum Wavelength,900
Sample Name,Actinolite #6 
Maximum Wavelength,25988
Database of Origin,RELAB
Other Information,"JFM Actinolite #6, Calcic Amphibole Actinolite "
References,Brown University
Resolution,5.0
Material class,Mineral
Sample Description,Actinolite powder #6  
Sample ID,NARK96
Original Sample ID,RK-CMP-096
Viewing Geometry,Unknown
Wavelength,Response
900.1,0.4551
900.3,0.45511
900.4,0.45398
900.6,0.45492
900.8,0.45647
900.9,0.45556
901.1,0.45476
901.2,0.453
901.4,0.45239
901.5,0.45503
901.7,0.45606
901.9,0.4574
902.0,0.4558
902.2,0.4502
902.3,0.44958
902.5,0.45089
902.6,0.45149
902.8,0.45227
903.0,0.45143
903.1,0.45132
903.3,0.45068
903.4,0.44849
903.6,0.44887
903.7,0.45142
903.9,0.44896
904.1,0.44665
904.2,0.44795
904.4,0.4498
904.5,0.44989
904.7,0.44795
904.8,0.44755
905.0,0.44861
905.2,0.44957
905.3,0.45097
905.5,0.45171
905.6,0.45152
905.8,0.44976
906.0,0.44851
906.1,0.45122
906.3,0.45188
906.4,0.44883
906.6,0.45126
906.7,0.45164
906.9,0.44788
907.1,0.44656
907.2,0.44514
907.4,0.44731
907.5,0.44959
907.7,0.44961
907.9,0.44889
908.0,0.44608
908.2,0.44388
908.3,0.44476
908.5,0.44459
908.7,0.44507
908.8,0.44753
909.0,0.44526
909.1,0.44572
909.3,0.44666
909.4,0.44754
909.6,0.45
909.8,0.44807
909.9,0.44381
910.1,0.4425
910.2,0.44681
910.4,0.44799
910.6,0.44598
910.7,0.44304
910.9,0.44396
911.0,0.44747
911.2,0.44722
911.4,0.4438
911.5,0.4432
911.7,0.44379
911.8,0.44184
912.0,0.44254
912.2,0.44413
912.3,0.44382
912.5,0.44371
912.7,0.44359
912.8,0.4449
913.0,0.4435
913.1,0.44116
913.3,0.44239
913.5,0.44278
913.6,0.44284
913.8,0.44293
913.9,0.44283
914.1,0.44458
914.3,0.44474
914.4,0.44208
914.6,0.44131
914.7,0.4415
914.9,0.4423
915.1,0.44197
915.2,0.44118
915.4,0.44101
915.6,0.4406
915.7,0.44048
915.9,0.43863
916.0,0.44018
916.2,0.44141
916.4,0.44113
916.5,0.44016
916.7,0.44157
916.8,0.44083
917.0,0.44029
917.2,0.44047
917.3,0.43978
917.5,0.43723
917.7,0.43685
917.8,0.43761
918.0,0.43903
918.1,0.4406
918.3,0.44108
918.5,0.44076
918.6,0.43989
918.8,0.43747
919.0,0.43697
919.1,0.43706
919.3,0.43825
919.4,0.4389
919.6,0.43657
919.8,0.43583
919.9,0.43552
920.1,0.43645
920.3,0.43837
920.4,0.43739
920.6,0.43522
920.8,0.43396
920.9,0.43487
921.1,0.43556
921.2,0.43486
921.4,0.4359
921.6,0.43612
921.7,0.43616
921.9,0.43659
922.1,0.43496
922.2,0.43318
922.4,0.43311
922.6,0.43472
922.7,0.43399
922.9,0.43359
923.0,0.43508
923.2,0.43388
923.4,0.43228
923.5,0.43551
923.7,0.43572
923.9,0.43138
924.0,0.43117
924.2,0.43185
924.4,0.43077
924.5,0.43134
924.7,0.42957
924.9,0.42894
925.0,0.43138
925.2,0.43133
925.4,0.42939
925.5,0.42864
925.7,0.42964
925.9,0.42901
926.0,0.42834
926.2,0.4305
926.3,0.43214
926.5,0.43129
926.7,0.43067
926.8,0.43006
927.0,0.43002
927.2,0.42808
927.3,0.42692
927.5,0.42747
927.7,0.42738
927.8,0.42659
928.0,0.42751
928.2,0.42946
928.3,0.43058
928.5,0.43091
928.7,0.42985
928.8,0.42708
929.0,0.42648
929.2,0.42872
929.3,0.42889
929.5,0.42758
929.7,0.42611
929.8,0.42735
930.0,0.42872
930.2,0.42807
930.3,0.42683
930.5,0.42646
930.7,0.42651
930.8,0.4256
931.0,0.42403
931.2,0.42449
931.3,0.42559
931.5,0.42384
931.7,0.42478
931.8,0.4261
932.0,0.42795
932.2,0.42686
932.3,0.42421
932.5,0.42358
932.7,0.42326
932.8,0.42296
933.0,0.42262
933.2,0.42357
933.4,0.42321
933.5,0.42178
933.7,0.42118
933.9,0.42073
934.0,0.42248
934.2,0.42197
934.4,0.42332
934.5,0.42528
934.7,0.42254
934.9,0.42112
935.0,0.42142
935.2,0.4229
935.4,0.4219
935.5,0.4193
935.7,0.41823
935.9,0.41998
936.0,0.42071
936.2,0.42093
936.4,0.42117
936.6,0.41902
936.7,0.41885
936.9,0.42001
937.1,0.42074
937.2,0.41988
937.4,0.42041
937.6,0.421
937.7,0.42102
937.9,0.42088
938.1,0.41966
938.2,0.41683
938.4,0.41502
938.6,0.41674
938.8,0.4205
938.9,0.41938
939.1,0.41733
939.3,0.41802
939.4,0.41876
939.6,0.41793
939.8,0.41708
940.0,0.41857
940.1,0.41925
940.3,0.41958
940.5,0.41835
940.6,0.41764
940.8,0.41624
941.0,0.41525
941.1,0.41519
941.3,0.41374
941.5,0.41463
941.7,0.41651
941.8,0.41703
942.0,0.41557
942.2,0.41462
942.3,0.41434
942.5,0.41458
942.7,0.41355
942.9,0.41259
943.0,0.41368
943.2,0.41474
943.4,0.41581
943.5,0.41398
943.7,0.41471
943.9,0.41541
944.1,0.41505
944.2,0.4141
944.4,0.41292
944.6,0.41193
944.7,0.41074
944.9,0.41033
945.1,0.41065
945.3,0.41146
945.4,0.41101
945.6,0.41123
945.8,0.41142
946.0,0.41218
946.1,0.41212
946.3,0.41075
946.5,0.41099
946.6,0.41014
946.8,0.4103
947.0,0.40873
947.2,0.40843
947.3,0.40971
947.5,0.4114
947.7,0.41192
947.9,0.41
948.0,0.40943
948.2,0.40892
948.4,0.40804
948.5,0.40859
948.7,0.40751
948.9,0.40521
949.1,0.40266
949.2,0.39926
949.4,0.39806
949.6,0.39931
949.8,0.40213
949.9,0.40359
950.1,0.40426
950.3,0.40391
950.5,0.4042
950.6,0.40334
950.8,0.40319
951.0,0.40359
951.2,0.40312
951.3,0.40571
951.5,0.40876
951.7,0.40733
951.9,0.40386
952.0,0.40335
952.2,0.4048
952.4,0.40548
952.6,0.40512
952.7,0.40429
952.9,0.40595
953.1,0.40801
953.3,0.40534
953.4,0.4012
953.6,0.40023
953.8,0.40137
954.0,0.402
954.1,0.40283
954.3,0.40405
954.5,0.40201
954.7,0.40133
954.8,0.4021
955.0,0.40134
955.2,0.4009
955.4,0.40271
955.5,0.40244
955.7,0.4023
955.9,0.40268
956.1,0.40291
956.2,0.40257
956.4,0.40105
956.6,0.40112
956.8,0.40203
957.0,0.40176
957.1,0.40314
957.3,0.4019
957.5,0.40042
957.7,0.40101
957.8,0.39992
958.0,0.39942
958.2,0.39909
958.4,0.39875
958.5,0.39823
958.7,0.39859
958.9,0.40003
959.1,0.39909
959.3,0.39806
959.4,0.39857
959.6,0.39912
959.8,0.39958
960.0,0.39876
960.1,0.39817
960.3,0.39909
960.5,0.39847
960.7,0.39804
960.9,0.39739
961.0,0.3975
961.2,0.39746
961.4,0.39724
961.6,0.39701
961.7,0.39668
961.9,0.39553
962.1,0.3953
962.3,0.39724
962.5,0.39817
962.6,0.39612
962.8,0.39543
963.0,0.39613
963.2,0.39424
963.4,0.39299
963.5,0.39544
963.7,0.39712
963.9,0.39581
964.1,0.39471
964.2,0.39453
964.4,0.39478
964.6,0.39451
964.8,0.39511
965.0,0.39526
965.1,0.39571
965.3,0.39561
965.5,0.39448
965.7,0.39427
965.9,0.39314
966.0,0.39191
966.2,0.39203
966.4,0.39221
966.6,0.39406
966.8,0.39518
966.9,0.3941
967.1,0.39261
967.3,0.39264
967.5,0.39223
967.7,0.39101
967.8,0.39193
968.0,0.39355
968.2,0.39353
968.4,0.39362
968.6,0.39152
968.8,0.39141
968.9,0.39257
969.1,0.39194
969.3,0.39029
969.5,0.38974
969.7,0.39132
969.8,0.3907
970.0,0.39022
970.2,0.39009
970.4,0.389
970.6,0.38955
970.7,0.3908
970.9,0.39019
971.1,0.38816
971.3,0.38811
971.5,0.38933
971.7,0.38729
971.8,0.38654
972.0,0.38708
972.2,0.3882
972.4,0.38786
972.6,0.38819
972.8,0.38816
972.9,0.38829
973.1,0.38931
973.3,0.38868
973.5,0.38833
973.7,0.38833
973.8,0.3875
974.0,0.38832
974.2,0.38774
974.4,0.38754
974.6,0.38829
974.8,0.38813
974.9,0.38793
975.1,0.38741
975.3,0.38748
975.5,0.38699
975.7,0.38547
975.9,0.38534
976.0,0.38596
976.2,0.38525
976.4,0.38536
976.6,0.38639
976.8,0.38593
977.0,0.38521
977.2,0.38505
977.3,0.38459
977.5,0.38452
977.7,0.38472
977.9,0.38488
978.1,0.38441
978.3,0.38436
978.4,0.38379
978.6,0.38316
978.8,0.38322
979.0,0.38197
979.2,0.38114
979.4,0.38303
979.6,0.38311
979.7,0.38254
979.9,0.38292
980.1,0.38344
980.3,0.38302
980.5,0.38315
980.7,0.38295
980.8,0.38401
981.0,0.38323
981.2,0.38117
981.4,0.37997
981.6,0.38011
981.8,0.38043
982.0,0.38098
982.1,0.38162
982.3,0.38043
982.5,0.38057
982.7,0.38111
982.9,0.38154
983.1,0.381
983.3,0.38144
983.5,0.38163
983.6,0.38099
983.8,0.38091
984.0,0.38095
984.2,0.3806
984.4,0.3805
984.6,0.37978
984.8,0.37849
984.9,0.37889
985.1,0.37948
985.3,0.37986
985.5,0.37937
985.7,0.37808
985.9,0.37878
986.1,0.3794
986.3,0.37863
986.4,0.37829
986.6,0.37778
986.8,0.37769
987.0,0.37723
987.2,0.37669
987.4,0.37618
987.6,0.37546
987.8,0.37641
988.0,0.37764
988.1,0.37737
988.3,0.37635
988.5,0.37559
988.7,0.37652
988.9,0.37672
989.1,0.3756
989.3,0.3742
989.5,0.37489
989.6,0.37616
989.8,0.37614
990.0,0.37623
990.2,0.37545
990.4,0.37498
990.6,0.37595
990.8,0.37697
991.0,0.37656
991.2,0.37513
991.4,0.37395
991.5,0.37309
991.7,0.37442
991.9,0.37572
992.1,0.37497
992.3,0.37391
992.5,0.37313
992.7,0.37328
992.9,0.37499
993.1,0.37463
993.3,0.37403
993.4,0.37429
993.6,0.37353
993.8,0.37428
994.0,0.37563
994.2,0.37412
994.4,0.37294
994.6,0.372
994.8,0.37179
995.0,0.37289
995.2,0.37439
995.3,0.374
995.5,0.37225
995.7,0.3707
995.9,0.371
996.1,0.37049
996.3,0.3705
996.5,0.37185
996.7,0.3734
996.9,0.37363
997.1,0.37287
997.3,0.37237
997.5,0.37142
997.6,0.37122
997.8,0.37267
998.0,0.37216
998.2,0.37205
998.4,0.37162
998.6,0.37052
998.8,0.3704
999.0,0.3701
999.2,0.37058
999.4,0.37107
999.6,0.37045
999.8,0.37023
1000.0,0.36949
1000.1,0.36894
1000.3,0.36836
1000.5,0.3682
1000.7,0.36975
1000.9,0.3713
1001.1,0.36983
1001.3,0.36833
1001.5,0.36895
1001.7,0.36911
1001.9,0.3695
1002.1,0.36942
1002.3,0.36834
1002.5,0.3696
1002.7,0.37025
1002.9,0.36862
1003.1,0.36769
1003.2,0.36827
1003.4,0.36995
1003.6,0.3704
1003.8,0.36898
1004.0,0.36827
1004.2,0.36918
1004.4,0.3695
1004.6,0.36833
1004.8,0.36759
1005.0,0.36775
1005.2,0.3681
1005.4,0.36841
1005.6,0.36815
1005.8,0.36661
1006.0,0.36658
1006.2,0.36747
1006.4,0.36573
1006.6,0.36457
1006.8,0.36629
1006.9,0.36697
1007.1,0.36687
1007.3,0.36666
1007.5,0.36652
1007.7,0.36631
1007.9,0.36661
1008.1,0.3672
1008.3,0.36761
1008.5,0.36693
1008.7,0.36609
1008.9,0.36648
1009.1,0.36726
1009.3,0.36701
1009.5,0.36668
1009.7,0.36695
1009.9,0.36676
1010.1,0.36744
1010.3,0.36786
1010.5,0.36781
1010.7,0.36814
1010.9,0.36886
1011.1,0.36722
1011.3,0.36655
1011.5,0.36704
1011.7,0.36802
1011.9,0.3679
1012.1,0.36613
1012.3,0.36519
1012.5,0.365
1012.7,0.36438
1012.8,0.36383
1013.0,0.36397
1013.2,0.36492
1013.4,0.3651
1013.6,0.36499
1013.8,0.3647
1014.0,0.36402
1014.2,0.36314
1014.4,0.36377
1014.6,0.36474
1014.8,0.36445
1015.0,0.36412
1015.2,0.36317
1015.4,0.36266
1015.6,0.36468
1015.8,0.36516
1016.0,0.36381
1016.2,0.36424
1016.4,0.3646
1016.6,0.36446
1016.8,0.36483
1017.0,0.36579
1017.2,0.36615
1017.4,0.3656
1017.6,0.36362
1017.8,0.36295
1018.0,0.36382
1018.2,0.36421
1018.4,0.36407
1018.6,0.36392
1018.8,0.36384
1019.0,0.36452
1019.2,0.36468
1019.4,0.36422
1019.6,0.36398
1019.8,0.36346
1020.0,0.3627
1020.2,0.36108
1020.4,0.36206
1020.6,0.36284
1020.8,0.36274
1021.0,0.3628
1021.2,0.36227
1021.4,0.36227
1021.6,0.36381
1021.8,0.36441
1022.0,0.36425
1022.2,0.36401
1022.4,0.36399
1022.6,0.36421
1022.8,0.36307
1023.0,0.3626
1023.2,0.3643
1023.4,0.36427
1023.6,0.36285
1023.8,0.36188
1024.1,0.36169
1024.3,0.36153
1024.5,0.36232
1024.7,0.36273
1024.9,0.36282
1025.1,0.36343
1025.3,0.36349
1025.5,0.36285
1025.7,0.36327
1025.9,0.36295
1026.1,0.36292
1026.3,0.36351
1026.5,0.36276
1026.7,0.36185
1026.9,0.36202
1027.1,0.36206
1027.3,0.3628
1027.5,0.36345
1027.7,0.36325
1027.9,0.36315
1028.1,0.36199
1028.3,0.36193
1028.5,0.36247
1028.7,0.36244
1028.9,0.36255
1029.1,0.36182
1029.3,0.36269
1029.5,0.36389
1029.7,0.36273
1029.9,0.36216
1030.2,0.36334
1030.4,0.3636
1030.6,0.36274
1030.8,0.36289
1031.0,0.36277
1031.2,0.36267
1031.4,0.36228
1031.6,0.36258
1031.8,0.36258
1032.0,0.36279
1032.2,0.36286
1032.4,0.36341
1032.6,0.36344
1032.8,0.36292
1033.0,0.36356
1033.2,0.36357
1033.4,0.36326
1033.6,0.364
1033.9,0.36425
1034.1,0.36378
1034.3,0.36296
1034.5,0.36255
1034.7,0.36298
1034.9,0.36318
1035.1,0.36299
1035.3,0.36456
1035.5,0.36531
1035.7,0.36454
1035.9,0.36381
1036.1,0.36273
1036.3,0.36282
1036.5,0.3637
1036.7,0.36459
1037.0,0.36493
1037.2,0.36416
1037.4,0.36299
1037.6,0.36362
1037.8,0.36419
1038.0,0.36435
1038.2,0.36469
1038.4,0.36483
1038.6,0.36414
1038.8,0.36467
1039.0,0.36554
1039.2,0.36542
1039.4,0.36504
1039.7,0.36402
1039.9,0.36307
1040.1,0.36406
1040.3,0.36487
1040.5,0.36521
1040.7,0.36508
1040.9,0.36499
1041.1,0.3645
1041.3,0.36459
1041.5,0.36556
1041.7,0.36503
1042.0,0.36448
1042.2,0.36511
1042.4,0.36656
1042.6,0.36827
1042.8,0.36782
1043.0,0.36599
1043.2,0.36591
1043.4,0.36599
1043.6,0.36642
1043.8,0.36713
1044.1,0.36657
1044.3,0.36586
1044.5,0.36582
1044.7,0.3672
1044.9,0.36802
1045.1,0.36828
1045.3,0.3678
1045.5,0.36767
1045.7,0.36757
1045.9,0.36828
1046.2,0.36852
1046.4,0.36838
1046.6,0.36888
1046.8,0.369
1047.0,0.36852
1047.2,0.36871
1047.4,0.36961
1047.6,0.36975
1047.9,0.36865
1048.1,0.36765
1048.3,0.36813
1048.5,0.36933
1048.7,0.36975
1048.9,0.36939
1049.1,0.36949
1049.3,0.37028
1049.5,0.37092
1049.8,0.37072
1050.0,0.37077
1050.2,0.37045
1050.4,0.37053
1050.6,0.37116
1050.8,0.37155
1051.0,0.3723
1051.3,0.37185
1051.5,0.37117
1051.7,0.37145
1051.9,0.37179
1052.1,0.37257
1052.3,0.37255
1052.5,0.37174
1052.7,0.37215
1053.0,0.37241
1053.2,0.37239
1053.4,0.37375
1053.6,0.37465
1053.8,0.37441
1054.0,0.37395
1054.2,0.37441
1054.5,0.37589
1054.7,0.37625
1054.9,0.37514
1055.1,0.37496
1055.3,0.37586
1055.5,0.3766
1055.7,0.37629
1056.0,0.3755
1056.2,0.37547
1056.4,0.37682
1056.6,0.37693
1056.8,0.3761
1057.0,0.37665
1057.3,0.37778
1057.5,0.37883
1057.7,0.37895
1057.9,0.37827
1058.1,0.37749
1058.3,0.37662
1058.5,0.37801
1058.8,0.37883
1059.0,0.37858
1059.2,0.37975
1059.4,0.38114
1059.6,0.38161
1059.8,0.38101
1060.1,0.38107
1060.3,0.38256
1060.5,0.38208
1060.7,0.38175
1060.9,0.38196
1061.1,0.38242
1061.4,0.38266
1061.6,0.38203
1061.8,0.38228
1062.0,0.38253
1062.2,0.38319
1062.5,0.3842
1062.7,0.38422
1062.9,0.38391
1063.1,0.38421
1063.3,0.3858
1063.5,0.38682
1063.8,0.38609
1064.0,0.38552
1064.2,0.38581
1064.4,0.38689
1064.6,0.38804
1064.9,0.38791
1065.1,0.38838
1065.3,0.38886
1065.5,0.38819
1065.7,0.38848
1065.9,0.38933
1066.2,0.38953
1066.4,0.38963
1066.6,0.38991
1066.8,0.3907
1067.0,0.39054
1067.3,0.39023
1067.5,0.39155
1067.7,0.39242
1067.9,0.39251
1068.1,0.39249
1068.4,0.39252
1068.6,0.39273
1068.8,0.39349
1069.0,0.39446
1069.2,0.39468
1069.5,0.39514
1069.7,0.39555
1069.9,0.39602
1070.1,0.39618
1070.3,0.39542
1070.6,0.39501
1070.8,0.39709
1071.0,0.39813
1071.2,0.39738
1071.5,0.39728
1071.7,0.39799
1071.9,0.39768
1072.1,0.39762
1072.3,0.39855
1072.6,0.39906
1072.8,0.4007
1073.0,0.4011
1073.2,0.40037
1073.5,0.40074
1073.7,0.40103
1073.9,0.40172
1074.1,0.40299
1074.3,0.40342
1074.6,0.40342
1074.8,0.40325
1075.0,0.40341
1075.2,0.40471
1075.5,0.40502
1075.7,0.40567
1075.9,0.40689
1076.1,0.40723
1076.3,0.4067
1076.6,0.40673
1076.8,0.4079
1077.0,0.40866
1077.2,0.40878
1077.5,0.40896
1077.7,0.4092
1077.9,0.40989
1078.1,0.40951
1078.4,0.40965
1078.6,0.41025
1078.8,0.41133
1079.0,0.41226
1079.3,0.41227
1079.5,0.41282
1079.7,0.41355
1079.9,0.4135
1080.2,0.41452
1080.4,0.41536
1080.6,0.41482
1080.8,0.41517
1081.1,0.41512
1081.3,0.41535
1081.5,0.41613
1081.7,0.41685
1082.0,0.41734
1082.2,0.41762
1082.4,0.41911
1082.6,0.41984
1082.9,0.41934
1083.1,0.41927
1083.3,0.41984
1083.5,0.41978
1083.8,0.42095
1084.0,0.42135
1084.2,0.42077
1084.5,0.42179
1084.7,0.42306
1084.9,0.42356
1085.1,0.42392
1085.4,0.42447
1085.6,0.42421
1085.8,0.4248
1086.0,0.42575
1086.3,0.42579
1086.5,0.42611
1086.7,0.42678
1087.0,0.4274
1087.2,0.42736
1087.4,0.4277
1087.6,0.42886
1087.9,0.43001
1088.1,0.43041
1088.3,0.43025
1088.6,0.43079
1088.8,0.43167
1089.0,0.43182
1089.2,0.43178
1089.5,0.43188
1089.7,0.43275
1089.9,0.43411
1090.2,0.43416
1090.4,0.43396
1090.6,0.4335
1090.8,0.43408
1091.1,0.43581
1091.3,0.43669
1091.5,0.43708
1091.8,0.43689
1092.0,0.43711
1092.2,0.43792
1092.5,0.43816
1092.7,0.43911
1092.9,0.43997
1093.1,0.43973
1093.4,0.43939
1093.6,0.4397
1093.8,0.44043
1094.1,0.44074
1094.3,0.44222
1094.5,0.44414
1094.8,0.44426
1095.0,0.44326
1095.2,0.44347
1095.5,0.44357
1095.7,0.44412
1095.9,0.44479
1096.1,0.44477
1096.4,0.44511
1096.6,0.44608
1096.8,0.44678
1097.1,0.44854
1097.3,0.44967
1097.5,0.44957
1097.8,0.44927
1098.0,0.4491
1098.2,0.44938
1098.5,0.44981
1098.7,0.45005
1098.9,0.4505
1099.2,0.45134
1099.4,0.45169
1099.6,0.45242
1099.9,0.45319
1100.1,0.4533
1100.3,0.45425
1100.6,0.45509
1100.8,0.45515
1101.0,0.45479
1101.3,0.45557
1101.5,0.45668
1101.7,0.45667
1102.0,0.45644
1102.2,0.45703
1102.4,0.45818
1102.7,0.45846
1102.9,0.45871
1103.1,0.45933
1103.4,0.45965
1103.6,0.45965
1103.8,0.46024
1104.1,0.46061
1104.3,0.46079
1104.6,0.46061
1104.8,0.46108
1105.0,0.46212
1105.3,0.4629
1105.5,0.46346
1105.7,0.46377
1106.0,0.46433
1106.2,0.46438
1106.4,0.46503
1106.7,0.46603
1106.9,0.46661
1107.1,0.46724
1107.4,0.46783
1107.6,0.4681
1107.9,0.46811
1108.1,0.46772
1108.3,0.46774
1108.6,0.46892
1108.8,0.47015
1109.0,0.47072
1109.3,0.47102
1109.5,0.47075
1109.8,0.47114
1110.0,0.47183
1110.2,0.47253
1110.5,0.47271
1110.7,0.47288
1110.9,0.47424
1111.2,0.47429
1111.4,0.47442
1111.7,0.4747
1111.9,0.47515
1112.1,0.47622
1112.4,0.47707
1112.6,0.47684
1112.9,0.47688
1113.1,0.47731
1113.3,0.47753
1113.6,0.47827
1113.8,0.47828
1114.0,0.4788
1114.3,0.47924
1114.5,0.47988
1114.8,0.48107
1115.0,0.48129
1115.2,0.48111
1115.5,0.48216
1115.7,0.48322
1116.0,0.48358
1116.2,0.48339
1116.4,0.48408
1116.7,0.48481
1116.9,0.48461
1117.2,0.48433
1117.4,0.48466
1117.6,0.48589
1117.9,0.48575
1118.1,0.48608
1118.4,0.48704
1118.6,0.48693
1118.9,0.48729
1119.1,0.48811
1119.3,0.48842
1119.6,0.489
1119.8,0.48919
1120.1,0.48949
1120.3,0.49022
1120.5,0.49051
1120.8,0.49099
1121.0,0.49129
1121.3,0.49187
1121.5,0.49323
1121.8,0.49447
1122.0,0.49431
1122.2,0.49337
1122.5,0.49312
1122.7,0.49368
1123.0,0.4943
1123.2,0.49495
1123.5,0.49541
1123.7,0.49559
1123.9,0.49638
1124.2,0.49717
1124.4,0.49726
1124.7,0.4971
1124.9,0.49748
1125.2,0.4977
1125.4,0.49783
1125.7,0.49792
1125.9,0.49819
1126.1,0.49843
1126.4,0.49889
1126.6,0.49937
1126.9,0.50092
1127.1,0.50205
1127.4,0.50278
1127.6,0.50341
1127.9,0.50371
1128.1,0.50326
1128.4,0.50278
1128.6,0.5032
1128.8,0.50403
1129.1,0.50499
1129.3,0.50615
1129.6,0.50631
1129.8,0.5062
1130.1,0.506
1130.3,0.50575
1130.6,0.50595
1130.8,0.50663
1131.1,0.50726
1131.3,0.50772
1131.6,0.50846
1131.8,0.5089
1132.0,0.50868
1132.3,0.50816
1132.5,0.50875
1132.8,0.51003
1133.0,0.5109
1133.3,0.51115
1133.5,0.51166
1133.8,0.51218
1134.0,0.51262
1134.3,0.51286
1134.5,0.51337
1134.8,0.51418
1135.0,0.5148
1135.3,0.51422
1135.5,0.51413
1135.8,0.51448
1136.0,0.51471
1136.3,0.51473
1136.5,0.51545
1136.8,0.51562
1137.0,0.51525
1137.3,0.51578
1137.5,0.51666
1137.8,0.51717
1138.0,0.5179
1138.3,0.51795
1138.5,0.51742
1138.8,0.51774
1139.0,0.51823
1139.3,0.51888
1139.5,0.51912
1139.8,0.51983
1140.0,0.52071
1140.3,0.52027
1140.5,0.52021
1140.8,0.52067
1141.0,0.52161
1141.3,0.52245
1141.5,0.52227
1141.8,0.52217
1142.0,0.52214
1142.3,0.52192
1142.5,0.52289
1142.8,0.52355
1143.0,0.52375
1143.3,0.52431
1143.5,0.52412
1143.8,0.52408
1144.0,0.52487
1144.3,0.52556
1144.5,0.52628
1144.8,0.52662
1145.0,0.52677
1145.3,0.52693
1145.6,0.52692
1145.8,0.52717
1146.1,0.52737
1146.3,0.52785
1146.6,0.52832
1146.8,0.52815
1147.1,0.52868
1147.3,0.52899
1147.6,0.52958
1147.8,0.53015
1148.1,0.53064
1148.3,0.53057
1148.6,0.53096
1148.9,0.53121
1149.1,0.5307
1149.4,0.53048
1149.6,0.53134
1149.9,0.5322
1150.1,0.53211
1150.4,0.53241
1150.6,0.53364
1150.9,0.53366
1151.1,0.53386
1151.4,0.53389
1151.7,0.53433
1151.9,0.53502
1152.2,0.53483
1152.4,0.53441
1152.7,0.53518
1152.9,0.5356
1153.2,0.5353
1153.5,0.53568
1153.7,0.53646
1154.0,0.53621
1154.2,0.53584
1154.5,0.53661
1154.7,0.53706
1155.0,0.53683
1155.3,0.53679
1155.5,0.53768
1155.8,0.53851
1156.0,0.53918
1156.3,0.53895
1156.5,0.53825
1156.8,0.53836
1157.1,0.53919
1157.3,0.53999
1157.6,0.54032
1157.8,0.54061
1158.1,0.54089
1158.3,0.5411
1158.6,0.54178
1158.9,0.54261
1159.1,0.54259
1159.4,0.54204
1159.6,0.54186
1159.9,0.54214
1160.2,0.54243
1160.4,0.5428
1160.7,0.54246
1160.9,0.5422
1161.2,0.54202
1161.5,0.54306
1161.7,0.54389
1162.0,0.5442
1162.2,0.54457
1162.5,0.545
1162.8,0.54445
1163.0,0.54487
1163.3,0.54621
1163.5,0.5466
1163.8,0.54683
1164.1,0.54666
1164.3,0.54692
1164.6,0.54754
1164.9,0.54814
1165.1,0.54861
1165.4,0.549
1165.6,0.54927
1165.9,0.54853
1166.2,0.54871
1166.4,0.54953
1166.7,0.55024
1167.0,0.55013
1167.2,0.55036
1167.5,0.55047
1167.7,0.55026
1168.0,0.55016
1168.3,0.55095
1168.5,0.55136
1168.8,0.55138
1169.1,0.55104
1169.3,0.55098
1169.6,0.55245
1169.8,0.55353
1170.1,0.55427
1170.4,0.55403
1170.6,0.55259
1170.9,0.55278
1171.2,0.55429
1171.4,0.55459
1171.7,0.55477
1172.0,0.55505
1172.2,0.55485
1172.5,0.55511
1172.8,0.55551
1173.0,0.55539
1173.3,0.55553
1173.6,0.55543
1173.8,0.55626
1174.1,0.55612
1174.4,0.55597
1174.6,0.55719
1174.9,0.55781
1175.2,0.55751
1175.4,0.55788
1175.7,0.55794
1176.0,0.55772
1176.2,0.55763
1176.5,0.55805
1176.8,0.55879
1177.0,0.55902
1177.3,0.5586
1177.6,0.55888
1177.8,0.55947
1178.1,0.56049
1178.4,0.56131
1178.6,0.56068
1178.9,0.56025
1179.2,0.56067
1179.4,0.56155
1179.7,0.56139
1180.0,0.56165
1180.2,0.56175
1180.5,0.56151
1180.8,0.56224
1181.0,0.56264
1181.3,0.56174
1181.6,0.5617
1181.8,0.56311
1182.1,0.56381
1182.4,0.56352
1182.7,0.56369
1182.9,0.56425
1183.2,0.56412
1183.5,0.56353
1183.7,0.56371
1184.0,0.56476
1184.3,0.56493
1184.5,0.56463
1184.8,0.56471
1185.1,0.56515
1185.4,0.56565
1185.6,0.56584
1185.9,0.56558
1186.2,0.56536
1186.4,0.56648
1186.7,0.56738
1187.0,0.56707
1187.3,0.56733
1187.5,0.56741
1187.8,0.56672
1188.1,0.56703
1188.3,0.56796
1188.6,0.5687
1188.9,0.56919
1189.2,0.56868
1189.4,0.56806
1189.7,0.56894
1190.0,0.56928
1190.3,0.57001
1190.5,0.5702
1190.8,0.56914
1191.1,0.57009
1191.4,0.57103
1191.6,0.57132
1191.9,0.5709
1192.2,0.57115
1192.4,0.57181
1192.7,0.57153
1193.0,0.57162
1193.3,0.57206
1193.5,0.5717
1193.8,0.57188
1194.1,0.57255
1194.4,0.57287
1194.6,0.57274
1194.9,0.57352
1195.2,0.57382
1195.5,0.57343
1195.7,0.5735
1196.0,0.57356
1196.3,0.57362
1196.6,0.57425
1196.9,0.57513
1197.1,0.57513
1197.4,0.57492
1197.7,0.57479
1198.0,0.57441
1198.2,0.57425
1198.5,0.57519
1198.8,0.57585
1199.1,0.57575
1199.3,0.57543
1199.6,0.57579
1199.9,0.57662
1200.2,0.57711
1200.5,0.57751
1200.7,0.57744
1201.0,0.57764
1201.3,0.57842
1201.6,0.57812
1201.8,0.57801
1202.1,0.57818
1202.4,0.57806
1202.7,0.5782
1203.0,0.57846
1203.2,0.57875
1203.5,0.57927
1203.8,0.57988
1204.1,0.58071
1204.4,0.58019
1204.6,0.57938
1204.9,0.57948
1205.2,0.58022
1205.5,0.58054
1205.8,0.58076
1206.0,0.58165
1206.3,0.58215
1206.6,0.58228
1206.9,0.58257
1207.2,0.58301
1207.4,0.58322
1207.7,0.58261
1208.0,0.58185
1208.3,0.58213
1208.6,0.58273
1208.9,0.58288
1209.1,0.58313
1209.4,0.58358
1209.7,0.58443
1210.0,0.58426
1210.3,0.58352
1210.5,0.58376
1210.8,0.58485
1211.1,0.58552
1211.4,0.58518
1211.7,0.58487
1212.0,0.58555
1212.2,0.58536
1212.5,0.58539
1212.8,0.58543
1213.1,0.58499
1213.4,0.58512
1213.7,0.58659
1213.9,0.58736
1214.2,0.58716
1214.5,0.58701
1214.8,0.58675
1215.1,0.58641
1215.4,0.58688
1215.7,0.58753
1215.9,0.5875
1216.2,0.5871
1216.5,0.58806
1216.8,0.58869
1217.1,0.588
1217.4,0.58806
1217.7,0.58813
1217.9,0.58838
1218.2,0.58904
1218.5,0.58914
1218.8,0.58853
1219.1,0.58869
1219.4,0.58883
1219.7,0.58915
1219.9,0.58933
1220.2,0.59043
1220.5,0.59129
1220.8,0.59109
1221.1,0.59084
1221.4,0.591
1221.7,0.59127
1222.0,0.59084
1222.2,0.59058
1222.5,0.59106
1222.8,0.59163
1223.1,0.59199
1223.4,0.59205
1223.7,0.59182
1224.0,0.59267
1224.3,0.59381
1224.6,0.59355
1224.8,0.59371
1225.1,0.59375
1225.4,0.59421
1225.7,0.59387
1226.0,0.59367
1226.3,0.59413
1226.6,0.59481
1226.9,0.59498
1227.2,0.59473
1227.5,0.59505
1227.7,0.59512
1228.0,0.59475
1228.3,0.59482
1228.6,0.5952
1228.9,0.59606
1229.2,0.59625
1229.5,0.59614
1229.8,0.59564
1230.1,0.59564
1230.4,0.59651
1230.7,0.59706
1231.0,0.59763
1231.2,0.59794
1231.5,0.59779
1231.8,0.59803
1232.1,0.59732
1232.4,0.59729
1232.7,0.5979
1233.0,0.5988
1233.3,0.59898
1233.6,0.59777
1233.9,0.59812
1234.2,0.59928
1234.5,0.59984
1234.8,0.59964
1235.1,0.59956
1235.4,0.5998
1235.6,0.59999
1235.9,0.60024
1236.2,0.60044
1236.5,0.60021
1236.8,0.5997
1237.1,0.6001
1237.4,0.60073
1237.7,0.60056
1238.0,0.60145
1238.3,0.60222
1238.6,0.6024
1238.9,0.60311
1239.2,0.60294
1239.5,0.6026
1239.8,0.60299
1240.1,0.60308
1240.4,0.60334
1240.7,0.60361
1241.0,0.60325
1241.3,0.60304
1241.6,0.60368
1241.9,0.60439
1242.2,0.60432
1242.5,0.60417
1242.8,0.60495
1243.1,0.60558
1243.3,0.60525
1243.6,0.60474
1243.9,0.60523
1244.2,0.60508
1244.5,0.60446
1244.8,0.60483
1245.1,0.6054
1245.4,0.60559
1245.7,0.60567
1246.0,0.60627
1246.3,0.6064
1246.6,0.60643
1246.9,0.60732
1247.2,0.60743
1247.5,0.60668
1247.8,0.60664
1248.1,0.6071
1248.4,0.60796
1248.7,0.60822
1249.0,0.60846
1249.3,0.60844
1249.6,0.60783
1249.9,0.6075
1250.2,0.60805
1250.5,0.60864
1250.8,0.60872
1251.2,0.60922
1251.5,0.61012
1251.8,0.60989
1252.1,0.60981
1252.4,0.61004
1252.7,0.61024
1253.0,0.61032
1253.3,0.61066
1253.6,0.61128
1253.9,0.61162
1254.2,0.61185
1254.5,0.61166
1254.8,0.6115
1255.1,0.61144
1255.4,0.61153
1255.7,0.6114
1256.0,0.61117
1256.3,0.61152
1256.6,0.61186
1256.9,0.61248
1257.2,0.61239
1257.5,0.61222
1257.8,0.61336
1258.1,0.61478
1258.4,0.61378
1258.7,0.61305
1259.1,0.61389
1259.4,0.61411
1259.7,0.61372
1260.0,0.61419
1260.3,0.61459
1260.6,0.61496
1260.9,0.61502
1261.2,0.61495
1261.5,0.61545
1261.8,0.61645
1262.1,0.61634
1262.4,0.61579
1262.7,0.616
1263.0,0.61657
1263.3,0.61645
1263.7,0.61634
1264.0,0.61624
1264.3,0.6165
1264.6,0.61703
1264.9,0.61673
1265.2,0.61651
1265.5,0.61653
1265.8,0.61698
1266.1,0.61726
1266.4,0.61736
1266.7,0.61773
1267.0,0.61794
1267.4,0.61786
1267.7,0.61788
1268.0,0.61832
1268.3,0.61814
1268.6,0.61799
1268.9,0.61803
1269.2,0.61823
1269.5,0.61891
1269.8,0.61924
1270.2,0.61848
1270.5,0.6182
1270.8,0.61884
1271.1,0.61936
1271.4,0.61953
1271.7,0.61952
1272.0,0.6196
1272.3,0.6193
1272.6,0.6192
1273.0,0.61916
1273.3,0.61997
1273.6,0.62093
1273.9,0.62053
1274.2,0.62044
1274.5,0.62031
1274.8,0.62044
1275.2,0.62112
1275.5,0.62046
1275.8,0.62015
1276.1,0.62026
1276.4,0.62038
1276.7,0.62032
1277.0,0.62072
1277.4,0.6209
1277.7,0.62091
1278.0,0.62136
1278.3,0.6216
1278.6,0.62187
1278.9,0.62216
1279.2,0.62209
1279.6,0.62192
1279.9,0.62184
1280.2,0.6226
1280.5,0.6234
1280.8,0.6236
1281.1,0.62392
1281.5,0.62482
1281.8,0.62506
1282.1,0.62498
1282.4,0.6257
1282.7,0.62587
1283.0,0.62518
1283.4,0.62496
1283.7,0.62556
1284.0,0.62555
1284.3,0.62541
1284.6,0.62568
1284.9,0.62621
1285.3,0.62635
1285.6,0.6266
1285.9,0.62702
1286.2,0.62743
1286.5,0.62777
1286.9,0.62832
1287.2,0.62855
1287.5,0.62899
1287.8,0.62968
1288.1,0.62942
1288.5,0.62896
1288.8,0.62945
1289.1,0.62953
1289.4,0.62939
1289.7,0.6295
1290.1,0.62956
1290.4,0.62971
1290.7,0.63004
1291.0,0.63061
1291.3,0.6312
1291.7,0.63137
1292.0,0.63055
1292.3,0.63073
1292.6,0.63126
1293.0,0.63118
1293.3,0.63132
1293.6,0.63153
1293.9,0.63121
1294.3,0.63122
1294.6,0.63161
1294.9,0.63166
1295.2,0.63145
1295.5,0.63104
1295.9,0.6314
1296.2,0.63202
1296.5,0.63192
1296.8,0.63159
1297.2,0.63143
1297.5,0.63168
1297.8,0.63192
1298.1,0.6323
1298.5,0.63246
1298.8,0.63229
1299.1,0.63226
1299.4,0.63286
1299.8,0.63308
1300.1,0.63313
1300.4,0.63316
1300.7,0.6335
1301.1,0.63312
1301.4,0.63293
1301.7,0.63357
1302.1,0.63479
1302.4,0.63568
1302.7,0.63622
1303.0,0.63579
1303.4,0.63592
1303.7,0.63652
1304.0,0.6364
1304.3,0.6359
1304.7,0.63626
1305.0,0.63684
1305.3,0.63687
1305.7,0.63693
1306.0,0.63711
1306.3,0.63699
1306.6,0.6371
1307.0,0.63786
1307.3,0.6377
1307.6,0.63779
1308.0,0.63825
1308.3,0.63809
1308.6,0.6381
1309.0,0.63829
1309.3,0.63897
1309.6,0.63921
1309.9,0.6387
1310.3,0.63931
1310.6,0.63979
1310.9,0.63927
1311.3,0.63949
1311.6,0.64018
1311.9,0.64085
1312.3,0.64126
1312.6,0.64074
1312.9,0.64033
1313.3,0.64097
1313.6,0.64109
1313.9,0.64133
1314.3,0.6416
1314.6,0.64165
1314.9,0.64109
1315.3,0.64072
1315.6,0.6411
1315.9,0.64132
1316.3,0.64165
1316.6,0.64195
1316.9,0.64225
1317.3,0.64249
1317.6,0.64256
1317.9,0.64252
1318.3,0.64242
1318.6,0.6423
1318.9,0.64271
1319.3,0.64357
1319.6,0.64326
1320.0,0.64273
1320.3,0.64341
1320.6,0.64349
1321.0,0.64353
1321.3,0.64395
1321.6,0.64404
1322.0,0.64373
1322.3,0.64362
1322.6,0.64423
1323.0,0.64466
1323.3,0.64433
1323.7,0.64447
1324.0,0.645
1324.3,0.64462
1324.7,0.64488
1325.0,0.64523
1325.3,0.64519
1325.7,0.64537
1326.0,0.6454
1326.4,0.64554
1326.7,0.64633
1327.0,0.64628
1327.4,0.64579
1327.7,0.64629
1328.1,0.64735
1328.4,0.64796
1328.7,0.64769
1329.1,0.64722
1329.4,0.64709
1329.8,0.64741
1330.1,0.64738
1330.5,0.64723
1330.8,0.6473
1331.1,0.64691
1331.5,0.64769
1331.8,0.6482
1332.2,0.64794
1332.5,0.6485
1332.8,0.64844
1333.2,0.6487
1333.5,0.64931
1333.9,0.64919
1334.2,0.64944
1334.6,0.64948
1334.9,0.6492
1335.2,0.64947
1335.6,0.64942
1335.9,0.64925
1336.3,0.64936
1336.6,0.64934
1337.0,0.64925
1337.3,0.6494
1337.7,0.64962
1338.0,0.65001
1338.4,0.65018
1338.7,0.65028
1339.0,0.65035
1339.4,0.65031
1339.7,0.65076
1340.1,0.6513
1340.4,0.65093
1340.8,0.65119
1341.1,0.65152
1341.5,0.65135
1341.8,0.65131
1342.2,0.65131
1342.5,0.6512
1342.9,0.65071
1343.2,0.65097
1343.6,0.65192
1343.9,0.65237
1344.2,0.65214
1344.6,0.653
1344.9,0.65344
1345.3,0.65243
1345.6,0.65219
1346.0,0.6524
1346.3,0.65298
1346.7,0.65352
1347.0,0.65336
1347.4,0.65319
1347.7,0.65368
1348.1,0.65452
1348.4,0.65469
1348.8,0.65397
1349.1,0.65344
1349.5,0.65323
1349.8,0.65333
1350.2,0.65424
1350.6,0.65512
1350.9,0.65531
1351.3,0.65472
1351.6,0.6547
1352.0,0.6549
1352.3,0.6549
1352.7,0.65526
1353.0,0.65507
1353.4,0.65505
1353.7,0.65524
1354.1,0.65563
1354.4,0.65664
1354.8,0.65649
1355.1,0.65628
1355.5,0.65607
1355.8,0.65628
1356.2,0.65664
1356.6,0.65671
1356.9,0.65654
1357.3,0.65689
1357.6,0.6568
1358.0,0.65659
1358.3,0.65703
1358.7,0.65725
1359.0,0.65708
1359.4,0.65718
1359.8,0.65724
1360.1,0.6567
1360.5,0.6559
1360.8,0.65628
1361.2,0.65711
1361.5,0.65742
1361.9,0.65788
1362.3,0.65893
1362.6,0.65956
1363.0,0.6586
1363.3,0.65794
1363.7,0.65755
1364.1,0.65703
1364.4,0.65683
1364.8,0.65793
1365.1,0.65812
1365.5,0.65747
1365.9,0.65675
1366.2,0.65663
1366.6,0.65683
1366.9,0.65589
1367.3,0.6552
1367.7,0.65513
1368.0,0.65457
1368.4,0.65401
1368.7,0.65446
1369.1,0.65347
1369.5,0.65172
1369.8,0.651
1370.2,0.65036
1370.5,0.64878
1370.9,0.6479
1371.3,0.64764
1371.6,0.64584
1372.0,0.64432
1372.4,0.64423
1372.7,0.64349
1373.1,0.64252
1373.4,0.64235
1373.8,0.6426
1374.2,0.64302
1374.5,0.64354
1374.9,0.64357
1375.3,0.64376
1375.6,0.6448
1376.0,0.64523
1376.4,0.64543
1376.7,0.64663
1377.1,0.6481
1377.5,0.6483
1377.8,0.64798
1378.2,0.6482
1378.6,0.64936
1378.9,0.65049
1379.3,0.65096
1379.7,0.65089
1380.0,0.6514
1380.4,0.65194
1380.8,0.65327
1381.1,0.65368
1381.5,0.65275
1381.9,0.65338
1382.2,0.65449
1382.6,0.65604
1383.0,0.65686
1383.3,0.65572
1383.7,0.65496
1384.1,0.65505
1384.5,0.65436
1384.8,0.65412
1385.2,0.65504
1385.6,0.65441
1385.9,0.65356
1386.3,0.65295
1386.7,0.65219
1387.0,0.6507
1387.4,0.64908
1387.8,0.64733
1388.2,0.64588
1388.5,0.64309
1388.9,0.63782
1389.3,0.63136
1389.6,0.6212
1390.0,0.60172
1390.4,0.56927
1390.8,0.52024
1391.1,0.45739
1391.5,0.3921
1391.9,0.342
1392.3,0.32807
1392.6,0.34652
1393.0,0.38195
1393.4,0.4203
1393.8,0.45526
1394.1,0.48539
1394.5,0.51132
1394.9,0.53667
1395.3,0.56068
1395.6,0.57893
1396.0,0.59027
1396.4,0.59443
1396.8,0.588
1397.1,0.56354
1397.5,0.5207
1397.9,0.47704
1398.3,0.4658
1398.6,0.49232
1399.0,0.52545
1399.4,0.55246
1399.8,0.57532
1400.2,0.59331
1400.5,0.60644
1400.9,0.61701
1401.3,0.62542
1401.7,0.63236
1402.0,0.63777
1402.4,0.64145
1402.8,0.64439
1403.2,0.6456
1403.6,0.64498
1403.9,0.64425
1404.3,0.64219
1404.7,0.63828
1405.1,0.6333
1405.5,0.63076
1405.8,0.63612
1406.2,0.64386
1406.6,0.64813
1407.0,0.65105
1407.4,0.65354
1407.8,0.65547
1408.1,0.65687
1408.5,0.65753
1408.9,0.65815
1409.3,0.65874
1409.7,0.65963
1410.1,0.65996
1410.4,0.66028
1410.8,0.66003
1411.2,0.66066
1411.6,0.6615
1412.0,0.66197
1412.4,0.66232
1412.7,0.66271
1413.1,0.66264
1413.5,0.66288
1413.9,0.66339
1414.3,0.6641
1414.7,0.66407
1415.1,0.66434
1415.4,0.66476
1415.8,0.6655
1416.2,0.66572
1416.6,0.66613
1417.0,0.66685
1417.4,0.66678
1417.8,0.66696
1418.2,0.66741
1418.5,0.66791
1418.9,0.66857
1419.3,0.66917
1419.7,0.66895
1420.1,0.66828
1420.5,0.66827
1420.9,0.66943
1421.3,0.66992
1421.7,0.66996
1422.0,0.66981
1422.4,0.66959
1422.8,0.66993
1423.2,0.67095
1423.6,0.67127
1424.0,0.67098
1424.4,0.67081
1424.8,0.67115
1425.2,0.67131
1425.6,0.67155
1426.0,0.67155
1426.3,0.67141
1426.7,0.67132
1427.1,0.67141
1427.5,0.67186
1427.9,0.67285
1428.3,0.6731
1428.7,0.67264
1429.1,0.67208
1429.5,0.67215
1429.9,0.67269
1430.3,0.67276
1430.7,0.67294
1431.1,0.67298
1431.5,0.67302
1431.9,0.6733
1432.3,0.67375
1432.7,0.67424
1433.0,0.67429
1433.4,0.67414
1433.8,0.67387
1434.2,0.6735
1434.6,0.67379
1435.0,0.67422
1435.4,0.67451
1435.8,0.67415
1436.2,0.67355
1436.6,0.6737
1437.0,0.67381
1437.4,0.67391
1437.8,0.6742
1438.2,0.67444
1438.6,0.6747
1439.0,0.67485
1439.4,0.67491
1439.8,0.6749
1440.2,0.6752
1440.6,0.67564
1441.0,0.67581
1441.4,0.67569
1441.8,0.67539
1442.2,0.67542
1442.6,0.67607
1443.0,0.67606
1443.4,0.6758
1443.8,0.67577
1444.2,0.67569
1444.6,0.67673
1445.0,0.67672
1445.4,0.6763
1445.8,0.67649
1446.2,0.6769
1446.6,0.67698
1447.0,0.67651
1447.5,0.67627
1447.9,0.67683
1448.3,0.67745
1448.7,0.67716
1449.1,0.67742
1449.5,0.67825
1449.9,0.67853
1450.3,0.67833
1450.7,0.67765
1451.1,0.67713
1451.5,0.67728
1451.9,0.67768
1452.3,0.6783
1452.7,0.67887
1453.1,0.67869
1453.5,0.67815
1453.9,0.67786
1454.4,0.67803
1454.8,0.67812
1455.2,0.67776
1455.6,0.67817
1456.0,0.67833
1456.4,0.67838
1456.8,0.6786
1457.2,0.67893
1457.6,0.67867
1458.0,0.67851
1458.4,0.67878
1458.9,0.67879
1459.3,0.67867
1459.7,0.67907
1460.1,0.67958
1460.5,0.67986
1460.9,0.67976
1461.3,0.67997
1461.7,0.6796
1462.1,0.67951
1462.6,0.67964
1463.0,0.67942
1463.4,0.68006
1463.8,0.67995
1464.2,0.67958
1464.6,0.67994
1465.0,0.6806
1465.5,0.68062
1465.9,0.68061
1466.3,0.68051
1466.7,0.68067
1467.1,0.68093
1467.5,0.68125
1467.9,0.68148
1468.4,0.68155
1468.8,0.68093
1469.2,0.68082
1469.6,0.68102
1470.0,0.68111
1470.4,0.68159
1470.9,0.68205
1471.3,0.68181
1471.7,0.68129
1472.1,0.68142
1472.5,0.68163
1472.9,0.68195
1473.4,0.68224
1473.8,0.68155
1474.2,0.68136
1474.6,0.68173
1475.0,0.68169
1475.5,0.68163
1475.9,0.6818
1476.3,0.68199
1476.7,0.6824
1477.1,0.6827
1477.6,0.68298
1478.0,0.68265
1478.4,0.68232
1478.8,0.6823
1479.2,0.68303
1479.7,0.68334
1480.1,0.68254
1480.5,0.68261
1480.9,0.68304
1481.4,0.68338
1481.8,0.68362
1482.2,0.68348
1482.6,0.68343
1483.1,0.6833
1483.5,0.68308
1483.9,0.6831
1484.3,0.6834
1484.8,0.6835
1485.2,0.68341
1485.6,0.68397
1486.0,0.68397
1486.5,0.68327
1486.9,0.68306
1487.3,0.68344
1487.7,0.6842
1488.2,0.68452
1488.6,0.68414
1489.0,0.68377
1489.4,0.68424
1489.9,0.68458
1490.3,0.68473
1490.7,0.68437
1491.2,0.68441
1491.6,0.68447
1492.0,0.68413
1492.4,0.6842
1492.9,0.68469
1493.3,0.68468
1493.7,0.68453
1494.2,0.68469
1494.6,0.68464
1495.0,0.68452
1495.5,0.68459
1495.9,0.68511
1496.3,0.68518
1496.8,0.68532
1497.2,0.68573
1497.6,0.68587
1498.1,0.68535
1498.5,0.68482
1498.9,0.68523
1499.4,0.68561
1499.8,0.68538
1500.2,0.68531
1500.7,0.68493
1501.1,0.68473
1501.5,0.6848
1502.0,0.68557
1502.4,0.68664
1502.8,0.68648
1503.3,0.6859
1503.7,0.68575
1504.1,0.68642
1504.6,0.6865
1505.0,0.68604
1505.4,0.68574
1505.9,0.68581
1506.3,0.68585
1506.8,0.68633
1507.2,0.68657
1507.6,0.68647
1508.1,0.68638
1508.5,0.68667
1509.0,0.68704
1509.4,0.68728
1509.8,0.68752
1510.3,0.68747
1510.7,0.68728
1511.2,0.6872
1511.6,0.68738
1512.0,0.68786
1512.5,0.68803
1512.9,0.68764
1513.4,0.68711
1513.8,0.68733
1514.2,0.68782
1514.7,0.68808
1515.1,0.68802
1515.6,0.68769
1516.0,0.68792
1516.5,0.68828
1516.9,0.68815
1517.3,0.6879
1517.8,0.68791
1518.2,0.68808
1518.7,0.68823
1519.1,0.68793
1519.6,0.68818
1520.0,0.68861
1520.5,0.68868
1520.9,0.68812
1521.4,0.6879
1521.8,0.68793
1522.2,0.68829
1522.7,0.68874
1523.1,0.68901
1523.6,0.68857
1524.0,0.68843
1524.5,0.6886
1524.9,0.68846
1525.4,0.68846
1525.8,0.68859
1526.3,0.68882
1526.7,0.68894
1527.2,0.68887
1527.6,0.68875
1528.1,0.68893
1528.5,0.68937
1529.0,0.68957
1529.4,0.68906
1529.9,0.68831
1530.3,0.68818
1530.8,0.68832
1531.2,0.68868
1531.7,0.68871
1532.1,0.68863
1532.6,0.68865
1533.0,0.68877
1533.5,0.68952
1534.0,0.6892
1534.4,0.68884
1534.9,0.68944
1535.3,0.68978
1535.8,0.68979
1536.2,0.68989
1536.7,0.68931
1537.1,0.6892
1537.6,0.68919
1538.1,0.68879
1538.5,0.68877
1539.0,0.68864
1539.4,0.68861
1539.9,0.6891
1540.3,0.68958
1540.8,0.6891
1541.3,0.68865
1541.7,0.68918
1542.2,0.68995
1542.6,0.69023
1543.1,0.68981
1543.5,0.68982
1544.0,0.68999
1544.5,0.68986
1544.9,0.69033
1545.4,0.69045
1545.8,0.69033
1546.3,0.69021
1546.8,0.6907
1547.2,0.69098
1547.7,0.6909
1548.2,0.6908
1548.6,0.69086
1549.1,0.69091
1549.5,0.69112
1550.0,0.69106
1550.5,0.69097
1550.9,0.6914
1551.4,0.69161
1551.9,0.69143
1552.3,0.69116
1552.8,0.69115
1553.3,0.69167
1553.7,0.69188
1554.2,0.69139
1554.7,0.69093
1555.1,0.69123
1555.6,0.69116
1556.1,0.69119
1556.5,0.6917
1557.0,0.6918
1557.5,0.69171
1557.9,0.69165
1558.4,0.69193
1558.9,0.69179
1559.3,0.69153
1559.8,0.69185
1560.3,0.69244
1560.7,0.69261
1561.2,0.69267
1561.7,0.69248
1562.1,0.69209
1562.6,0.69209
1563.1,0.69191
1563.6,0.69185
1564.0,0.69218
1564.5,0.69241
1565.0,0.69261
1565.4,0.69266
1565.9,0.69275
1566.4,0.69266
1566.9,0.69287
1567.3,0.69344
1567.8,0.693
1568.3,0.69246
1568.8,0.69246
1569.2,0.69288
1569.7,0.69277
1570.2,0.69291
1570.7,0.69306
1571.1,0.69305
1571.6,0.69336
1572.1,0.6934
1572.6,0.69304
1573.0,0.69302
1573.5,0.69332
1574.0,0.69325
1574.5,0.6933
1575.0,0.69359
1575.4,0.69308
1575.9,0.69303
1576.4,0.69385
1576.9,0.69378
1577.4,0.69345
1577.8,0.69357
1578.3,0.6934
1578.8,0.69316
1579.3,0.6933
1579.8,0.69374
1580.2,0.69369
1580.7,0.69332
1581.2,0.69335
1581.7,0.69329
1582.2,0.69356
1582.7,0.69375
1583.1,0.6937
1583.6,0.69388
1584.1,0.69399
1584.6,0.69404
1585.1,0.69419
1585.6,0.69375
1586.0,0.69363
1586.5,0.69403
1587.0,0.6941
1587.5,0.69406
1588.0,0.69409
1588.5,0.69409
1589.0,0.69427
1589.4,0.69445
1589.9,0.69439
1590.4,0.69429
1590.9,0.69421
1591.4,0.69411
1591.9,0.69446
1592.4,0.69429
1592.9,0.69406
1593.4,0.69444
1593.8,0.69478
1594.3,0.69448
1594.8,0.69448
1595.3,0.69461
1595.8,0.69437
1596.3,0.69445
1596.8,0.69461
1597.3,0.69479
1597.8,0.69481
1598.3,0.69484
1598.8,0.69482
1599.2,0.69466
1599.7,0.6947
1600.2,0.69468
1600.7,0.69502
1601.2,0.69542
1601.7,0.69534
1602.2,0.69504
1602.7,0.69465
1603.2,0.69487
1603.7,0.6954
1604.2,0.69543
1604.7,0.69551
1605.2,0.69505
1605.7,0.69481
1606.2,0.6955
1606.7,0.69582
1607.2,0.69541
1607.7,0.69557
1608.2,0.69545
1608.7,0.69505
1609.2,0.69511
1609.7,0.69552
1610.2,0.69542
1610.7,0.695
1611.2,0.69527
1611.7,0.6958
1612.2,0.69542
1612.7,0.69522
1613.2,0.69547
1613.7,0.69574
1614.2,0.69575
1614.7,0.69585
1615.2,0.6954
1615.7,0.69525
1616.2,0.69518
1616.7,0.69523
1617.2,0.69552
1617.7,0.69571
1618.2,0.69573
1618.7,0.69617
1619.2,0.69622
1619.7,0.69595
1620.2,0.69542
1620.7,0.69561
1621.3,0.69597
1621.8,0.69603
1622.3,0.69574
1622.8,0.69561
1623.3,0.69572
1623.8,0.69609
1624.3,0.69649
1624.8,0.69605
1625.3,0.69569
1625.8,0.69631
1626.3,0.69682
1626.8,0.69649
1627.4,0.69597
1627.9,0.69591
1628.4,0.6962
1628.9,0.69621
1629.4,0.6961
1629.9,0.6962
1630.4,0.69671
1630.9,0.69701
1631.5,0.69687
1632.0,0.69696
1632.5,0.69637
1633.0,0.69569
1633.5,0.69596
1634.0,0.69584
1634.5,0.6961
1635.1,0.69655
1635.6,0.69659
1636.1,0.69649
1636.6,0.69656
1637.1,0.69666
1637.6,0.69662
1638.2,0.69659
1638.7,0.69683
1639.2,0.69664
1639.7,0.69605
1640.2,0.69648
1640.7,0.69677
1641.3,0.69657
1641.8,0.69628
1642.3,0.69623
1642.8,0.69666
1643.3,0.69738
1643.9,0.69747
1644.4,0.69699
1644.9,0.69671
1645.4,0.69687
1646.0,0.69715
1646.5,0.69723
1647.0,0.69702
1647.5,0.69691
1648.1,0.69673
1648.6,0.69711
1649.1,0.69727
1649.6,0.69755
1650.1,0.69765
1650.7,0.69768
1651.2,0.6976
1651.7,0.69722
1652.3,0.69716
1652.8,0.69747
1653.3,0.69693
1653.8,0.69682
1654.4,0.69724
1654.9,0.69744
1655.4,0.69749
1655.9,0.69742
1656.5,0.69762
1657.0,0.69783
1657.5,0.69796
1658.1,0.69816
1658.6,0.69814
1659.1,0.69755
1659.7,0.69703
1660.2,0.69752
1660.7,0.69708
1661.3,0.69694
1661.8,0.69764
1662.3,0.69824
1662.9,0.69817
1663.4,0.69787
1663.9,0.69759
1664.5,0.69769
1665.0,0.69796
1665.5,0.69799
1666.1,0.69752
1666.6,0.69776
1667.1,0.69799
1667.7,0.69765
1668.2,0.69795
1668.7,0.69851
1669.3,0.69844
1669.8,0.69827
1670.4,0.69827
1670.9,0.69795
1671.4,0.69806
1672.0,0.69837
1672.5,0.69815
1673.0,0.69818
1673.6,0.69801
1674.1,0.69835
1674.7,0.69864
1675.2,0.69891
1675.7,0.69837
1676.3,0.69804
1676.8,0.69819
1677.4,0.69849
1677.9,0.69881
1678.5,0.69911
1679.0,0.69927
1679.5,0.69907
1680.1,0.69897
1680.6,0.69891
1681.2,0.69925
1681.7,0.69992
1682.3,0.69928
1682.8,0.6988
1683.4,0.6987
1683.9,0.69906
1684.5,0.69963
1685.0,0.69946
1685.6,0.69875
1686.1,0.69925
1686.7,0.69948
1687.2,0.69931
1687.8,0.69908
1688.3,0.6985
1688.8,0.69844
1689.4,0.69888
1690.0,0.6985
1690.5,0.6987
1691.1,0.69885
1691.6,0.69896
1692.2,0.69931
1692.7,0.69914
1693.3,0.69905
1693.8,0.6995
1694.4,0.6998
1694.9,0.70001
1695.5,0.69968
1696.0,0.69944
1696.6,0.69874
1697.1,0.69946
1697.7,0.70068
1698.3,0.69966
1698.8,0.69894
1699.4,0.69916
1699.9,0.69999
1700.5,0.70016
1701.0,0.70025
1701.6,0.70017
1702.2,0.6991
1702.7,0.69923
1703.3,0.69988
1703.8,0.69949
1704.4,0.69903
1705.0,0.69958
1705.5,0.70006
1706.1,0.69918
1706.6,0.69942
1707.2,0.70053
1707.8,0.70036
1708.3,0.69953
1708.9,0.69943
1709.5,0.69946
1710.0,0.69911
1710.6,0.69863
1711.1,0.69854
1711.7,0.69851
1712.3,0.69884
1712.8,0.69873
1713.4,0.69837
1714.0,0.69857
1714.5,0.69885
1715.1,0.699
1715.7,0.6988
1716.2,0.69839
1716.8,0.69839
1717.4,0.69863
1717.9,0.69897
1718.5,0.69881
1719.1,0.69867
1719.7,0.69914
1720.2,0.69935
1720.8,0.69909
1721.4,0.69874
1721.9,0.69871
1722.5,0.6988
1723.1,0.69854
1723.7,0.69819
1724.2,0.69818
1724.8,0.69833
1725.4,0.69858
1726.0,0.6986
1726.5,0.69809
1727.1,0.69818
1727.7,0.6987
1728.3,0.69856
1728.8,0.69844
1729.4,0.69806
1730.0,0.69773
1730.6,0.6979
1731.1,0.69808
1731.7,0.6978
1732.3,0.69773
1732.9,0.69793
1733.5,0.69819
1734.0,0.69856
1734.6,0.69785
1735.2,0.69721
1735.8,0.69756
1736.4,0.69806
1736.9,0.69829
1737.5,0.69861
1738.1,0.6986
1738.7,0.69843
1739.3,0.69835
1739.9,0.69838
1740.4,0.69834
1741.0,0.69867
1741.6,0.69907
1742.2,0.69838
1742.8,0.69777
1743.4,0.69801
1744.0,0.69813
1744.5,0.69828
1745.1,0.69794
1745.7,0.69767
1746.3,0.69784
1746.9,0.69756
1747.5,0.69759
1748.1,0.69756
1748.7,0.69722
1749.2,0.69772
1749.8,0.69788
1750.4,0.69733
1751.0,0.69691
1751.6,0.69718
1752.2,0.69727
1752.8,0.69671
1753.4,0.69674
1754.0,0.697
1754.6,0.69663
1755.2,0.69666
1755.8,0.69722
1756.4,0.69747
1757.0,0.69744
1757.5,0.69706
1758.1,0.6969
1758.7,0.69668
1759.3,0.69684
1759.9,0.69674
1760.5,0.69632
1761.1,0.69629
1761.7,0.69647
1762.3,0.6963
1762.9,0.69602
1763.5,0.69616
1764.1,0.69611
1764.7,0.69606
1765.3,0.69607
1765.9,0.69602
1766.5,0.69585
1767.1,0.6956
1767.7,0.69553
1768.3,0.696
1768.9,0.69621
1769.5,0.69585
1770.1,0.69558
1770.8,0.69536
1771.4,0.6951
1772.0,0.69548
1772.6,0.69571
1773.2,0.69529
1773.8,0.69532
1774.4,0.69554
1775.0,0.69526
1775.6,0.69444
1776.2,0.69435
1776.8,0.69459
1777.4,0.69444
1778.0,0.69441
1778.7,0.69443
1779.3,0.69463
1779.9,0.69482
1780.5,0.69439
1781.1,0.69429
1781.7,0.6943
1782.3,0.69407
1782.9,0.69403
1783.5,0.69398
1784.2,0.69412
1784.8,0.6942
1785.4,0.69373
1786.0,0.69402
1786.6,0.69424
1787.2,0.69387
1787.9,0.69401
1788.5,0.69384
1789.1,0.69349
1789.7,0.69354
1790.3,0.69351
1790.9,0.69327
1791.6,0.69368
1792.2,0.69396
1792.8,0.69382
1793.4,0.69369
1794.0,0.69352
1794.7,0.69328
1795.3,0.69314
1795.9,0.69282
1796.5,0.69278
1797.1,0.69245
1797.8,0.69213
1798.4,0.69237
1799.0,0.69286
1799.6,0.69272
1800.3,0.69237
1800.9,0.69192
1801.5,0.69193
1802.1,0.69247
1802.8,0.69265
1803.4,0.69242
1804.0,0.69232
1804.7,0.69191
1805.3,0.6919
1805.9,0.69142
1806.5,0.69096
1807.2,0.69122
1807.8,0.69152
1808.4,0.69168
1809.1,0.69174
1809.7,0.6918
1810.3,0.69182
1811.0,0.69157
1811.6,0.69086
1812.2,0.69069
1812.9,0.69105
1813.5,0.69052
1814.1,0.69014
1814.8,0.69009
1815.4,0.69048
1816.0,0.69099
1816.7,0.69065
1817.3,0.69025
1817.9,0.68984
1818.6,0.69013
1819.2,0.69073
1819.9,0.69073
1820.5,0.69064
1821.1,0.6902
1821.8,0.68949
1822.4,0.68943
1823.1,0.68888
1823.7,0.68871
1824.3,0.6887
1825.0,0.68856
1825.6,0.68882
1826.3,0.68957
1826.9,0.68996
1827.6,0.68904
1828.2,0.68845
1828.8,0.68833
1829.5,0.68824
1830.1,0.68848
1830.8,0.68879
1831.4,0.6889
1832.1,0.68861
1832.7,0.6882
1833.4,0.68825
1834.0,0.68822
1834.7,0.68767
1835.3,0.68759
1836.0,0.68766
1836.6,0.68783
1837.3,0.68749
1837.9,0.68748
1838.6,0.68762
1839.2,0.68658
1839.9,0.68741
1840.5,0.68749
1841.2,0.68647
1841.8,0.68659
1842.5,0.68711
1843.1,0.68617
1843.8,0.68538
1844.5,0.68536
1845.1,0.6853
1845.8,0.68525
1846.4,0.6846
1847.1,0.68536
1847.7,0.68696
1848.4,0.6867
1849.1,0.68578
1849.7,0.68452
1850.4,0.68392
1851.0,0.68391
1851.7,0.68374
1852.4,0.68389
1853.0,0.68411
1853.7,0.68369
1854.4,0.68385
1855.0,0.68332
1855.7,0.6827
1856.3,0.68303
1857.0,0.68418
1857.7,0.6837
1858.3,0.6827
1859.0,0.68208
1859.7,0.68231
1860.3,0.68332
1861.0,0.68302
1861.7,0.68204
1862.3,0.68137
1863.0,0.68164
1863.7,0.68146
1864.4,0.68134
1865.0,0.68175
1865.7,0.68185
1866.4,0.68148
1867.0,0.68163
1867.7,0.68221
1868.4,0.68236
1869.1,0.68186
1869.7,0.68124
1870.4,0.68075
1871.1,0.68129
1871.8,0.68212
1872.4,0.68112
1873.1,0.68081
1873.8,0.68122
1874.5,0.68043
1875.1,0.67916
1875.8,0.67882
1876.5,0.67874
1877.2,0.67923
1877.9,0.6788
1878.5,0.6779
1879.2,0.67755
1879.9,0.67733
1880.6,0.67747
1881.3,0.67723
1881.9,0.67716
1882.6,0.67701
1883.3,0.67647
1884.0,0.67654
1884.7,0.67656
1885.4,0.67572
1886.1,0.67531
1886.7,0.67499
1887.4,0.6749
1888.1,0.67478
1888.8,0.67426
1889.5,0.67374
1890.2,0.67395
1890.9,0.67406
1891.6,0.67322
1892.3,0.67266
1892.9,0.67263
1893.6,0.67188
1894.3,0.67127
1895.0,0.67062
1895.7,0.6703
1896.4,0.67013
1897.1,0.6698
1897.8,0.66964
1898.5,0.66942
1899.2,0.66911
1899.9,0.66954
1900.6,0.66921
1901.3,0.66842
1902.0,0.66779
1902.7,0.6673
1903.4,0.66705
1904.1,0.66587
1904.8,0.66496
1905.5,0.66548
1906.2,0.66609
1906.9,0.66596
1907.6,0.66531
1908.3,0.6639
1909.0,0.66364
1909.7,0.66337
1910.4,0.66331
1911.1,0.663
1911.8,0.6629
1912.5,0.66302
1913.2,0.66219
1913.9,0.66258
1914.6,0.66276
1915.3,0.66233
1916.0,0.66239
1916.7,0.66247
1917.4,0.66217
1918.2,0.66134
1918.9,0.66092
1919.6,0.66122
1920.3,0.6623
1921.0,0.66303
1921.7,0.66199
1922.4,0.66092
1923.1,0.66084
1923.8,0.66063
1924.6,0.66055
1925.3,0.66003
1926.0,0.65995
1926.7,0.66065
1927.4,0.66065
1928.1,0.6602
1928.9,0.66018
1929.6,0.66049
1930.3,0.66052
1931.0,0.66035
1931.7,0.66011
1932.5,0.65987
1933.2,0.65948
1933.9,0.65952
1934.6,0.65964
1935.3,0.65922
1936.1,0.65883
1936.8,0.65896
1937.5,0.65914
1938.2,0.65906
1939.0,0.65893
1939.7,0.65877
1940.4,0.65874
1941.1,0.65857
1941.9,0.65851
1942.6,0.65866
1943.3,0.65833
1944.0,0.65759
1944.8,0.6579
1945.5,0.65796
1946.2,0.65764
1947.0,0.6575
1947.7,0.65666
1948.4,0.65584
1949.2,0.65589
1949.9,0.65633
1950.6,0.65632
1951.4,0.65598
1952.1,0.65538
1952.8,0.65509
1953.6,0.65535
1954.3,0.65503
1955.0,0.65521
1955.8,0.65533
1956.5,0.65491
1957.3,0.65487
1958.0,0.6547
1958.7,0.65446
1959.5,0.65403
1960.2,0.65365
1961.0,0.65357
1961.7,0.65313
1962.4,0.653
1963.2,0.65317
1963.9,0.65334
1964.7,0.65278
1965.4,0.65261
1966.2,0.65261
1966.9,0.65198
1967.7,0.65153
1968.4,0.65151
1969.1,0.65159
1969.9,0.65159
1970.6,0.65088
1971.4,0.6506
1972.1,0.65059
1972.9,0.6505
1973.6,0.64949
1974.4,0.64882
1975.1,0.64888
1975.9,0.64898
1976.7,0.64912
1977.4,0.64843
1978.2,0.64775
1978.9,0.64792
1979.7,0.64765
1980.4,0.64737
1981.2,0.64698
1981.9,0.64679
1982.7,0.64698
1983.5,0.64661
1984.2,0.64587
1985.0,0.6455
1985.7,0.64561
1986.5,0.64518
1987.3,0.64468
1988.0,0.64416
1988.8,0.64347
1989.6,0.64319
1990.3,0.64332
1991.1,0.64282
1991.8,0.64248
1992.6,0.64237
1993.4,0.642
1994.1,0.64208
1994.9,0.64197
1995.7,0.6414
1996.4,0.64147
1997.2,0.64144
1998.0,0.64088
1998.8,0.64002
1999.5,0.6397
2000.3,0.63983
2001.1,0.63994
2001.8,0.63954
2002.6,0.63919
2003.4,0.63883
2004.2,0.63868
2004.9,0.63844
2005.7,0.63816
2006.5,0.63751
2007.3,0.63694
2008.0,0.63676
2008.8,0.63634
2009.6,0.63615
2010.4,0.63619
2011.2,0.63583
2011.9,0.6356
2012.7,0.63525
2013.5,0.63491
2014.3,0.63532
2015.1,0.63543
2015.9,0.63475
2016.6,0.63422
2017.4,0.63423
2018.2,0.63436
2019.0,0.63446
2019.8,0.63492
2020.6,0.6349
2021.4,0.63464
2022.1,0.63459
2022.9,0.63471
2023.7,0.63499
2024.5,0.63511
2025.3,0.63505
2026.1,0.63467
2026.9,0.63483
2027.7,0.63487
2028.5,0.63447
2029.3,0.63386
2030.1,0.63413
2030.9,0.63424
2031.6,0.6335
2032.4,0.6331
2033.2,0.63312
2034.0,0.63327
2034.8,0.63289
2035.6,0.63216
2036.4,0.63183
2037.2,0.63163
2038.0,0.63163
2038.8,0.6314
2039.6,0.63117
2040.4,0.63096
2041.2,0.63028
2042.1,0.62976
2042.9,0.62956
2043.7,0.62921
2044.5,0.62868
2045.3,0.62873
2046.1,0.62842
2046.9,0.62745
2047.7,0.62645
2048.5,0.62625
2049.3,0.62599
2050.1,0.62541
2050.9,0.62469
2051.7,0.62455
2052.6,0.62411
2053.4,0.62374
2054.2,0.62349
2055.0,0.62307
2055.8,0.6223
2056.6,0.62163
2057.4,0.62133
2058.3,0.6213
2059.1,0.62119
2059.9,0.6211
2060.7,0.62037
2061.5,0.61986
2062.4,0.61951
2063.2,0.61965
2064.0,0.61925
2064.8,0.61865
2065.6,0.61846
2066.5,0.61811
2067.3,0.61781
2068.1,0.61729
2068.9,0.61667
2069.8,0.61625
2070.6,0.61571
2071.4,0.61452
2072.2,0.61346
2073.1,0.61285
2073.9,0.61181
2074.7,0.61022
2075.6,0.60911
2076.4,0.60873
2077.2,0.60822
2078.1,0.60701
2078.9,0.60603
2079.7,0.6057
2080.6,0.60562
2081.4,0.60624
2082.2,0.6068
2083.1,0.60628
2083.9,0.60566
2084.7,0.60546
2085.6,0.60524
2086.4,0.60481
2087.3,0.60456
2088.1,0.60469
2088.9,0.6043
2089.8,0.60414
2090.6,0.60468
2091.5,0.60461
2092.3,0.60433
2093.2,0.60454
2094.0,0.60427
2094.9,0.60384
2095.7,0.60399
2096.6,0.60412
2097.4,0.60375
2098.2,0.60347
2099.1,0.6036
2099.9,0.60283
2100.8,0.60218
2101.6,0.60242
2102.5,0.60238
2103.4,0.60115
2104.2,0.59989
2105.1,0.59909
2105.9,0.59824
2106.8,0.59684
2107.6,0.59494
2108.5,0.59279
2109.3,0.59071
2110.2,0.58942
2111.1,0.58874
2111.9,0.58859
2112.8,0.58836
2113.6,0.58762
2114.5,0.58691
2115.4,0.58643
2116.2,0.58622
2117.1,0.5861
2118.0,0.58617
2118.8,0.58685
2119.7,0.587
2120.6,0.58697
2121.4,0.58685
2122.3,0.58654
2123.2,0.58597
2124.0,0.58561
2124.9,0.58532
2125.8,0.58473
2126.6,0.58425
2127.5,0.58363
2128.4,0.58295
2129.3,0.58242
2130.1,0.5822
2131.0,0.58201
2131.9,0.58198
2132.8,0.582
2133.6,0.58257
2134.5,0.58335
2135.4,0.58397
2136.3,0.58386
2137.2,0.58407
2138.0,0.58419
2138.9,0.58417
2139.8,0.58433
2140.7,0.58402
2141.6,0.58413
2142.5,0.58435
2143.4,0.58407
2144.2,0.5837
2145.1,0.5836
2146.0,0.58331
2146.9,0.58291
2147.8,0.58269
2148.7,0.58312
2149.6,0.58356
2150.5,0.58355
2151.4,0.58389
2152.2,0.58388
2153.1,0.58357
2154.0,0.58337
2154.9,0.58365
2155.8,0.58352
2156.7,0.58331
2157.6,0.58317
2158.5,0.58298
2159.4,0.58275
2160.3,0.5826
2161.2,0.58234
2162.1,0.58251
2163.0,0.58265
2163.9,0.58214
2164.8,0.58201
2165.7,0.58226
2166.6,0.58185
2167.5,0.58107
2168.5,0.58064
2169.4,0.58048
2170.3,0.58013
2171.2,0.57912
2172.1,0.57833
2173.0,0.57824
2173.9,0.5781
2174.8,0.57746
2175.7,0.57694
2176.6,0.5766
2177.6,0.57607
2178.5,0.57555
2179.4,0.57511
2180.3,0.57506
2181.2,0.57542
2182.1,0.57583
2183.1,0.57577
2184.0,0.57531
2184.9,0.57527
2185.8,0.57563
2186.7,0.57564
2187.7,0.57539
2188.6,0.57505
2189.5,0.57483
2190.4,0.57467
2191.4,0.57463
2192.3,0.5742
2193.2,0.57394
2194.1,0.57367
2195.1,0.573
2196.0,0.57318
2196.9,0.57325
2197.9,0.57299
2198.8,0.57264
2199.7,0.57205
2200.7,0.57172
2201.6,0.57133
2202.5,0.57095
2203.5,0.5708
2204.4,0.57085
2205.3,0.57061
2206.3,0.57027
2207.2,0.57009
2208.2,0.57
2209.1,0.56927
2210.0,0.56893
2211.0,0.56853
2211.9,0.56765
2212.9,0.56717
2213.8,0.5669
2214.8,0.56661
2215.7,0.5667
2216.7,0.5662
2217.6,0.56583
2218.6,0.56573
2219.5,0.56559
2220.5,0.56475
2221.4,0.56369
2222.4,0.56337
2223.3,0.56264
2224.3,0.56165
2225.2,0.56023
2226.2,0.55821
2227.1,0.55663
2228.1,0.5554
2229.0,0.55447
2230.0,0.55348
2231.0,0.55247
2231.9,0.55152
2232.9,0.55086
2233.9,0.55034
2234.8,0.55019
2235.8,0.55001
2236.7,0.54989
2237.7,0.54955
2238.7,0.54878
2239.6,0.54761
2240.6,0.54676
2241.6,0.5459
2242.5,0.54542
2243.5,0.54493
2244.5,0.54412
2245.5,0.54317
2246.4,0.54194
2247.4,0.54122
2248.4,0.54045
2249.4,0.53969
2250.3,0.53991
2251.3,0.53964
2252.3,0.53829
2253.3,0.53736
2254.2,0.53704
2255.2,0.53653
2256.2,0.53575
2257.2,0.53507
2258.2,0.53395
2259.2,0.53278
2260.1,0.53189
2261.1,0.53035
2262.1,0.5286
2263.1,0.52646
2264.1,0.52406
2265.1,0.52155
2266.1,0.51853
2267.1,0.51539
2268.1,0.51187
2269.0,0.5084
2270.0,0.50522
2271.0,0.50238
2272.0,0.4993
2273.0,0.49598
2274.0,0.49256
2275.0,0.48885
2276.0,0.48502
2277.0,0.48064
2278.0,0.47634
2279.0,0.47216
2280.0,0.46743
2281.0,0.46184
2282.0,0.45598
2283.0,0.45027
2284.0,0.44418
2285.0,0.43712
2286.1,0.42904
2287.1,0.42027
2288.1,0.41159
2289.1,0.40274
2290.1,0.39392
2291.1,0.38721
2292.1,0.38394
2293.1,0.38435
2294.1,0.38682
2295.2,0.3894
2296.2,0.3903
2297.2,0.389
2298.2,0.38626
2299.2,0.38315
2300.3,0.37981
2301.3,0.3779
2302.3,0.37761
2303.3,0.37662
2304.3,0.37396
2305.4,0.36953
2306.4,0.363
2307.4,0.35496
2308.4,0.34657
2309.5,0.33886
2310.5,0.33127
2311.5,0.32409
2312.6,0.3179
2313.6,0.31362
2314.6,0.31289
2315.7,0.31613
2316.7,0.32403
2317.7,0.3353
2318.8,0.34641
2319.8,0.35476
2320.8,0.36017
2321.9,0.36432
2322.9,0.36899
2324.0,0.37449
2325.0,0.38213
2326.1,0.39258
2327.1,0.40533
2328.1,0.41864
2329.2,0.43122
2330.2,0.44232
2331.3,0.45124
2332.3,0.45828
2333.4,0.46484
2334.4,0.47043
2335.5,0.4757
2336.5,0.48021
2337.6,0.48374
2338.6,0.48697
2339.7,0.48976
2340.8,0.4924
2341.8,0.49394
2342.9,0.49481
2343.9,0.49584
2345.0,0.49658
2346.0,0.49631
2347.1,0.49577
2348.2,0.49501
2349.2,0.49393
2350.3,0.49257
2351.4,0.49073
2352.4,0.48927
2353.5,0.48787
2354.6,0.48607
2355.6,0.48407
2356.7,0.48251
2357.8,0.48214
2358.9,0.48199
2359.9,0.48172
2361.0,0.48078
2362.1,0.47936
2363.2,0.47734
2364.2,0.47446
2365.3,0.47205
2366.4,0.46887
2367.5,0.46493
2368.6,0.46125
2369.6,0.45735
2370.7,0.45312
2371.8,0.44894
2372.9,0.44454
2374.0,0.43948
2375.1,0.43386
2376.2,0.42853
2377.2,0.42437
2378.3,0.42012
2379.4,0.41516
2380.5,0.41029
2381.6,0.40591
2382.7,0.40137
2383.8,0.39714
2384.9,0.39344
2386.0,0.39077
2387.1,0.38984
2388.2,0.39033
2389.3,0.39133
2390.4,0.39185
2391.5,0.39179
2392.6,0.39348
2393.7,0.39823
2394.8,0.4045
2395.9,0.40956
2397.0,0.41415
2398.1,0.41951
2399.2,0.42665
2400.4,0.43533
2401.5,0.44349
2402.6,0.4499
2403.7,0.45553
2404.8,0.46011
2405.9,0.46374
2407.0,0.46585
2408.2,0.46768
2409.3,0.46964
2410.4,0.47084
2411.5,0.4715
2412.6,0.47194
2413.8,0.47193
2414.9,0.47146
2416.0,0.47071
2417.1,0.47014
2418.3,0.46976
2419.4,0.46951
2420.5,0.46935
2421.7,0.46938
2422.8,0.4694
2423.9,0.46857
2425.1,0.46683
2426.2,0.46543
2427.3,0.46517
2428.5,0.46597
2429.6,0.46758
2430.7,0.46981
2431.9,0.47118
2433.0,0.47148
2434.2,0.46998
2435.3,0.4678
2436.5,0.46632
2437.6,0.46579
2438.7,0.46464
2439.9,0.46249
2441.0,0.46112
2442.2,0.46094
2443.3,0.46143
2444.5,0.46198
2445.6,0.46212
2446.8,0.46224
2448.0,0.46245
2449.1,0.4627
2450.3,0.46284
2451.4,0.46259
2452.6,0.4624
2453.7,0.46153
2454.9,0.45981
2456.1,0.45792
2457.2,0.4564
2458.4,0.45561
2459.6,0.45432
2460.7,0.45231
2461.9,0.44943
2463.1,0.44724
2464.2,0.44671
2465.4,0.44737
2466.6,0.4482
2467.8,0.44857
2468.9,0.44956
2470.1,0.45204
2471.3,0.45454
2472.5,0.45679
2473.6,0.45896
2474.8,0.4606
2476.0,0.46244
2477.2,0.46425
2478.4,0.46557
2479.6,0.46693
2480.8,0.4686
2481.9,0.4696
2483.1,0.47078
2484.3,0.47149
2485.5,0.47166
2486.7,0.47226
2487.9,0.47299
2489.1,0.47333
2490.3,0.47339
2491.5,0.47276
2492.7,0.47157
2493.9,0.47063
2495.1,0.46989
2496.3,0.46955
2497.5,0.46994
2498.7,0.47005
2499.9,0.47043
2501.1,0.47091
2502.3,0.47176
2503.5,0.47384
2504.7,0.47639
2505.9,0.47789
2507.1,0.47825
2508.4,0.4782
2509.6,0.4783
2510.8,0.4779
2512.0,0.47681
2513.2,0.47542
2514.4,0.47444
2515.7,0.47414
2516.9,0.47427
2518.1,0.47463
2519.3,0.47589
2520.5,0.47811
2521.8,0.48023
2523.0,0.4818
2524.2,0.48253
2525.5,0.48268
2526.7,0.48337
2527.9,0.48377
2529.2,0.48337
2530.4,0.48328
2531.6,0.48409
2532.9,0.48503
2534.1,0.4858
2535.3,0.48646
2536.6,0.48728
2537.8,0.48796
2539.1,0.48733
2540.3,0.48696
2541.6,0.4879
2542.8,0.48949
2544.0,0.49096
2545.3,0.4917
2546.5,0.49207
2547.8,0.49294
2549.1,0.49289
2550.3,0.49094
2551.6,0.49006
2552.8,0.4898
2554.1,0.48864
2555.3,0.48617
2556.6,0.48507
2557.9,0.485
2559.1,0.48474
2560.4,0.48632
2561.6,0.48985
2562.9,0.49203
2564.2,0.49175
2565.4,0.4906
2566.7,0.48783
2568.0,0.48656
2569.3,0.4874
2570.5,0.4893
2571.8,0.48931
2573.1,0.49057
2574.4,0.49492
2575.6,0.4952
2576.9,0.49496
2578.2,0.49639
2579.5,0.49521
2580.8,0.49556
2582.1,0.49863
2583.3,0.50005
2584.6,0.50351
2585.9,0.50415
2587.2,0.50272
2588.5,0.50446
2589.8,0.50458
2591.1,0.50443
2592.4,0.50537
2593.7,0.50846
2595.0,0.51479
2596.3,0.51896
2597.6,0.51321
2598.9,0.50987
2600.2,0.50851
2601.5,0.50966
2602.8,0.51155
2604.1,0.5129
2605.4,0.51567
2606.7,0.51802
2608.0,0.51816
2609.3,0.51868
2610.7,0.51964
2612.0,0.51965
2613.3,0.51972
2614.6,0.52064
2615.9,0.5211
2617.2,0.5254
2618.6,0.52661
2619.9,0.52359
2621.2,0.52542
2622.5,0.52442
2623.9,0.52134
2625.2,0.52142
2626.5,0.52407
2627.9,0.52772
2629.2,0.52639
2630.5,0.52816
2631.9,0.52986
2633.2,0.52652
2634.5,0.52571
2635.9,0.52556
2637.2,0.52411
2638.6,0.52375
2639.9,0.52314
2641.2,0.52309
2642.6,0.52443
2643.9,0.52507
2645.3,0.52602
2646.6,0.52859
2648.0,0.52879
2649.3,0.52909
2650.7,0.53068
2652.1,0.5326
2653.4,0.53491
2654.8,0.53535
2656.1,0.53559
2657.5,0.53606
2658.9,0.53502
2660.2,0.53713
2661.6,0.53774
2663.0,0.53641
2664.3,0.53591
2665.7,0.53839
2667.1,0.53678
2668.4,0.52909
2669.8,0.51881
2671.2,0.51008
2672.6,0.48779
2673.9,0.46438
2675.3,0.44292
2676.7,0.42395
2678.1,0.40219
2679.5,0.37969
2680.9,0.36016
2682.2,0.34432
2683.6,0.33294
2685.0,0.32469
2686.4,0.31794
2687.8,0.31522
2689.2,0.31492
2690.6,0.31649
2692.0,0.3176
2693.4,0.32171
2694.8,0.32869
2696.2,0.33347
2697.6,0.33454
2699.0,0.33474
2700.4,0.33575
2701.8,0.34066
2703.2,0.34206
2704.6,0.33895
2706.0,0.33296
2707.5,0.32642
2708.9,0.3221
2710.3,0.31922
2711.7,0.31273
2713.1,0.30153
2714.5,0.28414
2716.0,0.2575
2717.4,0.21621
2718.8,0.16119
2720.2,0.1167
2721.7,0.10357
2723.1,0.11332
2724.5,0.13048
2726.0,0.15041
2727.4,0.16243
2728.8,0.17197
2730.3,0.167
2731.7,0.14162
2733.1,0.12881
2734.6,0.14619
2736.0,0.17318
2737.5,0.19319
2738.9,0.20728
2740.4,0.22536
2741.8,0.23843
2743.3,0.2361
2744.7,0.22355
2746.2,0.22103
2747.6,0.2392
2749.1,0.25704
2750.5,0.26788
2752.0,0.27622
2753.5,0.28245
2754.9,0.28745
2756.4,0.29406
2757.9,0.29677
2759.3,0.29793
2760.8,0.29921
2762.3,0.30179
2763.7,0.30936
2765.2,0.31612
2766.7,0.31924
2768.2,0.32278
2769.6,0.32498
2771.1,0.32555
2772.6,0.32819
2774.1,0.33057
2775.6,0.3347
2777.1,0.33992
2778.5,0.34478
2780.0,0.34801
2781.5,0.35074
2783.0,0.35234
2784.5,0.35292
2786.0,0.35274
2787.5,0.35471
2789.0,0.35749
2790.5,0.35832
2792.0,0.3587
2793.5,0.35986
2795.0,0.3611
2796.5,0.3612
2798.0,0.36148
2799.6,0.36276
2801.1,0.36296
2802.6,0.36355
2804.1,0.36519
2805.6,0.36468
2807.1,0.3634
2808.7,0.36293
2810.2,0.36313
2811.7,0.36297
2813.2,0.36234
2814.7,0.36351
2816.3,0.36512
2817.8,0.36469
2819.3,0.36523
2820.9,0.36657
2822.4,0.36636
2823.9,0.3662
2825.5,0.36619
2827.0,0.36647
2828.6,0.36732
2830.1,0.36821
2831.7,0.36833
2833.2,0.36899
2834.8,0.36925
2836.3,0.36948
2837.9,0.37
2839.4,0.3703
2841.0,0.36956
2842.5,0.3693
2844.1,0.36999
2845.6,0.37006
2847.2,0.3689
2848.8,0.36873
2850.3,0.36887
2851.9,0.36911
2853.5,0.37001
2855.0,0.37057
2856.6,0.37071
2858.2,0.36996
2859.8,0.3691
2860.6,0.369
2861.4,0.369
2862.1,0.36899
2862.9,0.36879
2863.7,0.36854
2864.5,0.36822
2865.3,0.36784
2866.1,0.36734
2866.9,0.36687
2867.7,0.36649
2868.5,0.36624
2869.3,0.36589
2870.1,0.36544
2870.9,0.36484
2871.7,0.36424
2872.4,0.36376
2873.2,0.36347
2874.0,0.36319
2874.8,0.36288
2875.6,0.36248
2876.4,0.36211
2877.2,0.36176
2878.0,0.3615
2878.8,0.36125
2879.6,0.36105
2880.4,0.36083
2881.2,0.3606
2882.0,0.36046
2882.8,0.36035
2883.6,0.36038
2884.4,0.36044
2885.2,0.36064
2886.0,0.36095
2886.8,0.36108
2887.6,0.36096
2888.5,0.36078
2889.3,0.36065
2890.1,0.36065
2890.9,0.36055
2891.7,0.36042
2892.5,0.36027
2893.3,0.3602
2894.1,0.36015
2894.9,0.36021
2895.7,0.36033
2896.5,0.36041
2897.3,0.36042
2898.1,0.36053
2898.9,0.36064
2899.8,0.36068
2900.6,0.36072
2901.4,0.36098
2902.2,0.36141
2903.0,0.36177
2903.8,0.36192
2904.6,0.36194
2905.4,0.36197
2906.3,0.3621
2907.1,0.36221
2907.9,0.36228
2908.7,0.3623
2909.5,0.36231
2910.3,0.36238
2911.2,0.36265
2912.0,0.36298
2912.8,0.36329
2913.6,0.36358
2914.4,0.36392
2915.2,0.36429
2916.1,0.36466
2916.9,0.36495
2917.7,0.36525
2918.5,0.36556
2919.4,0.36585
2920.2,0.36611
2921.0,0.36634
2921.8,0.36655
2922.6,0.36673
2923.5,0.36697
2924.3,0.36727
2925.1,0.36747
2925.9,0.36759
2926.8,0.36764
2927.6,0.36769
2928.4,0.36777
2929.2,0.36783
2930.1,0.36791
2930.9,0.368
2931.7,0.36815
2932.6,0.36832
2933.4,0.36848
2934.2,0.3686
2935.1,0.36873
2935.9,0.36889
2936.7,0.36901
2937.5,0.36909
2938.4,0.36909
2939.2,0.36907
2940.0,0.3691
2940.9,0.36916
2941.7,0.36921
2942.5,0.36928
2943.4,0.36939
2944.2,0.36949
2945.1,0.36962
2945.9,0.36973
2946.7,0.36983
2947.6,0.36988
2948.4,0.37001
2949.2,0.3702
2950.1,0.37031
2950.9,0.37027
2951.8,0.37022
2952.6,0.37015
2953.4,0.37007
2954.3,0.36993
2955.1,0.36984
2956.0,0.36981
2956.8,0.36978
2957.7,0.36962
2958.5,0.36944
2959.3,0.36925
2960.2,0.36901
2961.0,0.36875
2961.9,0.36849
2962.7,0.3683
2963.6,0.36811
2964.4,0.36795
2965.3,0.3678
2966.1,0.3677
2967.0,0.36758
2967.8,0.36747
2968.7,0.36735
2969.5,0.36739
2970.4,0.36739
2971.2,0.36745
2972.1,0.36756
2972.9,0.36767
2973.8,0.3678
2974.6,0.3679
2975.5,0.36803
2976.3,0.3682
2977.2,0.3683
2978.0,0.36838
2978.9,0.36857
2979.8,0.36872
2980.6,0.36881
2981.5,0.3689
2982.3,0.36902
2983.2,0.36915
2984.0,0.36923
2984.9,0.36936
2985.8,0.36957
2986.6,0.36986
2987.5,0.3702
2988.3,0.37054
2989.2,0.37091
2990.1,0.37127
2990.9,0.37164
2991.8,0.37205
2992.7,0.37246
2993.5,0.37285
2994.4,0.37325
2995.2,0.37363
2996.1,0.37394
2997.0,0.37422
2997.8,0.37459
2998.7,0.37508
2999.6,0.37562
3000.4,0.37618
3001.3,0.37664
3002.2,0.37712
3003.1,0.37756
3003.9,0.37801
3004.8,0.37849
3005.7,0.37898
3006.5,0.3795
3007.4,0.37998
3008.3,0.38046
3009.2,0.38099
3010.0,0.38152
3010.9,0.38201
3011.8,0.38248
3012.6,0.38295
3013.5,0.38341
3014.4,0.38381
3015.3,0.3842
3016.2,0.38459
3017.0,0.38497
3017.9,0.38526
3018.8,0.38554
3019.7,0.3858
3020.5,0.38607
3021.4,0.38625
3022.3,0.38643
3023.2,0.38668
3024.1,0.38693
3025.0,0.38712
3025.8,0.38721
3026.7,0.38733
3027.6,0.3874
3028.5,0.38745
3029.4,0.38746
3030.3,0.38742
3031.1,0.38744
3032.0,0.38746
3032.9,0.3876
3033.8,0.38786
3034.7,0.38815
3035.6,0.38848
3036.5,0.38876
3037.4,0.38906
3038.2,0.38934
3039.1,0.38973
3040.0,0.39015
3040.9,0.39055
3041.8,0.39098
3042.7,0.39141
3043.6,0.39187
3044.5,0.39229
3045.4,0.39261
3046.3,0.39289
3047.2,0.39318
3048.1,0.39345
3049.0,0.39377
3049.9,0.39411
3050.8,0.39445
3051.7,0.39485
3052.6,0.39526
3053.5,0.39575
3054.4,0.39627
3055.3,0.39682
3056.2,0.3973
3057.1,0.39777
3058.0,0.39823
3058.9,0.39864
3059.8,0.39904
3060.7,0.3994
3061.6,0.39972
3062.5,0.39999
3063.4,0.40027
3064.3,0.40059
3065.2,0.40097
3066.1,0.40134
3067.0,0.40167
3067.9,0.40206
3068.8,0.40236
3069.7,0.40255
3070.6,0.40271
3071.5,0.40283
3072.5,0.40294
3073.4,0.40302
3074.3,0.40316
3075.2,0.40337
3076.1,0.40359
3077.0,0.40383
3077.9,0.40413
3078.8,0.40439
3079.8,0.40467
3080.7,0.40494
3081.6,0.40527
3082.5,0.40572
3083.4,0.40633
3084.3,0.40695
3085.3,0.40754
3086.2,0.40806
3087.1,0.40849
3088.0,0.40887
3088.9,0.40925
3089.8,0.40958
3090.8,0.40983
3091.7,0.41004
3092.6,0.41018
3093.5,0.4103
3094.5,0.41041
3095.4,0.41055
3096.3,0.4108
3097.2,0.41112
3098.2,0.41155
3099.1,0.41208
3100.0,0.41269
3100.9,0.41336
3101.9,0.41392
3102.8,0.41444
3103.7,0.41496
3104.7,0.41546
3105.6,0.41588
3106.5,0.41635
3107.4,0.41679
3108.4,0.41716
3109.3,0.4175
3110.2,0.41781
3111.2,0.41818
3112.1,0.41856
3113.0,0.41899
3114.0,0.41943
3114.9,0.41987
3115.8,0.42034
3116.8,0.42084
3117.7,0.42139
3118.7,0.42202
3119.6,0.42262
3120.5,0.42319
3121.5,0.42374
3122.4,0.42425
3123.4,0.42467
3124.3,0.42509
3125.2,0.42554
3126.2,0.42606
3127.1,0.42661
3128.1,0.42713
3129.0,0.42762
3130.0,0.42798
3130.9,0.42831
3131.8,0.42857
3132.8,0.42884
3133.7,0.42907
3134.7,0.42928
3135.6,0.42949
3136.6,0.42968
3137.5,0.42979
3138.5,0.4298
3139.4,0.42971
3140.4,0.42959
3141.3,0.42938
3142.3,0.42898
3143.2,0.42855
3144.2,0.42801
3145.1,0.42737
3146.1,0.42678
3147.1,0.42634
3148.0,0.42601
3149.0,0.4257
3149.9,0.4253
3150.9,0.4249
3151.8,0.42442
3152.8,0.42381
3153.8,0.42312
3154.7,0.42243
3155.7,0.4218
3156.6,0.4212
3157.6,0.42077
3158.6,0.42051
3159.5,0.42038
3160.5,0.42039
3161.4,0.42035
3162.4,0.42024
3163.4,0.41999
3164.3,0.41956
3165.3,0.41909
3166.3,0.41863
3167.2,0.41822
3168.2,0.41784
3169.2,0.41755
3170.1,0.41739
3171.1,0.4174
3172.1,0.41768
3173.1,0.41822
3174.0,0.41899
3175.0,0.41987
3176.0,0.42074
3176.9,0.4216
3177.9,0.42247
3178.9,0.42328
3179.9,0.42403
3180.8,0.42469
3181.8,0.42533
3182.8,0.42593
3183.8,0.42662
3184.7,0.42742
3185.7,0.42832
3186.7,0.42933
3187.7,0.43044
3188.7,0.4317
3189.6,0.43298
3190.6,0.43427
3191.6,0.4356
3192.6,0.43693
3193.6,0.43819
3194.6,0.43937
3195.5,0.44049
3196.5,0.44152
3197.5,0.44246
3198.5,0.44338
3199.5,0.4443
3200.5,0.4452
3201.5,0.44613
3202.5,0.44697
3203.4,0.44781
3204.4,0.44865
3205.4,0.44942
3206.4,0.45012
3207.4,0.45087
3208.4,0.45163
3209.4,0.45243
3210.4,0.4532
3211.4,0.45391
3212.4,0.45464
3213.4,0.45523
3214.4,0.45579
3215.4,0.45634
3216.4,0.45691
3217.4,0.45742
3218.4,0.45797
3219.4,0.45852
3220.4,0.45906
3221.4,0.45956
3222.4,0.46008
3223.4,0.46065
3224.4,0.46122
3225.4,0.46175
3226.4,0.46232
3227.4,0.46288
3228.4,0.46341
3229.4,0.46393
3230.4,0.46447
3231.4,0.46514
3232.4,0.46581
3233.4,0.46645
3234.4,0.46702
3235.4,0.4676
3236.4,0.46817
3237.4,0.46872
3238.5,0.46928
3239.5,0.46981
3240.5,0.47035
3241.5,0.47096
3242.5,0.47159
3243.5,0.47219
3244.5,0.47273
3245.6,0.47319
3246.6,0.47368
3247.6,0.47413
3248.6,0.47456
3249.6,0.47498
3250.6,0.47544
3251.7,0.47586
3252.7,0.47624
3253.7,0.4766
3254.7,0.47693
3255.7,0.47723
3256.8,0.47749
3257.8,0.47775
3258.8,0.47797
3259.8,0.47823
3260.9,0.47842
3261.9,0.47865
3262.9,0.47885
3263.9,0.47906
3265.0,0.47917
3266.0,0.47922
3267.0,0.47915
3268.1,0.47899
3269.1,0.47874
3270.1,0.47844
3271.1,0.47813
3272.2,0.4777
3273.2,0.47721
3274.2,0.47657
3275.3,0.47579
3276.3,0.4748
3277.4,0.47366
3278.4,0.47254
3279.4,0.47146
3280.5,0.47043
3281.5,0.46944
3282.5,0.46837
3283.6,0.46722
3284.6,0.46597
3285.7,0.46465
3286.7,0.46328
3287.7,0.46183
3288.8,0.46028
3289.8,0.45871
3290.9,0.4572
3291.9,0.4556
3293.0,0.45393
3294.0,0.45212
3295.1,0.45016
3296.1,0.44795
3297.1,0.44544
3298.2,0.44266
3299.2,0.43968
3300.3,0.43649
3301.3,0.43317
3302.4,0.42983
3303.5,0.42652
3304.5,0.42332
3305.6,0.42036
3306.6,0.41775
3307.7,0.41554
3308.7,0.41369
3309.8,0.41225
3310.8,0.41132
3311.9,0.4108
3313.0,0.41062
3314.0,0.41078
3315.1,0.41129
3316.1,0.41212
3317.2,0.41316
3318.3,0.41436
3319.3,0.41569
3320.4,0.41719
3321.4,0.41884
3322.5,0.4206
3323.6,0.42244
3324.6,0.42431
3325.7,0.42614
3326.8,0.42796
3327.8,0.4298
3328.9,0.4315
3330.0,0.43295
3331.0,0.43409
3332.1,0.43483
3333.2,0.43524
3334.3,0.43533
3335.3,0.43515
3336.4,0.43473
3337.5,0.43417
3338.5,0.43343
3339.6,0.43263
3340.7,0.43177
3341.8,0.43075
3342.9,0.42958
3343.9,0.42826
3345.0,0.42681
3346.1,0.42519
3347.2,0.4235
3348.3,0.4218
3349.3,0.42022
3350.4,0.41875
3351.5,0.41748
3352.6,0.41657
3353.7,0.41598
3354.8,0.41588
3355.8,0.41619
3356.9,0.41702
3358.0,0.41834
3359.1,0.42
3360.2,0.42194
3361.3,0.42405
3362.4,0.42622
3363.5,0.42829
3364.5,0.43021
3365.6,0.43187
3366.7,0.43325
3367.8,0.43436
3368.9,0.43533
3370.0,0.43625
3371.1,0.43714
3372.2,0.43793
3373.3,0.43875
3374.4,0.43963
3375.5,0.44058
3376.6,0.44161
3377.7,0.4427
3378.8,0.44381
3379.9,0.44498
3381.0,0.44622
3382.1,0.44757
3383.2,0.44894
3384.3,0.45028
3385.4,0.45165
3386.5,0.45304
3387.6,0.4544
3388.7,0.45568
3389.8,0.4569
3391.0,0.45799
3392.1,0.45898
3393.2,0.45986
3394.3,0.46066
3395.4,0.46133
3396.5,0.4618
3397.6,0.4621
3398.7,0.46229
3399.8,0.46239
3401.0,0.46237
3402.1,0.46223
3403.2,0.46204
3404.3,0.4618
3405.4,0.46154
3406.5,0.46122
3407.7,0.46096
3408.8,0.46071
3409.9,0.46049
3411.0,0.46022
3412.2,0.46002
3413.3,0.45988
3414.4,0.4598
3415.5,0.45982
3416.7,0.46003
3417.8,0.46045
3418.9,0.46112
3420.0,0.46196
3421.2,0.46302
3422.3,0.46433
3423.4,0.4658
3424.5,0.46751
3425.7,0.46932
3426.8,0.47128
3427.9,0.47328
3429.1,0.47538
3430.2,0.47756
3431.3,0.47975
3432.5,0.48185
3433.6,0.48387
3434.8,0.48583
3435.9,0.48766
3437.0,0.48935
3438.2,0.49088
3439.3,0.49229
3440.5,0.49355
3441.6,0.49469
3442.7,0.49573
3443.9,0.49679
3445.0,0.49777
3446.2,0.4987
3447.3,0.4996
3448.5,0.50041
3449.6,0.5012
3450.8,0.50195
3451.9,0.50272
3453.1,0.50348
3454.2,0.50419
3455.4,0.50495
3456.5,0.50565
3457.7,0.50631
3458.8,0.5069
3460.0,0.5075
3461.1,0.50805
3462.3,0.50856
3463.4,0.50898
3464.6,0.50931
3465.8,0.50959
3466.9,0.50978
3468.1,0.50987
3469.2,0.50987
3470.4,0.50989
3471.6,0.5098
3472.7,0.50973
3473.9,0.50965
3475.0,0.50949
3476.2,0.50928
3477.4,0.50904
3478.5,0.50881
3479.7,0.50864
3480.9,0.5085
3482.0,0.5084
3483.2,0.50836
3484.4,0.50839
3485.6,0.50843
3486.7,0.50846
3487.9,0.50847
3489.1,0.50842
3490.3,0.5083
3491.4,0.5081
3492.6,0.50782
3493.8,0.50741
3495.0,0.50692
3496.1,0.50637
3497.3,0.50579
3498.5,0.50515
3499.7,0.50456
3500.9,0.50412
3502.0,0.50379
3503.2,0.50373
3504.4,0.5039
3505.6,0.50441
3506.8,0.50525
3508.0,0.50644
3509.1,0.50787
3510.3,0.50963
3511.5,0.51163
3512.7,0.51377
3513.9,0.51591
3515.1,0.51802
3516.3,0.51998
3517.5,0.52178
3518.7,0.52335
3519.9,0.52479
3521.1,0.52609
3522.3,0.52729
3523.5,0.52836
3524.7,0.52936
3525.9,0.5303
3527.1,0.5311
3528.3,0.53185
3529.5,0.53253
3530.7,0.53316
3531.9,0.53367
3533.1,0.53419
3534.3,0.53469
3535.5,0.53521
3536.7,0.53568
3537.9,0.53607
3539.1,0.53643
3540.3,0.5368
3541.5,0.53713
3542.7,0.53748
3543.9,0.53786
3545.1,0.53822
3546.4,0.5385
3547.6,0.53881
3548.8,0.53914
3550.0,0.53948
3551.2,0.5398
3552.4,0.54011
3553.6,0.54039
3554.9,0.54063
3556.1,0.54089
3557.3,0.54114
3558.5,0.54146
3559.7,0.54174
3561.0,0.54201
3562.2,0.54227
3563.4,0.54253
3564.6,0.54281
3565.9,0.54306
3567.1,0.54329
3568.3,0.54354
3569.5,0.54371
3570.8,0.54385
3572.0,0.54408
3573.2,0.5443
3574.5,0.54454
3575.7,0.54477
3576.9,0.545
3578.2,0.54523
3579.4,0.54538
3580.6,0.5456
3581.9,0.5458
3583.1,0.54593
3584.4,0.54608
3585.6,0.54616
3586.8,0.54631
3588.1,0.54647
3589.3,0.54662
3590.6,0.54677
3591.8,0.54693
3593.0,0.54703
3594.3,0.54713
3595.5,0.54726
3596.8,0.54741
3598.0,0.54753
3599.3,0.5476
3600.5,0.5477
3601.8,0.54782
3603.0,0.54792
3604.3,0.54794
3605.5,0.54801
3606.8,0.54811
3608.1,0.54822
3609.3,0.54827
3610.6,0.54831
3611.8,0.54835
3613.1,0.54836
3614.3,0.54839
3615.6,0.54845
3616.9,0.54851
3618.1,0.54854
3619.4,0.54856
3620.6,0.5486
3621.9,0.54864
3623.2,0.54862
3624.4,0.54862
3625.7,0.54867
3627.0,0.54872
3628.2,0.54876
3629.5,0.54877
3630.8,0.54877
3632.1,0.54876
3633.3,0.54879
3634.6,0.54884
3635.9,0.54888
3637.2,0.54884
3638.4,0.54884
3639.7,0.54886
3641.0,0.54889
3642.3,0.54889
3643.5,0.54889
3644.8,0.54894
3646.1,0.54901
3647.4,0.54906
3648.7,0.54912
3650.0,0.54919
3651.2,0.54932
3652.5,0.54942
3653.8,0.54956
3655.1,0.54965
3656.4,0.54975
3657.7,0.5498
3659.0,0.54987
3660.3,0.55004
3661.6,0.55015
3662.9,0.5503
3664.1,0.55042
3665.4,0.55064
3666.7,0.55079
3668.0,0.55084
3669.3,0.55092
3670.6,0.55103
3671.9,0.55114
3673.2,0.55127
3674.5,0.55144
3675.8,0.55164
3677.1,0.5518
3678.4,0.55191
3679.8,0.55204
3681.1,0.55219
3682.4,0.55232
3683.7,0.55239
3685.0,0.55235
3686.3,0.55188
3687.6,0.5503
3688.9,0.54741
3690.2,0.54404
3691.5,0.54184
3692.9,0.54194
3694.2,0.54405
3695.5,0.54691
3696.8,0.54938
3698.1,0.55106
3699.4,0.55214
3700.8,0.5527
3702.1,0.55272
3703.4,0.55242
3704.7,0.55215
3706.1,0.55229
3707.4,0.55275
3708.7,0.55333
3710.0,0.55395
3711.4,0.55439
3712.7,0.55465
3714.0,0.55483
3715.3,0.55501
3716.7,0.55517
3718.0,0.55523
3719.3,0.55528
3720.7,0.55533
3722.0,0.5554
3723.4,0.55548
3724.7,0.55555
3726.0,0.55565
3727.4,0.55574
3728.7,0.55578
3730.0,0.55581
3731.4,0.55582
3732.7,0.55588
3734.1,0.55593
3735.4,0.55599
3736.8,0.55607
3738.1,0.55612
3739.5,0.55614
3740.8,0.55616
3742.2,0.55618
3743.5,0.55618
3744.9,0.55616
3746.2,0.55618
3747.6,0.55621
3748.9,0.55624
3750.3,0.55624
3751.6,0.55625
3753.0,0.55629
3754.4,0.55633
3755.7,0.55632
3757.1,0.55631
3758.4,0.55632
3759.8,0.55633
3761.2,0.55631
3762.5,0.55632
3763.9,0.55628
3765.3,0.55622
3766.6,0.55619
3768.0,0.55617
3769.4,0.55617
3770.7,0.55614
3772.1,0.55615
3773.5,0.55614
3774.9,0.55611
3776.2,0.55606
3777.6,0.55604
3779.0,0.55605
3780.4,0.55599
3781.7,0.5559
3783.1,0.55587
3784.5,0.55586
3785.9,0.55584
3787.3,0.55582
3788.7,0.55576
3790.0,0.55572
3791.4,0.55563
3792.8,0.55553
3794.2,0.55545
3795.6,0.55538
3797.0,0.5553
3798.4,0.55521
3799.8,0.55511
3801.1,0.55506
3802.5,0.555
3803.9,0.55493
3805.3,0.55486
3806.7,0.55479
3808.1,0.55471
3809.5,0.55459
3810.9,0.55455
3812.3,0.55455
3813.7,0.55451
3815.1,0.55444
3816.5,0.55443
3817.9,0.55437
3819.4,0.55426
3820.8,0.55417
3822.2,0.55414
3823.6,0.55414
3825.0,0.55411
3826.4,0.55408
3827.8,0.55402
3829.2,0.55397
3830.6,0.55392
3832.1,0.55386
3833.5,0.55381
3834.9,0.55374
3836.3,0.5537
3837.7,0.55367
3839.1,0.55362
3840.6,0.55359
3842.0,0.55355
3843.4,0.55352
3844.8,0.55347
3846.3,0.55339
3847.7,0.55332
3849.1,0.55333
3850.6,0.55332
3852.0,0.55327
3853.4,0.55316
3854.8,0.5531
3856.3,0.55306
3857.7,0.55301
3859.2,0.55294
3860.6,0.55288
3862.0,0.55284
3863.5,0.55275
3864.9,0.55263
3866.3,0.55253
3867.8,0.55245
3869.2,0.5524
3870.7,0.55233
3872.1,0.55223
3873.6,0.55212
3875.0,0.55199
3876.5,0.55189
3877.9,0.55176
3879.4,0.55163
3880.8,0.55149
3882.3,0.55136
3883.7,0.55126
3885.2,0.55119
3886.6,0.55107
3888.1,0.55095
3889.5,0.55082
3891.0,0.55072
3892.5,0.55059
3893.9,0.55049
3895.4,0.55038
3896.9,0.5503
3898.3,0.5502
3899.8,0.55011
3901.3,0.55003
3902.7,0.54991
3904.2,0.54979
3905.7,0.5497
3907.1,0.54958
3908.6,0.54946
3910.1,0.54935
3911.6,0.54926
3913.0,0.54917
3914.5,0.54904
3916.0,0.54891
3917.5,0.54887
3918.9,0.54884
3920.4,0.54875
3921.9,0.54866
3923.4,0.5486
3924.9,0.54853
3926.4,0.54841
3927.9,0.54831
3929.3,0.54824
3930.8,0.54819
3932.3,0.54813
3933.8,0.54812
3935.3,0.54812
3936.8,0.54805
3938.3,0.54794
3939.8,0.54789
3941.3,0.54788
3942.8,0.54788
3944.3,0.5478
3945.8,0.54777
3947.3,0.54771
3948.8,0.54763
3950.3,0.54754
3951.8,0.5475
3953.3,0.54748
3954.8,0.54739
3956.3,0.54731
3957.8,0.54728
3959.3,0.54726
3960.9,0.5472
3962.4,0.54714
3963.9,0.54713
3965.4,0.5471
3966.9,0.547
3968.4,0.54688
3970.0,0.54681
3971.5,0.54675
3973.0,0.54668
3974.5,0.54663
3976.0,0.54662
3977.6,0.54657
3979.1,0.54648
3980.6,0.54642
3982.2,0.54637
3983.7,0.54628
3985.2,0.54616
3986.8,0.5461
3988.3,0.54603
3989.8,0.54596
3991.4,0.54585
3992.9,0.54577
3994.4,0.54569
3996.0,0.5456
3997.5,0.5455
3999.0,0.54541
4000.6,0.54536
4002.1,0.54521
4003.7,0.54508
4005.2,0.54499
4006.8,0.5449
4008.3,0.54476
4009.9,0.54461
4011.4,0.54448
4013.0,0.54431
4014.5,0.5441
4016.1,0.54389
4017.6,0.54367
4019.2,0.54348
4020.8,0.54329
4022.3,0.54311
4023.9,0.54295
4025.4,0.54274
4027.0,0.54249
4028.6,0.54227
4030.1,0.54205
4031.7,0.54178
4033.3,0.54152
4034.8,0.54128
4036.4,0.54113
4038.0,0.54094
4039.6,0.54072
4041.1,0.54053
4042.7,0.54037
4044.3,0.54019
4045.9,0.53995
4047.4,0.53979
4049.0,0.53961
4050.6,0.53944
4052.2,0.53927
4053.8,0.53913
4055.4,0.53901
4056.9,0.53885
4058.5,0.53871
4060.1,0.53857
4061.7,0.53852
4063.3,0.53838
4064.9,0.53821
4066.5,0.53805
4068.1,0.53789
4069.7,0.53773
4071.3,0.53758
4072.9,0.53745
4074.5,0.53734
4076.1,0.53722
4077.7,0.5371
4079.3,0.53702
4080.9,0.53694
4082.5,0.53685
4084.1,0.53676
4085.7,0.53667
4087.3,0.53655
4088.9,0.53639
4090.5,0.53631
4092.2,0.53623
4093.8,0.53614
4095.4,0.53599
4097.0,0.53584
4098.6,0.53573
4100.3,0.53565
4101.9,0.53558
4103.5,0.53554
4105.1,0.53551
4106.7,0.53543
4108.4,0.53534
4110.0,0.53524
4111.6,0.53517
4113.3,0.53505
4114.9,0.53494
4116.5,0.53487
4118.2,0.53478
4119.8,0.53469
4121.4,0.53462
4123.1,0.53453
4124.7,0.5344
4126.4,0.53425
4128.0,0.53415
4129.6,0.53409
4131.3,0.534
4132.9,0.53388
4134.6,0.53374
4136.2,0.5337
4137.9,0.53361
4139.5,0.53344
4141.2,0.5333
4142.8,0.53317
4144.5,0.533
4146.2,0.53288
4147.8,0.53283
4149.5,0.53279
4151.1,0.53273
4152.8,0.53262
4154.5,0.53254
4156.1,0.53252
4157.8,0.53242
4159.5,0.53232
4161.1,0.53224
4162.8,0.53212
4164.5,0.53202
4166.1,0.53192
4167.8,0.53188
4169.5,0.53182
4171.2,0.53168
4172.9,0.53157
4174.5,0.5315
4176.2,0.53144
4177.9,0.53137
4179.6,0.53133
4380.9,0.51957
4382.7,0.51921
4384.6,0.51893
4386.4,0.51871
4388.3,0.51849
4390.2,0.51822
4392.0,0.51794
4393.9,0.51765
4395.7,0.51733
4397.6,0.51693
4399.5,0.51653
4401.3,0.51615
4403.2,0.51574
4405.1,0.5153
4406.9,0.51485
4408.8,0.51441
4410.7,0.51399
4412.6,0.51356
4414.4,0.51314
4416.3,0.51271
4418.2,0.51226
4420.1,0.5118
4422.0,0.51134
4423.9,0.51088
4425.8,0.51032
4427.6,0.50969
4429.5,0.50907
4431.4,0.50847
4433.3,0.50775
4435.2,0.50701
4437.1,0.50627
4439.0,0.50549
4440.9,0.5046
4442.8,0.50364
4444.7,0.50269
4446.6,0.5018
4448.5,0.50091
4450.4,0.50005
4452.4,0.49922
4454.3,0.49839
4456.2,0.49756
4458.1,0.49679
4460.0,0.49608
4461.9,0.49538
4463.9,0.49466
4465.8,0.49395
4467.7,0.49334
4469.6,0.49274
4471.6,0.49212
4473.5,0.49152
4475.4,0.49093
4477.3,0.4903
4479.3,0.48965
4481.2,0.48901
4483.2,0.48838
4485.1,0.4877
4487.0,0.48692
4489.0,0.48613
4490.9,0.48533
4492.9,0.4845
4494.8,0.48366
4496.8,0.48279
4498.7,0.48192
4500.7,0.48103
4502.6,0.48016
4504.6,0.47931
4506.5,0.47847
4508.5,0.47754
4510.5,0.47662
4512.4,0.47572
4514.4,0.47472
4516.3,0.47367
4518.3,0.47265
4520.3,0.47164
4522.3,0.47061
4524.2,0.46949
4526.2,0.46839
4528.2,0.46734
4530.2,0.46633
4532.1,0.46533
4534.1,0.46439
4536.1,0.46351
4538.1,0.46265
4540.1,0.46173
4542.1,0.46075
4544.1,0.45973
4546.0,0.45864
4548.0,0.45745
4550.0,0.45617
4552.0,0.45483
4554.0,0.45339
4556.0,0.45185
4558.0,0.45028
4560.0,0.44873
4562.0,0.44712
4564.1,0.44552
4566.1,0.44393
4568.1,0.44233
4570.1,0.44074
4572.1,0.43915
4574.1,0.43769
4576.1,0.43627
4578.2,0.43481
4580.2,0.43337
4582.2,0.432
4584.2,0.43071
4586.3,0.4294
4588.3,0.42808
4590.3,0.4268
4592.4,0.42554
4594.4,0.42422
4596.4,0.42289
4598.5,0.42157
4600.5,0.42022
4602.5,0.41882
4604.6,0.41738
4606.6,0.41586
4608.7,0.41424
4610.7,0.41253
4612.8,0.41077
4614.8,0.40897
4616.9,0.40704
4618.9,0.40502
4621.0,0.40294
4623.1,0.40083
4625.1,0.39867
4627.2,0.39644
4629.3,0.3942
4631.3,0.39189
4633.4,0.38956
4635.5,0.3872
4637.5,0.3849
4639.6,0.38264
4641.7,0.38039
4643.8,0.3782
4645.8,0.37611
4647.9,0.37414
4650.0,0.37226
4652.1,0.37051
4654.2,0.36889
4656.3,0.36738
4658.4,0.36591
4660.5,0.36452
4662.6,0.3632
4664.7,0.36193
4666.8,0.36066
4668.9,0.35943
4671.0,0.35823
4673.1,0.35698
4675.2,0.3557
4677.3,0.35445
4679.4,0.35321
4681.5,0.3519
4683.6,0.35056
4685.7,0.34922
4687.9,0.34786
4690.0,0.3465
4692.1,0.34515
4694.2,0.34388
4696.3,0.34265
4698.5,0.34143
4700.6,0.34023
4702.7,0.33913
4704.9,0.33813
4707.0,0.33719
4709.1,0.33633
4711.3,0.33555
4713.4,0.33486
4715.6,0.33418
4717.7,0.33354
4719.9,0.33296
4722.0,0.33239
4724.2,0.33183
4726.3,0.33126
4728.5,0.33068
4730.6,0.33013
4732.8,0.32951
4734.9,0.32885
4737.1,0.32816
4739.3,0.32742
4741.4,0.3266
4743.6,0.32574
4745.8,0.32478
4748.0,0.3237
4750.1,0.32252
4752.3,0.32127
4754.5,0.31997
4756.7,0.3186
4758.9,0.31709
4761.0,0.31547
4763.2,0.31379
4765.4,0.312
4767.6,0.3102
4769.8,0.30837
4772.0,0.30652
4774.2,0.30462
4776.4,0.30273
4778.6,0.30089
4780.8,0.29913
4783.0,0.29742
4785.2,0.29582
4787.4,0.29434
4789.6,0.29297
4791.8,0.29165
4794.1,0.29044
4796.3,0.28937
4798.5,0.28837
4800.7,0.28744
4802.9,0.28662
4805.2,0.28591
4807.4,0.28531
4809.6,0.28479
4811.8,0.28434
4814.1,0.28398
4816.3,0.28366
4818.6,0.28339
4820.8,0.28318
4823.0,0.283
4825.3,0.2828
4827.5,0.28257
4829.8,0.28234
4832.0,0.28217
4834.3,0.28199
4836.5,0.28185
4838.8,0.2817
4841.1,0.28156
4843.3,0.2814
4845.6,0.28123
4847.8,0.28109
4850.1,0.28092
4852.4,0.28071
4854.7,0.28045
4856.9,0.28021
4859.2,0.27992
4861.5,0.27964
4863.8,0.27933
4866.0,0.27904
4868.3,0.27869
4870.6,0.27828
4872.9,0.27785
4875.2,0.27742
4877.5,0.27696
4879.8,0.27647
4882.1,0.27601
4884.4,0.27551
4886.7,0.27496
4889.0,0.27429
4891.3,0.27358
4893.6,0.27282
4895.9,0.27201
4898.2,0.27112
4900.5,0.27022
4902.9,0.26929
4905.2,0.26825
4907.5,0.26712
4909.8,0.26598
4912.1,0.26477
4914.5,0.2635
4916.8,0.26218
4919.1,0.26084
4921.5,0.25949
4923.8,0.25805
4926.1,0.25655
4928.5,0.25508
4930.8,0.25364
4933.2,0.25221
4935.5,0.25079
4937.9,0.24936
4940.2,0.24802
4942.6,0.24677
4944.9,0.24566
4947.3,0.24471
4949.7,0.24394
4952.0,0.24332
4954.4,0.24286
4956.8,0.24258
4959.1,0.24244
4961.5,0.24238
4963.9,0.24238
4966.3,0.24232
4968.6,0.2422
4971.0,0.24201
4973.4,0.24182
4975.8,0.24162
4978.2,0.24134
4980.6,0.24101
4983.0,0.24065
4985.4,0.24027
4987.8,0.23977
4990.2,0.23919
4992.6,0.23862
4995.0,0.23807
4997.4,0.23747
4999.8,0.23686
5002.2,0.23626
5004.6,0.23566
5007.0,0.23501
5009.4,0.23433
5011.9,0.23369
5014.3,0.23299
5016.7,0.23225
5019.1,0.23154
5021.6,0.23094
5024.0,0.23041
5026.4,0.22981
5028.9,0.22912
5031.3,0.22841
5033.8,0.22771
5036.2,0.22701
5038.6,0.22627
5041.1,0.22554
5043.5,0.22479
5046.0,0.224
5048.5,0.22319
5050.9,0.22237
5053.4,0.22152
5055.8,0.22064
5058.3,0.2197
5060.8,0.21874
5063.3,0.21773
5065.7,0.21669
5068.2,0.21562
5070.7,0.21451
5073.2,0.21338
5075.6,0.21217
5078.1,0.21089
5080.6,0.20956
5083.1,0.20817
5085.6,0.20674
5088.1,0.20522
5090.6,0.20353
5093.1,0.20167
5095.6,0.19965
5098.1,0.19756
5100.6,0.19538
5103.1,0.19312
5105.6,0.1909
5108.1,0.18885
5110.7,0.18696
5113.2,0.18501
5115.7,0.18308
5118.2,0.18128
5120.8,0.17969
5123.3,0.17829
5125.8,0.17707
5128.4,0.17606
5130.9,0.17519
5133.4,0.17447
5136.0,0.17386
5138.5,0.17342
5141.1,0.17316
5143.6,0.173
5146.2,0.17299
5148.7,0.17318
5151.3,0.17359
5153.8,0.17403
5156.4,0.17438
5159.0,0.17469
5161.5,0.17506
5164.1,0.17551
5166.7,0.17597
5169.3,0.17634
5171.8,0.17663
5174.4,0.17685
5177.0,0.17696
5179.6,0.17699
5182.2,0.17696
5184.8,0.17683
5187.4,0.17659
5190.0,0.17624
5192.6,0.17579
5195.2,0.17525
5197.8,0.17461
5200.4,0.17394
5203.0,0.1733
5205.6,0.17265
5208.2,0.17184
5210.8,0.17091
5213.4,0.17008
5216.1,0.16948
5218.7,0.16899
5221.3,0.16837
5223.9,0.16758
5226.6,0.16683
5229.2,0.16624
5231.9,0.16575
5234.5,0.16528
5237.1,0.1649
5239.8,0.16462
5242.4,0.16439
5245.1,0.16415
5247.7,0.16394
5250.4,0.16387
5253.1,0.1639
5255.7,0.164
5258.4,0.16419
5261.1,0.16445
5263.7,0.16478
5266.4,0.16514
5269.1,0.16549
5271.8,0.16581
5274.4,0.16608
5277.1,0.16632
5279.8,0.16656
5282.5,0.16674
5285.2,0.16674
5287.9,0.16657
5290.6,0.16636
5293.3,0.16621
5296.0,0.16606
5298.7,0.16578
5301.4,0.16526
5304.1,0.16459
5306.8,0.16389
5309.5,0.16315
5312.3,0.16239
5315.0,0.16156
5317.7,0.16065
5320.4,0.1597
5323.2,0.15877
5325.9,0.15784
5328.6,0.15693
5331.4,0.15605
5334.1,0.15525
5336.9,0.15453
5339.6,0.15388
5342.4,0.1533
5345.1,0.15276
5347.9,0.15232
5350.6,0.15211
5353.4,0.15215
5356.2,0.15231
5358.9,0.15229
5361.7,0.15209
5364.5,0.15186
5367.3,0.15174
5370.0,0.1517
5372.8,0.15171
5375.6,0.15181
5378.4,0.15194
5381.2,0.15209
5384.0,0.15217
5386.8,0.15229
5389.6,0.15244
5392.4,0.1526
5395.2,0.15276
5398.0,0.15295
5400.8,0.15321
5403.6,0.15341
5406.4,0.15354
5409.3,0.15367
5412.1,0.15384
5414.9,0.15391
5417.7,0.15374
5420.6,0.1535
5423.4,0.15345
5426.2,0.15358
5429.1,0.15346
5431.9,0.1528
5434.8,0.15176
5437.6,0.15062
5440.5,0.14956
5443.3,0.14853
5446.2,0.14743
5449.0,0.14622
5451.9,0.14496
5454.8,0.1437
5457.7,0.14238
5460.5,0.14106
5463.4,0.1399
5466.3,0.13903
5469.2,0.13839
5472.1,0.1377
5474.9,0.13686
5477.8,0.13608
5480.7,0.1356
5483.6,0.1354
5486.5,0.13523
5489.4,0.13495
5492.3,0.13468
5495.2,0.13458
5498.2,0.1346
5501.1,0.13465
5504.0,0.13475
5506.9,0.13492
5509.8,0.13514
5512.8,0.13531
5515.7,0.13549
5518.6,0.13568
5521.6,0.1359
5524.5,0.13609
5527.5,0.13626
5530.4,0.1364
5533.4,0.13647
5536.3,0.13649
5539.3,0.1365
5542.2,0.13651
5545.2,0.13653
5548.2,0.13654
5551.1,0.13665
5554.1,0.13688
5557.1,0.13719
5560.1,0.13745
5563.1,0.13761
5566.0,0.13775
5569.0,0.13789
5572.0,0.13799
5575.0,0.13811
5578.0,0.13842
5581.0,0.13908
5584.0,0.13995
5587.0,0.14067
5590.0,0.14102
5593.1,0.14115
5596.1,0.14129
5599.1,0.14154
5602.1,0.14188
5605.2,0.14232
5608.2,0.14281
5611.2,0.14317
5614.3,0.14333
5617.3,0.14349
5620.3,0.14376
5623.4,0.14397
5626.4,0.14395
5629.5,0.14378
5632.6,0.14369
5635.6,0.14356
5638.7,0.14331
5641.7,0.14321
5644.8,0.14355
5647.9,0.144
5651.0,0.14391
5654.1,0.1433
5657.1,0.14276
5660.2,0.14256
5663.3,0.14236
5666.4,0.14189
5669.5,0.1413
5672.6,0.14086
5675.7,0.14073
5678.8,0.1409
5681.9,0.14121
5685.1,0.14136
5688.2,0.14128
5691.3,0.14123
5694.4,0.14158
5697.5,0.14223
5700.7,0.14267
5703.8,0.14273
5707.0,0.14277
5710.1,0.14318
5713.2,0.14393
5716.4,0.14473
5719.5,0.14528
5722.7,0.14558
5725.9,0.14573
5729.0,0.1458
5732.2,0.14584
5735.4,0.14587
5738.5,0.14588
5741.7,0.14593
5744.9,0.14594
5748.1,0.14594
5751.3,0.14604
5754.5,0.14619
5757.7,0.14597
5760.9,0.14519
5764.1,0.14437
5767.3,0.14432
5770.5,0.1452
5773.7,0.14585
5776.9,0.14547
5780.1,0.1446
5783.3,0.14394
5786.6,0.14351
5789.8,0.14307
5793.0,0.14258
5796.3,0.1421
5799.5,0.14163
5802.8,0.14112
5806.0,0.14066
5809.3,0.14014
5812.5,0.13936
5815.8,0.13833
5819.0,0.13734
5822.3,0.13672
5825.6,0.1363
5828.9,0.13567
5832.1,0.13465
5835.4,0.13333
5838.7,0.1319
5842.0,0.13044
5845.3,0.12911
5848.6,0.12791
5851.9,0.12687
5855.2,0.12596
5858.5,0.1252
5861.8,0.12465
5865.1,0.12434
5868.4,0.12428
5871.8,0.12426
5875.1,0.12396
5878.4,0.12358
5881.8,0.12392
5885.1,0.12541
5888.4,0.12684
5891.8,0.12691
5895.1,0.12642
5898.5,0.12664
5901.8,0.12781
5905.2,0.12866
5908.6,0.12856
5911.9,0.12812
5915.3,0.12786
5918.7,0.12776
5922.1,0.12763
5925.4,0.12736
5928.8,0.1268
5932.2,0.12596
5935.6,0.12516
5939.0,0.12492
5942.4,0.12497
5945.8,0.12432
5949.2,0.12282
5952.7,0.12118
5956.1,0.11983
5959.5,0.11862
5962.9,0.11734
5966.4,0.11615
5969.8,0.11535
5973.2,0.11496
5976.7,0.11457
5980.1,0.11395
5983.6,0.11328
5987.0,0.11287
5990.5,0.1129
5994.0,0.11329
5997.4,0.11375
6000.9,0.11399
6004.4,0.11402
6007.8,0.11405
6011.3,0.11426
6014.8,0.11473
6018.3,0.11537
6021.8,0.11593
6025.3,0.1162
6028.8,0.11621
6032.3,0.1162
6035.8,0.11624
6039.3,0.11616
6042.9,0.11582
6046.4,0.11549
6049.9,0.11577
6053.4,0.11678
6057.0,0.11748
6060.5,0.11696
6064.1,0.11577
6067.6,0.11467
6071.2,0.11408
6074.7,0.11403
6078.3,0.11418
6081.8,0.11415
6085.4,0.11386
6089.0,0.11351
6092.6,0.11325
6096.1,0.11318
6099.7,0.11336
6103.3,0.11369
6106.9,0.114
6110.5,0.11441
6114.1,0.11529
6117.7,0.1168
6121.3,0.11836
6124.9,0.11929
6128.6,0.11976
6132.2,0.12026
6135.8,0.12095
6139.5,0.12176
6143.1,0.12264
6146.7,0.12359
6150.4,0.12442
6154.0,0.12496
6157.7,0.12537
6161.3,0.12592
6165.0,0.12668
6168.7,0.12733
6172.3,0.12758
6176.0,0.12754
6179.7,0.12742
6183.4,0.12758
6187.1,0.12822
6190.8,0.12924
6194.5,0.12999
6198.2,0.13013
6201.9,0.12995
6205.6,0.12994
6209.3,0.13022
6213.0,0.13064
6216.7,0.13106
6220.5,0.13153
6224.2,0.13207
6227.9,0.13261
6231.7,0.13308
6235.4,0.13357
6239.2,0.13411
6242.9,0.13469
6246.7,0.13524
6250.5,0.13579
6254.2,0.13638
6258.0,0.13694
6261.8,0.13748
6265.6,0.13803
6269.4,0.13864
6273.2,0.13928
6277.0,0.13988
6280.8,0.14048
6284.6,0.14107
6288.4,0.1416
6292.2,0.14209
6296.0,0.14261
6299.8,0.14319
6303.7,0.14374
6307.5,0.14426
6311.3,0.14484
6315.2,0.14547
6319.0,0.14608
6322.9,0.14667
6326.7,0.14737
6330.6,0.14815
6334.5,0.14876
6338.3,0.14915
6342.2,0.14969
6346.1,0.15089
6350.0,0.15265
6353.9,0.15407
6357.8,0.15459
6361.7,0.1546
6365.6,0.15468
6369.5,0.15527
6373.4,0.15641
6377.3,0.15768
6381.3,0.1585
6385.2,0.15876
6389.1,0.15889
6393.1,0.15929
6397.0,0.15987
6400.9,0.16019
6404.9,0.16003
6408.9,0.15981
6412.8,0.16031
6416.8,0.16219
6420.8,0.16461
6424.7,0.16576
6428.7,0.1654
6432.7,0.16469
6436.7,0.16452
6440.7,0.16494
6444.7,0.16534
6448.7,0.16536
6452.7,0.16541
6456.7,0.16586
6460.8,0.16642
6464.8,0.16659
6468.8,0.16652
6472.9,0.1667
6476.9,0.1672
6481.0,0.16761
6485.0,0.16772
6489.1,0.16779
6493.1,0.16822
6497.2,0.16912
6501.3,0.17007
6505.4,0.17046
6509.4,0.16992
6513.5,0.16877
6517.6,0.16782
6521.7,0.16776
6525.8,0.16844
6529.9,0.16892
6534.0,0.16868
6538.2,0.1682
6542.3,0.16788
6546.4,0.16771
6550.6,0.16762
6554.7,0.16771
6558.8,0.16788
6563.0,0.16774
6567.2,0.16717
6571.3,0.16668
6575.5,0.16685
6579.7,0.16736
6583.8,0.16733
6588.0,0.16661
6592.2,0.16583
6596.4,0.16549
6600.6,0.16541
6604.8,0.16509
6609.0,0.16443
6613.2,0.16378
6617.4,0.16342
6621.7,0.1632
6625.9,0.16278
6630.1,0.16215
6634.4,0.16174
6638.6,0.16203
6642.9,0.16287
6647.1,0.16329
6651.4,0.16276
6655.7,0.16163
6659.9,0.16052
6664.2,0.15974
6668.5,0.15932
6672.8,0.15905
6677.1,0.1588
6681.4,0.1586
6685.7,0.15854
6690.0,0.15851
6694.3,0.1582
6698.7,0.15748
6703.0,0.15661
6707.3,0.15598
6711.7,0.15572
6716.0,0.1557
6720.4,0.15555
6724.7,0.15513
6729.1,0.1545
6733.5,0.1538
6737.8,0.15303
6742.2,0.1522
6746.6,0.15137
6751.0,0.15063
6755.4,0.14998
6759.8,0.14927
6764.2,0.14845
6768.6,0.14756
6773.0,0.14681
6777.5,0.14615
6781.9,0.14546
6786.3,0.14468
6790.8,0.14403
6795.2,0.14358
6799.7,0.1431
6804.2,0.14221
6808.6,0.14097
6813.1,0.13972
6817.6,0.13861
6822.1,0.1377
6826.6,0.13694
6831.1,0.13635
6835.6,0.13578
6840.1,0.13499
6844.6,0.13398
6849.1,0.13299
6853.6,0.1322
6858.2,0.13161
6862.7,0.13132
6867.2,0.13151
6871.8,0.1319
6876.4,0.13178
6880.9,0.13104
6885.5,0.13023
6890.1,0.12976
6894.6,0.12948
6899.2,0.12915
6903.8,0.1288
6908.4,0.12862
6913.0,0.1285
6917.6,0.12821
6922.3,0.12771
6926.9,0.12714
6931.5,0.12656
6936.1,0.12591
6940.8,0.12524
6945.4,0.12457
6950.1,0.12382
6954.8,0.12297
6959.4,0.12227
6964.1,0.12196
6968.8,0.12173
6973.5,0.12113
6978.2,0.12017
6982.9,0.11926
6987.6,0.11857
6992.3,0.11799
6997.0,0.11746
7001.7,0.11696
7006.4,0.11644
7011.2,0.11583
7015.9,0.11517
7020.7,0.1146
7025.4,0.11414
7030.2,0.11363
7035.0,0.113
7039.7,0.11231
7044.5,0.11173
7049.3,0.11141
7054.1,0.11118
7058.9,0.11078
7063.7,0.11008
7068.5,0.10928
7073.4,0.10856
7078.2,0.10799
7083.0,0.10747
7087.9,0.10694
7092.7,0.10645
7097.6,0.10598
7102.4,0.10544
7107.3,0.1049
7112.2,0.10441
7117.0,0.10399
7121.9,0.10355
7126.8,0.10305
7131.7,0.10249
7136.6,0.10187
7141.6,0.10123
7146.5,0.10066
7151.4,0.10024
7156.3,0.09979
7161.3,0.09923
7166.2,0.09866
7171.2,0.09822
7176.1,0.09789
7181.1,0.09748
7186.1,0.09693
7191.1,0.09635
7196.1,0.09581
7201.1,0.09532
7206.1,0.09491
7211.1,0.09463
7216.1,0.09437
7221.1,0.09402
7226.2,0.09362
7231.2,0.09325
7236.2,0.09295
7241.3,0.09265
7246.4,0.09234
7251.4,0.09205
7256.5,0.09178
7261.6,0.09146
7266.7,0.09116
7271.8,0.09086
7276.9,0.09061
7282.0,0.09037
7287.1,0.09008
7292.2,0.08971
7297.4,0.08925
7302.5,0.08881
7307.6,0.08842
7312.8,0.08807
7318.0,0.0877
7323.1,0.08726
7328.3,0.08681
7333.5,0.08637
7338.7,0.08599
7343.9,0.08562
7349.1,0.08525
7354.3,0.08489
7359.5,0.08449
7364.7,0.08412
7370.0,0.0838
7375.2,0.08347
7380.5,0.08311
7385.7,0.08278
7391.0,0.08248
7396.2,0.08222
7401.5,0.08198
7406.8,0.08176
7412.1,0.08157
7417.4,0.08135
7422.7,0.08111
7428.0,0.08089
7433.4,0.08073
7438.7,0.08059
7444.0,0.08045
7449.4,0.08033
7454.7,0.08023
7460.1,0.08012
7465.5,0.07996
7470.8,0.07982
7476.2,0.07962
7481.6,0.07938
7487.0,0.07909
7492.4,0.07884
7497.9,0.07862
7503.3,0.07839
7508.7,0.07817
7514.2,0.07799
7519.6,0.07784
7525.1,0.07763
7530.5,0.07739
7536.0,0.07715
7541.5,0.07689
7547.0,0.07657
7552.5,0.07625
7558.0,0.07596
7563.5,0.07565
7569.0,0.07527
7574.5,0.07483
7580.1,0.07442
7585.6,0.07404
7591.2,0.07366
7596.7,0.07327
7602.3,0.07286
7607.9,0.07248
7613.5,0.0721
7619.1,0.07175
7624.7,0.07145
7630.3,0.07111
7635.9,0.07073
7641.5,0.07036
7647.2,0.07003
7652.8,0.06969
7658.4,0.06935
7664.1,0.06904
7669.8,0.06874
7675.5,0.06842
7681.1,0.06809
7686.8,0.0678
7692.5,0.06752
7698.2,0.06722
7704.0,0.0669
7709.7,0.06659
7715.4,0.06631
7721.2,0.06601
7726.9,0.06572
7732.7,0.06548
7738.5,0.06526
7744.2,0.06505
7750.0,0.06483
7755.8,0.06463
7761.6,0.06442
7767.4,0.06422
7773.3,0.06406
7779.1,0.06393
7784.9,0.06381
7790.8,0.06367
7796.6,0.06354
7802.5,0.06341
7808.4,0.06327
7814.3,0.06312
7820.2,0.06292
7826.1,0.06272
7832.0,0.06252
7837.9,0.0623
7843.8,0.06212
7849.8,0.06195
7855.7,0.06176
7861.7,0.06154
7867.6,0.06134
7873.6,0.06115
7879.6,0.06094
7885.6,0.0607
7891.6,0.06047
7897.6,0.06024
7903.6,0.06
7909.6,0.05969
7915.7,0.05936
7921.7,0.05902
7927.8,0.0587
7933.8,0.0584
7939.9,0.05813
7946.0,0.05786
7952.1,0.05757
7958.2,0.05728
7964.3,0.057
7970.4,0.05673
7976.6,0.05643
7982.7,0.05617
7988.9,0.05594
7995.0,0.05573
8001.2,0.05554
8007.4,0.05538
8013.6,0.05527
8019.7,0.05515
8026.0,0.05505
8032.2,0.05496
8038.4,0.05489
8044.6,0.05483
8050.9,0.0548
8057.1,0.05478
8063.4,0.05477
8069.7,0.05476
8076.0,0.05475
8082.3,0.05482
8088.6,0.0549
8094.9,0.05498
8101.2,0.05507
8107.5,0.05524
8113.9,0.05547
8120.2,0.05572
8126.6,0.05597
8133.0,0.05626
8139.4,0.05659
8145.7,0.05697
8152.2,0.05738
8158.6,0.05785
8165.0,0.05839
8171.4,0.05895
8177.9,0.05956
8184.3,0.0602
8190.8,0.06086
8197.3,0.06155
8203.7,0.06225
8210.2,0.06302
8216.7,0.06382
8223.3,0.06463
8229.8,0.06548
8236.3,0.0664
8242.9,0.06735
8249.4,0.06835
8256.0,0.06941
8262.6,0.07055
8269.2,0.07171
8275.8,0.07289
8282.4,0.07411
8289.0,0.07538
8295.6,0.0767
8302.3,0.07809
8308.9,0.07958
8315.6,0.08111
8322.3,0.0827
8328.9,0.08437
8335.6,0.08614
8342.3,0.08797
8349.1,0.08979
8355.8,0.09165
8362.5,0.09359
8369.3,0.09565
8376.0,0.09778
8382.8,0.09999
8389.6,0.10226
8396.4,0.10456
8403.2,0.1069
8410.0,0.10926
8416.8,0.11167
8423.7,0.11407
8430.5,0.11651
8437.4,0.11904
8444.2,0.12163
8451.1,0.12424
8458.0,0.12689
8464.9,0.12954
8471.8,0.13223
8478.8,0.13495
8485.7,0.13774
8492.7,0.14057
8499.6,0.14344
8506.6,0.14633
8513.6,0.14928
8520.6,0.15229
8527.6,0.15536
8534.6,0.15845
8541.6,0.16155
8548.7,0.16463
8555.7,0.16765
8562.8,0.17064
8569.9,0.17365
8577.0,0.17671
8584.1,0.17977
8591.2,0.1828
8598.3,0.18581
8605.4,0.18879
8612.6,0.19166
8619.7,0.19446
8626.9,0.19717
8634.1,0.19978
8641.3,0.20223
8648.5,0.20454
8655.7,0.20666
8662.9,0.20855
8670.2,0.21017
8677.4,0.21163
8684.7,0.21299
8692.0,0.21424
8699.3,0.21536
8706.6,0.21635
8713.9,0.21721
8721.2,0.21791
8728.6,0.2184
8735.9,0.21871
8743.3,0.21883
8750.7,0.21872
8758.1,0.21842
8765.5,0.21798
8772.9,0.21744
8780.3,0.21681
8787.7,0.21609
8795.2,0.21534
8802.7,0.21455
8810.1,0.21372
8817.6,0.21282
8825.1,0.21185
8832.7,0.2108
8840.2,0.20969
8847.7,0.20856
8855.3,0.20748
8862.9,0.20639
8870.4,0.20529
8878.0,0.20431
8885.6,0.2035
8893.3,0.20297
8900.9,0.20264
8908.5,0.2025
8916.2,0.20247
8923.9,0.20249
8931.6,0.20252
8939.3,0.20258
8947.0,0.20272
8954.7,0.20289
8962.4,0.20314
8970.2,0.20345
8978.0,0.2039
8985.7,0.20447
8993.5,0.20514
9001.3,0.20592
9009.2,0.20677
9017.0,0.20763
9024.8,0.20845
9032.7,0.20925
9040.6,0.21011
9048.5,0.21102
9056.4,0.21202
9064.3,0.21309
9072.2,0.21417
9080.2,0.21517
9088.1,0.21611
9096.1,0.217
9104.1,0.2178
9112.1,0.21852
9120.1,0.21918
9128.1,0.21976
9136.2,0.22018
9144.2,0.22039
9152.3,0.22052
9160.4,0.22067
9168.5,0.22095
9176.6,0.22131
9184.7,0.22167
9192.9,0.222
9201.0,0.22215
9209.2,0.22212
9217.4,0.2219
9225.6,0.22158
9233.8,0.22112
9242.0,0.22054
9250.3,0.21988
9258.5,0.21911
9266.8,0.2182
9275.1,0.21722
9283.4,0.21619
9291.7,0.21509
9300.0,0.21386
9308.4,0.21252
9316.7,0.21112
9325.1,0.20971
9333.5,0.2083
9341.9,0.20684
9350.3,0.2054
9358.8,0.20389
9367.2,0.20237
9375.7,0.20091
9384.2,0.19955
9392.7,0.19827
9401.2,0.19697
9409.7,0.19574
9418.3,0.19465
9426.9,0.19367
9435.4,0.19279
9444.0,0.19203
9452.6,0.1914
9461.3,0.19091
9469.9,0.19055
9478.6,0.19036
9487.2,0.1905
9495.9,0.19097
9504.6,0.19183
9513.3,0.19308
9522.1,0.19467
9530.8,0.19641
9539.6,0.19812
9548.4,0.19974
9557.2,0.20118
9566.0,0.20245
9574.8,0.20355
9583.7,0.20453
9592.5,0.20544
9601.4,0.2063
9610.3,0.20705
9619.2,0.2077
9628.2,0.20809
9637.1,0.20808
9646.1,0.20756
9655.1,0.20657
9664.1,0.20525
9673.1,0.20376
9682.1,0.20221
9691.2,0.2007
9700.2,0.19922
9709.3,0.19773
9718.4,0.19637
9727.5,0.19519
9736.7,0.19424
9745.8,0.19355
9755.0,0.1932
9764.2,0.19316
9773.4,0.19336
9782.6,0.19368
9791.8,0.19405
9801.1,0.19427
9810.3,0.19424
9819.6,0.19375
9828.9,0.1928
9838.3,0.19143
9847.6,0.18969
9857.0,0.1876
9866.4,0.18525
9875.7,0.18275
9885.2,0.18021
9894.6,0.17774
9904.0,0.17538
9913.5,0.17317
9923.0,0.17119
9932.5,0.1695
9942.0,0.16809
9951.6,0.16688
9961.1,0.16583
9970.7,0.16499
9980.3,0.16438
9989.9,0.16396
9999.6,0.1636
10009.2,0.16325
10018.9,0.16296
10028.6,0.1627
10038.3,0.16243
10048.0,0.16212
10057.7,0.1618
10067.5,0.16148
10077.3,0.16121
10087.1,0.16097
10096.9,0.16066
10106.8,0.16028
10116.6,0.15977
10126.5,0.15915
10136.4,0.1584
10146.3,0.15752
10156.3,0.1565
10166.2,0.15537
10176.2,0.15419
10186.2,0.15297
10196.2,0.15178
10206.2,0.15061
10216.3,0.14954
10226.4,0.14851
10236.5,0.14753
10246.6,0.14663
10256.7,0.14576
10266.9,0.14492
10277.0,0.1441
10287.2,0.14338
10297.5,0.14269
10307.7,0.14203
10317.9,0.14135
10328.2,0.14075
10338.5,0.14017
10348.8,0.13957
10359.2,0.13894
10369.5,0.13825
10379.9,0.13755
10390.3,0.13681
10400.7,0.13604
10411.2,0.13522
10421.6,0.13436
10432.1,0.13347
10442.6,0.13251
10453.2,0.13158
10463.7,0.13061
10474.3,0.12962
10484.9,0.12859
10495.5,0.12745
10506.1,0.12617
10516.8,0.12477
10527.4,0.12334
10538.1,0.12182
10548.9,0.12022
10559.6,0.11848
10570.4,0.11665
10581.2,0.11474
10592.0,0.11286
10602.8,0.11103
10613.7,0.10928
10624.5,0.10764
10635.4,0.10604
10646.3,0.10451
10657.3,0.10306
10668.2,0.10174
10679.2,0.10051
10690.2,0.09939
10701.3,0.09838
10712.3,0.09747
10723.4,0.09667
10734.5,0.09604
10745.6,0.0956
10756.8,0.09544
10768.0,0.09553
10779.1,0.09586
10790.4,0.09642
10801.6,0.09716
10812.9,0.098
10824.2,0.0989
10835.5,0.09983
10846.8,0.10071
10858.2,0.10143
10869.5,0.10193
10880.9,0.10226
10892.4,0.1024
10903.8,0.10236
10915.3,0.1021
10926.8,0.10163
10938.3,0.10103
10949.9,0.10038
10961.5,0.09974
10973.1,0.09917
10984.7,0.09864
10996.3,0.09813
11008.0,0.09762
11019.7,0.09713
11031.4,0.09669
11043.2,0.09632
11054.9,0.09597
11066.7,0.09565
11078.6,0.09538
11090.4,0.09517
11102.3,0.09499
11114.2,0.09481
11126.1,0.0946
11138.1,0.0944
11150.0,0.0942
11162.0,0.09407
11174.1,0.09399
11186.1,0.09397
11198.2,0.09391
11210.3,0.0938
11222.4,0.0937
11234.6,0.09369
11246.8,0.09379
11259.0,0.09394
11271.2,0.09406
11283.5,0.09413
11295.8,0.09416
11308.1,0.09416
11320.5,0.09417
11332.8,0.09416
11345.2,0.09421
11357.7,0.09423
11370.1,0.09418
11382.6,0.09413
11395.1,0.09415
11407.6,0.09423
11420.2,0.09432
11432.8,0.09437
11445.4,0.0944
11458.1,0.09439
11470.7,0.09437
11483.4,0.09434
11496.2,0.09432
11508.9,0.09431
11521.7,0.09428
11534.5,0.09433
11547.4,0.09438
11560.2,0.09439
11573.1,0.09435
11586.1,0.09431
11599.0,0.09426
11612.0,0.09422
11625.0,0.09422
11638.1,0.09421
11651.2,0.09418
11664.3,0.09413
11677.4,0.09407
11690.6,0.09402
11703.8,0.09401
11717.0,0.09403
11730.2,0.09406
11743.5,0.09407
11756.8,0.09409
11770.2,0.09411
11783.6,0.09412
11797.0,0.09416
11810.4,0.09418
11823.9,0.09418
11837.4,0.09414
11850.9,0.09413
11864.5,0.09411
11878.0,0.09412
11891.7,0.09411
11905.3,0.09408
11919.0,0.094
11932.7,0.09389
11946.5,0.0938
11960.2,0.09365
11974.1,0.09345
11987.9,0.09318
12001.8,0.09292
12015.7,0.09263
12029.6,0.09233
12043.6,0.09201
12057.6,0.0917
12071.6,0.09142
12085.7,0.0911
12099.8,0.09076
12113.9,0.09039
12128.1,0.09003
12142.3,0.08968
12156.5,0.08935
12170.8,0.08908
12185.1,0.08884
12199.5,0.08855
12213.8,0.08817
12228.2,0.08772
12242.7,0.08731
12257.1,0.08695
12271.6,0.0866
12286.2,0.08626
12300.8,0.08586
12315.4,0.08551
12330.0,0.08519
12344.7,0.0849
12359.4,0.08457
12374.1,0.0842
12388.9,0.08383
12403.8,0.08352
12418.6,0.08319
12433.5,0.08285
12448.4,0.08248
12463.4,0.08209
12478.4,0.08167
12493.4,0.08126
12508.5,0.08087
12523.6,0.08047
12538.7,0.08002
12553.9,0.07952
12569.1,0.07901
12584.4,0.07847
12599.7,0.07788
12615.0,0.07724
12630.4,0.07667
12645.8,0.07604
12661.2,0.07535
12676.7,0.07448
12692.2,0.07367
12707.8,0.07301
12723.4,0.07246
12739.0,0.072
12754.7,0.07162
12770.4,0.07114
12786.1,0.07055
12801.9,0.0699
12817.7,0.06936
12833.6,0.06901
12849.5,0.06888
12865.4,0.06896
12881.4,0.06928
12897.4,0.06983
12913.5,0.0705
12929.6,0.07127
12945.7,0.07222
12961.9,0.07334
12978.1,0.07457
12994.4,0.07589
13010.7,0.07733
13027.1,0.07884
13043.4,0.0803
13059.9,0.08157
13076.3,0.08264
13092.8,0.08345
13109.4,0.08402
13126.0,0.08431
13142.6,0.08432
13159.3,0.08394
13176.0,0.08325
13192.8,0.08234
13209.6,0.08127
13226.4,0.08018
13243.3,0.07906
13260.3,0.078
13277.3,0.077
13294.3,0.07616
13311.3,0.07548
13328.5,0.07491
13345.6,0.07434
13362.8,0.0738
13380.0,0.07323
13397.3,0.07274
13414.7,0.07224
13432.0,0.07171
13449.5,0.07117
13466.9,0.07059
13484.4,0.07001
13502.0,0.06942
13519.6,0.06887
13537.3,0.06839
13554.9,0.06801
13572.7,0.06771
13590.5,0.06742
13608.3,0.06716
13626.2,0.06689
13644.1,0.06651
13662.1,0.06605
13680.1,0.06557
13698.2,0.06507
13716.3,0.06459
13734.5,0.06406
13752.7,0.06356
13771.0,0.06308
13789.3,0.06262
13807.6,0.06216
13826.0,0.06165
13844.5,0.06117
13863.0,0.06076
13881.6,0.06043
13900.2,0.06007
13918.8,0.05969
13937.5,0.05927
13956.3,0.0589
13975.1,0.05855
13994.0,0.0581
14012.9,0.05756
14031.8,0.05698
14050.9,0.05643
14069.9,0.05596
14089.0,0.05556
14108.2,0.05523
14127.4,0.05498
14146.7,0.05493
14166.0,0.055
14185.4,0.05515
14204.8,0.05534
14224.3,0.05553
14243.9,0.0559
14263.5,0.05654
14283.1,0.05754
14302.8,0.05885
14322.6,0.06045
14342.4,0.06237
14362.2,0.06451
14382.2,0.06692
14402.1,0.06958
14422.2,0.0726
14442.3,0.07584
14462.4,0.07927
14482.6,0.08298
14502.8,0.08682
14523.2,0.09068
14543.5,0.09434
14564.0,0.09789
14584.4,0.10115
14605.0,0.10406
14625.6,0.10667
14646.2,0.10896
14667.0,0.11083
14687.7,0.11222
14708.6,0.11334
14729.5,0.11412
14750.4,0.11444
14771.4,0.11442
14792.5,0.11405
14813.6,0.1132
14834.8,0.11168
14856.1,0.10964
14877.4,0.1073
14898.8,0.10458
14920.2,0.10179
14941.7,0.0993
14963.3,0.09696
14984.9,0.09364
15006.6,0.08865
15028.3,0.08365
15050.1,0.07993
15072.0,0.07725
15093.9,0.07509
15115.9,0.07333
15138.0,0.07189
15160.1,0.07067
15182.3,0.06955
15204.6,0.06859
15226.9,0.06776
15249.3,0.06704
15271.8,0.06644
15294.3,0.06592
15316.9,0.06541
15339.5,0.06497
15362.3,0.0647
15385.1,0.06451
15407.9,0.06426
15430.9,0.06389
15453.9,0.06351
15476.9,0.0632
15500.1,0.06301
15523.3,0.06292
15546.5,0.06295
15569.9,0.06297
15593.3,0.06288
15616.8,0.0627
15640.3,0.06245
15664.0,0.06222
15687.6,0.06199
15711.4,0.06189
15735.3,0.06178
15759.2,0.06169
15783.2,0.06153
15807.2,0.06129
15831.4,0.06098
15855.6,0.06067
15879.8,0.06041
15904.2,0.06017
15928.6,0.05994
15953.1,0.05965
15977.7,0.05937
16002.4,0.05913
16027.1,0.05883
16051.9,0.05847
16076.8,0.05806
16101.8,0.05775
16126.8,0.05753
16151.9,0.05734
16177.1,0.05711
16202.4,0.05688
16227.8,0.05667
16253.2,0.05637
16278.7,0.05605
16304.3,0.05583
16330.0,0.05573
16355.7,0.05568
16381.6,0.05567
16407.5,0.05564
16433.5,0.05557
16459.6,0.05556
16485.7,0.05572
16512.0,0.05605
16538.3,0.05643
16564.8,0.05683
16591.3,0.0573
16617.8,0.05792
16644.5,0.05867
16671.3,0.05953
16698.1,0.06051
16725.1,0.06181
16752.1,0.06331
16779.2,0.06498
16806.4,0.06685
16833.7,0.06904
16861.0,0.07151
16888.5,0.07421
16916.0,0.07722
16943.7,0.08052
16971.4,0.08419
16999.2,0.08824
17027.2,0.09282
17055.2,0.09774
17083.3,0.10293
17111.4,0.10827
17139.7,0.1136
17168.1,0.11889
17196.6,0.12419
17225.1,0.12966
17253.8,0.13531
17282.6,0.1411
17311.4,0.14693
17340.4,0.15282
17369.4,0.15873
17398.6,0.16457
17427.8,0.17037
17457.1,0.17603
17486.6,0.18166
17516.1,0.18718
17545.7,0.19261
17575.5,0.19773
17605.3,0.20238
17635.3,0.20649
17665.3,0.21017
17695.5,0.21342
17725.7,0.21618
17756.1,0.2186
17786.5,0.22065
17817.1,0.22223
17847.7,0.22299
17878.5,0.22304
17909.4,0.22273
17940.4,0.22232
17971.5,0.22196
18002.7,0.22166
18034.0,0.22154
18065.4,0.22151
18096.9,0.22147
18128.6,0.22152
18160.3,0.22184
18192.2,0.22242
18224.1,0.22322
18256.2,0.22405
18288.4,0.22494
18320.7,0.2258
18353.2,0.22655
18385.7,0.22722
18418.4,0.22787
18451.1,0.22846
18484.0,0.22911
18517.0,0.22994
18550.2,0.23096
18583.4,0.23229
18616.8,0.23378
18650.2,0.23532
18683.8,0.23689
18717.6,0.23839
18751.4,0.24
18785.4,0.24177
18819.5,0.24356
18853.7,0.24526
18888.0,0.24683
18922.5,0.24832
18957.1,0.2495
18991.8,0.25008
19026.7,0.25012
19061.6,0.24988
19096.8,0.24939
19132.0,0.24864
19167.3,0.24806
19202.8,0.24782
19238.5,0.24776
19274.2,0.24754
19310.1,0.24704
19346.1,0.24638
19382.3,0.2455
19418.6,0.24434
19455.0,0.243
19491.6,0.24176
19528.3,0.24062
19565.2,0.23961
19602.1,0.23867
19639.3,0.23754
19676.5,0.23597
19713.9,0.23391
19751.5,0.23148
19789.2,0.22891
19827.0,0.22661
19865.0,0.22501
19903.1,0.22442
19941.4,0.22453
19979.8,0.22514
20018.4,0.22641
20057.1,0.22833
20096.0,0.23081
20135.0,0.23323
20174.2,0.2351
20213.5,0.23652
20253.0,0.23748
20292.6,0.23803
20332.4,0.2384
20372.4,0.2384
20412.5,0.23827
20452.7,0.23778
20493.2,0.23726
20533.7,0.23655
20574.5,0.23585
20615.4,0.23529
20656.4,0.23517
20697.7,0.23552
20739.1,0.23577
20780.6,0.23559
20822.4,0.23507
20864.3,0.23435
20906.3,0.2335
20948.6,0.23256
20991.0,0.2316
21033.5,0.2308
21076.3,0.22966
21119.2,0.22861
21162.3,0.22776
21205.6,0.22722
21249.0,0.22644
21292.7,0.22551
21336.5,0.22434
21380.5,0.22307
21424.7,0.22122
21469.0,0.21874
21513.6,0.21594
21558.3,0.2126
21603.2,0.20899
21648.3,0.20541
21693.6,0.20237
21739.1,0.20016
21784.7,0.19872
21830.6,0.19802
21876.7,0.19778
21922.9,0.19768
21969.4,0.19718
22016.0,0.19635
22062.8,0.19549
22109.9,0.19468
22157.1,0.19326
22204.6,0.1916
22252.2,0.19
22300.1,0.18828
22348.1,0.18615
22396.4,0.18322
22444.9,0.18
22493.6,0.17692
22542.5,0.17421
22591.6,0.17174
22640.9,0.1696
22690.5,0.16711
22740.2,0.16395
22790.2,0.16014
22840.4,0.15613
22890.8,0.15226
22941.5,0.14877
22992.3,0.1454
23043.4,0.14219
23094.7,0.13877
23146.3,0.13512
23198.1,0.13114
23250.1,0.12736
23302.3,0.12429
23354.8,0.1226
23407.5,0.122
23460.5,0.12249
23513.7,0.12376
23567.1,0.12534
23620.8,0.12675
23674.7,0.12796
23728.9,0.12889
23783.3,0.12895
23838.0,0.12849
23892.9,0.12707
23948.1,0.12541
24003.6,0.12474
24059.2,0.12434
24115.2,0.12345
24171.4,0.12202
24227.9,0.12037
24284.6,0.11846
24341.6,0.11505
24398.9,0.11026
24456.5,0.1054
24514.3,0.10254
24572.4,0.10224
24630.7,0.10297
24689.4,0.10344
24748.3,0.10259
24807.5,0.10141
24867.0,0.10129
24926.8,0.1018
24986.8,0.10295
25047.2,0.10446
25107.8,0.10561
25168.8,0.10728
25230.0,0.10985
25291.6,0.11308
25353.4,0.11678
25415.5,0.1197
25478.0,0.12126
25540.7,0.12197
25603.8,0.12154
25667.2,0.1207
25730.9,0.11918
25794.9,0.11773
25859.2,0.11612
25923.8,0.11556
25988.8,0.1139
