Composition,
Date Added,1992-07-02
Formula,
Grain Size Description,<250.0um
Grain Size,"(0.0, 250.0)"
Locality,"Healdsburg, California"
Minimum Wavelength,900
Sample Name,Glaucophane 
Maximum Wavelength,25920
Database of Origin,RELAB
Other Information,"UC Berkeley 330-M-19B. Glaucophane. Standard and heated., Glaucophane "
References,"Bancroft and Burns, Min. Soc. Amer., Spec. Pap. #2, 138 (1969)"
Resolution,9.0
Material class,Mineral
Sample Description,"UCBerkeley 330-M-19B. -067-B is heated 14 days at 475c  See Bancroft and Burns, Min. Soc. Amer., Spec. Pap. #2, 138 (1969). "
Sample ID,NBSB67
Original Sample ID,SB-RGB-067-B
Viewing Geometry,unknown
Wavelength,Response
900.0,0.0305
900.3,0.03064
900.6,0.03094
901.0,0.03129
901.3,0.03041
901.6,0.0304
901.9,0.03103
902.2,0.0311
902.5,0.03118
902.8,0.03106
903.2,0.03016
903.5,0.03032
903.8,0.03064
904.1,0.03024
904.4,0.03002
904.7,0.03115
905.1,0.03109
905.4,0.03108
905.7,0.03118
906.0,0.03152
906.3,0.03151
906.6,0.03091
907.0,0.03045
907.3,0.03085
907.6,0.03181
907.9,0.03214
908.2,0.03222
908.5,0.03198
908.9,0.03187
909.2,0.03113
909.5,0.03041
909.8,0.03128
910.1,0.03218
910.5,0.03258
910.8,0.03233
911.1,0.03175
911.4,0.0314
911.7,0.03122
912.1,0.03141
912.4,0.03197
912.7,0.03188
913.0,0.03222
913.3,0.03264
913.7,0.03238
914.0,0.03254
914.3,0.03225
914.6,0.0318
915.0,0.03197
915.3,0.0318
915.6,0.03163
915.9,0.03249
916.2,0.03299
916.6,0.03244
916.9,0.03217
917.2,0.03216
917.5,0.03241
917.9,0.03195
918.2,0.03196
918.5,0.03215
918.8,0.03204
919.2,0.03266
919.5,0.03299
919.8,0.03324
920.2,0.03341
920.5,0.03306
920.8,0.03284
921.1,0.03281
921.5,0.03243
921.8,0.03249
922.1,0.03287
922.4,0.0323
922.8,0.03198
923.1,0.03267
923.4,0.03311
923.8,0.03302
924.1,0.03273
924.4,0.03234
924.7,0.03178
925.1,0.03178
925.4,0.03317
925.7,0.03384
926.1,0.03391
926.4,0.03334
926.7,0.0325
927.1,0.03311
927.4,0.03351
927.7,0.03335
928.1,0.03383
928.4,0.03387
928.7,0.03347
929.1,0.03343
929.4,0.03335
929.7,0.03331
930.1,0.03309
930.4,0.03294
930.7,0.03289
931.1,0.03283
931.4,0.03317
931.7,0.03319
932.1,0.0329
932.4,0.03321
932.7,0.03354
933.1,0.03356
933.4,0.03339
933.7,0.033
934.1,0.03305
934.4,0.03382
934.8,0.03391
935.1,0.03366
935.4,0.03426
935.8,0.03493
936.1,0.03434
936.4,0.03367
936.8,0.03443
937.1,0.03461
937.5,0.03389
937.8,0.03366
938.1,0.03381
938.5,0.03371
938.8,0.03345
939.2,0.03359
939.5,0.03417
939.8,0.03377
940.2,0.03363
940.5,0.03466
940.9,0.03476
941.2,0.03486
941.5,0.03415
941.9,0.03387
942.2,0.0349
942.6,0.03504
942.9,0.03483
943.3,0.035
943.6,0.03491
943.9,0.03522
944.3,0.0356
944.6,0.03482
945.0,0.03431
945.3,0.03486
945.7,0.0354
946.0,0.03541
946.4,0.03472
946.7,0.03421
947.0,0.03399
947.4,0.03493
947.7,0.03494
948.1,0.0354
948.4,0.03577
948.8,0.03562
949.1,0.03589
949.5,0.03636
949.8,0.03571
950.2,0.03484
950.5,0.03512
950.9,0.03597
951.2,0.03579
951.6,0.03535
951.9,0.03574
952.3,0.03611
952.6,0.03642
953.0,0.03626
953.3,0.03651
953.7,0.03635
954.0,0.03621
954.4,0.03662
954.7,0.03676
955.1,0.03682
955.4,0.03622
955.8,0.0359
956.1,0.03596
956.5,0.03643
956.8,0.03668
957.2,0.03602
957.5,0.03575
957.9,0.03663
958.3,0.0366
958.6,0.03568
959.0,0.03564
959.3,0.03544
959.7,0.03538
960.0,0.03583
960.4,0.03555
960.7,0.0351
961.1,0.03525
961.4,0.03626
961.8,0.03652
962.2,0.03614
962.5,0.03658
962.9,0.0364
963.2,0.0358
963.6,0.03563
964.0,0.03576
964.3,0.03626
964.7,0.03608
965.0,0.03633
965.4,0.0365
965.7,0.03557
966.1,0.03541
966.5,0.0357
966.8,0.03572
967.2,0.03606
967.6,0.03735
967.9,0.03746
968.3,0.03667
968.6,0.03651
969.0,0.03728
969.4,0.03732
969.7,0.03706
970.1,0.03728
970.4,0.03752
970.8,0.03765
971.2,0.03709
971.5,0.037
971.9,0.0372
972.3,0.03716
972.6,0.03718
973.0,0.03729
973.4,0.03695
973.7,0.03715
974.1,0.03747
974.5,0.03747
974.8,0.03732
975.2,0.037
975.6,0.03675
975.9,0.03646
976.3,0.03671
976.7,0.03718
977.0,0.03693
977.4,0.03734
977.8,0.03821
978.1,0.03799
978.5,0.03823
978.9,0.03846
979.2,0.03852
979.6,0.03797
980.0,0.03737
980.4,0.03754
980.7,0.03759
981.1,0.03681
981.5,0.03667
981.8,0.03747
982.2,0.03753
982.6,0.03769
983.0,0.03837
983.3,0.03851
983.7,0.03798
984.1,0.03818
984.5,0.03823
984.8,0.03817
985.2,0.03839
985.6,0.03835
986.0,0.03789
986.3,0.03759
986.7,0.03762
987.1,0.03773
987.5,0.03812
987.8,0.03828
988.2,0.03828
988.6,0.03816
989.0,0.03808
989.3,0.03825
989.7,0.03844
990.1,0.03856
990.5,0.03885
990.9,0.03923
991.2,0.03894
991.6,0.03854
992.0,0.03864
992.4,0.03868
992.7,0.03858
993.1,0.03861
993.5,0.03862
993.9,0.03848
994.3,0.03896
994.7,0.03928
995.0,0.03932
995.4,0.03942
995.8,0.03912
996.2,0.03875
996.6,0.03887
996.9,0.03936
997.3,0.03941
997.7,0.03926
998.1,0.03967
998.5,0.04012
998.9,0.04017
999.3,0.04004
999.6,0.04012
1000.0,0.04002
1000.4,0.03965
1000.8,0.03939
1001.2,0.03942
1001.6,0.0396
1002.0,0.03964
1002.3,0.03976
1002.7,0.03992
1003.1,0.03972
1003.5,0.03912
1003.9,0.03933
1004.3,0.03967
1004.7,0.03967
1005.1,0.03959
1005.5,0.03935
1005.8,0.03934
1006.2,0.03977
1006.6,0.03992
1007.0,0.03991
1007.4,0.03991
1007.8,0.04025
1008.2,0.04007
1008.6,0.03975
1009.0,0.04027
1009.4,0.04047
1009.8,0.04012
1010.2,0.04041
1010.6,0.04058
1010.9,0.04049
1011.3,0.04044
1011.7,0.04045
1012.1,0.04059
1012.5,0.04031
1012.9,0.04038
1013.3,0.04037
1013.7,0.04058
1014.1,0.04063
1014.5,0.04052
1014.9,0.04045
1015.3,0.04012
1015.7,0.0401
1016.1,0.04021
1016.5,0.04028
1016.9,0.04045
1017.3,0.0405
1017.7,0.04091
1018.1,0.04122
1018.5,0.04107
1018.9,0.04091
1019.3,0.04078
1019.7,0.04117
1020.1,0.04119
1020.5,0.04124
1020.9,0.04145
1021.3,0.04136
1021.7,0.04144
1022.1,0.04126
1022.5,0.04117
1022.9,0.04126
1023.3,0.04137
1023.7,0.04143
1024.1,0.04172
1024.5,0.04219
1024.9,0.04218
1025.3,0.0414
1025.7,0.0413
1026.2,0.04213
1026.6,0.04262
1027.0,0.04216
1027.4,0.04143
1027.8,0.04138
1028.2,0.04152
1028.6,0.04182
1029.0,0.04208
1029.4,0.04216
1029.8,0.04231
1030.2,0.04263
1030.6,0.04232
1031.1,0.04204
1031.5,0.04216
1031.9,0.04238
1032.3,0.042
1032.7,0.04194
1033.1,0.04229
1033.5,0.04277
1033.9,0.043
1034.3,0.04302
1034.8,0.04284
1035.2,0.04304
1035.6,0.04321
1036.0,0.0431
1036.4,0.0429
1036.8,0.04274
1037.2,0.04297
1037.7,0.0429
1038.1,0.04286
1038.5,0.04312
1038.9,0.0432
1039.3,0.04305
1039.7,0.04329
1040.2,0.04346
1040.6,0.04336
1041.0,0.04366
1041.4,0.04385
1041.8,0.04358
1042.2,0.04381
1042.7,0.0441
1043.1,0.04371
1043.5,0.04351
1043.9,0.04376
1044.3,0.04404
1044.8,0.04431
1045.2,0.04411
1045.6,0.04355
1046.0,0.04366
1046.5,0.0442
1046.9,0.04424
1047.3,0.04408
1047.7,0.04458
1048.1,0.04453
1048.6,0.04443
1049.0,0.04474
1049.4,0.0447
1049.8,0.04472
1050.3,0.04473
1050.7,0.0446
1051.1,0.04468
1051.5,0.04514
1052.0,0.04572
1052.4,0.0456
1052.8,0.04518
1053.3,0.04496
1053.7,0.04513
1054.1,0.04535
1054.5,0.04546
1055.0,0.04567
1055.4,0.04536
1055.8,0.04501
1056.3,0.04529
1056.7,0.04544
1057.1,0.04532
1057.6,0.04533
1058.0,0.04543
1058.4,0.04554
1058.9,0.04562
1059.3,0.04589
1059.7,0.04617
1060.2,0.04609
1060.6,0.04632
1061.0,0.0465
1061.5,0.04658
1061.9,0.04656
1062.3,0.04685
1062.8,0.04673
1063.2,0.04652
1063.6,0.04669
1064.1,0.04671
1064.5,0.04651
1064.9,0.04646
1065.4,0.04666
1065.8,0.04683
1066.3,0.04676
1066.7,0.04692
1067.1,0.04686
1067.6,0.04698
1068.0,0.04725
1068.5,0.04726
1068.9,0.04724
1069.3,0.04725
1069.8,0.04763
1070.2,0.04816
1070.7,0.04804
1071.1,0.04749
1071.5,0.04749
1072.0,0.04784
1072.4,0.04786
1072.9,0.04796
1073.3,0.04828
1073.8,0.04776
1074.2,0.04759
1074.7,0.04807
1075.1,0.04828
1075.5,0.04865
1076.0,0.04887
1076.4,0.04885
1076.9,0.04875
1077.3,0.0486
1077.8,0.04919
1078.2,0.04929
1078.7,0.04891
1079.1,0.04894
1079.6,0.04911
1080.0,0.04924
1080.5,0.04939
1080.9,0.04984
1081.4,0.04961
1081.8,0.04919
1082.3,0.0492
1082.7,0.04962
1083.2,0.04963
1083.6,0.04935
1084.1,0.04928
1084.5,0.04977
1085.0,0.04989
1085.5,0.05005
1085.9,0.05041
1086.4,0.05067
1086.8,0.05092
1087.3,0.05056
1087.7,0.05039
1088.2,0.05068
1088.6,0.05086
1089.1,0.05086
1089.6,0.05092
1090.0,0.05095
1090.5,0.05102
1090.9,0.05086
1091.4,0.0512
1091.9,0.05182
1092.3,0.05196
1092.8,0.05185
1093.2,0.05189
1093.7,0.05177
1094.2,0.05172
1094.6,0.05218
1095.1,0.05253
1095.5,0.05229
1096.0,0.0522
1096.5,0.05241
1096.9,0.05244
1097.4,0.05226
1097.9,0.05211
1098.3,0.05221
1098.8,0.05233
1099.3,0.05257
1099.7,0.05316
1100.2,0.05323
1100.7,0.05316
1101.1,0.05329
1101.6,0.05329
1102.1,0.05317
1102.5,0.05295
1103.0,0.05321
1103.5,0.05369
1103.9,0.0541
1104.4,0.05415
1104.9,0.05408
1105.4,0.05413
1105.8,0.05432
1106.3,0.05469
1106.8,0.05446
1107.2,0.05395
1107.7,0.05438
1108.2,0.05445
1108.7,0.0543
1109.1,0.05466
1109.6,0.05482
1110.1,0.05485
1110.6,0.05512
1111.0,0.05589
1111.5,0.05658
1112.0,0.05585
1112.5,0.05533
1113.0,0.05579
1113.4,0.05588
1113.9,0.05566
1114.4,0.05575
1114.9,0.05588
1115.3,0.05615
1115.8,0.05677
1116.3,0.0565
1116.8,0.05618
1117.3,0.05677
1117.8,0.05691
1118.2,0.0568
1118.7,0.05667
1119.2,0.05645
1119.7,0.05675
1120.2,0.05728
1120.7,0.05733
1121.1,0.05729
1121.6,0.05756
1122.1,0.05775
1122.6,0.05779
1123.1,0.05762
1123.6,0.05779
1124.1,0.05792
1124.5,0.05809
1125.0,0.05856
1125.5,0.05838
1126.0,0.05816
1126.5,0.05826
1127.0,0.05841
1127.5,0.05847
1128.0,0.05845
1128.5,0.05873
1128.9,0.05888
1129.4,0.05906
1129.9,0.0593
1130.4,0.05927
1130.9,0.05921
1131.4,0.05908
1131.9,0.05934
1132.4,0.05983
1132.9,0.05988
1133.4,0.05981
1133.9,0.0601
1134.4,0.06036
1134.9,0.06043
1135.4,0.06044
1135.9,0.06041
1136.4,0.06049
1136.9,0.06077
1137.4,0.06078
1137.9,0.06077
1138.4,0.06105
1138.9,0.06133
1139.4,0.06157
1139.9,0.06158
1140.4,0.06169
1140.9,0.06181
1141.4,0.06186
1141.9,0.06177
1142.4,0.06185
1142.9,0.06201
1143.4,0.06199
1143.9,0.06182
1144.4,0.06201
1144.9,0.06235
1145.4,0.06253
1145.9,0.06256
1146.4,0.06271
1146.9,0.06274
1147.4,0.06263
1147.9,0.06291
1148.5,0.06335
1149.0,0.0634
1149.5,0.06326
1150.0,0.06318
1150.5,0.06315
1151.0,0.06354
1151.5,0.06398
1152.0,0.06415
1152.5,0.0642
1153.1,0.06408
1153.6,0.06421
1154.1,0.06469
1154.6,0.06487
1155.1,0.06466
1155.6,0.06472
1156.1,0.06495
1156.7,0.06492
1157.2,0.06497
1157.7,0.06513
1158.2,0.06528
1158.7,0.06524
1159.2,0.06523
1159.8,0.06563
1160.3,0.06613
1160.8,0.06626
1161.3,0.06608
1161.8,0.06587
1162.4,0.06623
1162.9,0.0665
1163.4,0.06635
1163.9,0.06645
1164.5,0.06653
1165.0,0.06673
1165.5,0.06702
1166.0,0.0672
1166.5,0.06718
1167.1,0.06733
1167.6,0.06768
1168.1,0.06792
1168.7,0.06805
1169.2,0.06817
1169.7,0.06806
1170.2,0.06811
1170.8,0.06822
1171.3,0.06827
1171.8,0.0683
1172.4,0.06858
1172.9,0.06879
1173.4,0.06876
1173.9,0.06918
1174.5,0.06947
1175.0,0.06945
1175.5,0.06975
1176.1,0.06989
1176.6,0.06995
1177.1,0.07006
1177.7,0.07019
1178.2,0.07034
1178.7,0.07018
1179.3,0.07024
1179.8,0.0705
1180.4,0.07073
1180.9,0.07071
1181.4,0.07084
1182.0,0.07114
1182.5,0.07131
1183.1,0.07136
1183.6,0.07131
1184.1,0.07164
1184.7,0.07196
1185.2,0.07193
1185.8,0.07174
1186.3,0.07185
1186.8,0.07213
1187.4,0.07233
1187.9,0.0727
1188.5,0.07288
1189.0,0.07283
1189.6,0.07267
1190.1,0.07279
1190.7,0.07327
1191.2,0.07336
1191.8,0.07317
1192.3,0.07335
1192.9,0.07352
1193.4,0.07357
1194.0,0.07372
1194.5,0.07377
1195.1,0.07397
1195.6,0.0742
1196.2,0.07434
1196.7,0.07456
1197.3,0.07463
1197.8,0.07441
1198.4,0.07462
1198.9,0.07509
1199.5,0.07509
1200.0,0.07504
1200.6,0.07503
1201.1,0.07514
1201.7,0.07534
1202.3,0.07549
1202.8,0.07569
1203.4,0.07583
1203.9,0.07612
1204.5,0.07639
1205.1,0.07649
1205.6,0.07658
1206.2,0.07672
1206.7,0.07673
1207.3,0.07675
1207.9,0.07693
1208.4,0.07724
1209.0,0.07751
1209.6,0.07732
1210.1,0.0774
1210.7,0.07795
1211.2,0.07795
1211.8,0.07804
1212.4,0.07817
1212.9,0.0782
1213.5,0.07844
1214.1,0.0787
1214.7,0.07885
1215.2,0.0789
1215.8,0.07904
1216.4,0.07913
1216.9,0.0793
1217.5,0.0796
1218.1,0.07964
1218.6,0.07954
1219.2,0.07965
1219.8,0.08001
1220.4,0.08009
1220.9,0.08009
1221.5,0.08018
1222.1,0.08036
1222.7,0.08061
1223.3,0.0808
1223.8,0.08087
1224.4,0.08082
1225.0,0.08103
1225.6,0.08122
1226.1,0.08119
1226.7,0.08122
1227.3,0.08163
1227.9,0.08191
1228.5,0.08167
1229.1,0.0819
1229.6,0.08239
1230.2,0.08248
1230.8,0.08241
1231.4,0.08259
1232.0,0.08271
1232.6,0.08259
1233.1,0.08267
1233.7,0.08294
1234.3,0.08323
1234.9,0.08347
1235.5,0.08361
1236.1,0.08359
1236.7,0.0838
1237.3,0.08378
1237.9,0.0837
1238.4,0.08389
1239.0,0.08402
1239.6,0.08407
1240.2,0.08417
1240.8,0.08414
1241.4,0.08444
1242.0,0.08469
1242.6,0.08462
1243.2,0.08471
1243.8,0.08503
1244.4,0.08512
1245.0,0.08535
1245.6,0.08549
1246.2,0.08537
1246.8,0.08547
1247.4,0.08557
1248.0,0.08566
1248.6,0.08583
1249.2,0.08601
1249.8,0.08617
1250.4,0.08666
1251.0,0.08686
1251.6,0.08676
1252.2,0.08674
1252.8,0.08683
1253.4,0.08683
1254.0,0.08679
1254.6,0.08689
1255.2,0.08734
1255.8,0.08768
1256.5,0.08759
1257.1,0.08758
1257.7,0.08795
1258.3,0.08838
1258.9,0.08842
1259.5,0.08854
1260.1,0.08858
1260.7,0.08852
1261.3,0.08859
1262.0,0.08876
1262.6,0.08878
1263.2,0.08873
1263.8,0.08892
1264.4,0.08896
1265.0,0.08908
1265.7,0.0892
1266.3,0.08931
1266.9,0.08964
1267.5,0.08994
1268.1,0.0899
1268.8,0.08979
1269.4,0.08996
1270.0,0.09016
1270.6,0.09021
1271.2,0.09024
1271.9,0.09027
1272.5,0.0906
1273.1,0.09101
1273.7,0.091
1274.4,0.091
1275.0,0.09124
1275.6,0.09134
1276.3,0.09148
1276.9,0.09155
1277.5,0.09151
1278.1,0.09135
1278.8,0.09147
1279.4,0.09173
1280.0,0.09195
1280.7,0.09196
1281.3,0.09218
1281.9,0.09245
1282.6,0.0927
1283.2,0.09283
1283.8,0.0931
1284.5,0.09291
1285.1,0.09264
1285.7,0.09289
1286.4,0.0932
1287.0,0.09329
1287.7,0.09331
1288.3,0.09333
1288.9,0.09348
1289.6,0.09377
1290.2,0.09383
1290.9,0.09379
1291.5,0.09381
1292.2,0.09397
1292.8,0.0941
1293.4,0.09415
1294.1,0.09425
1294.7,0.09464
1295.4,0.09494
1296.0,0.09503
1296.7,0.09511
1297.3,0.09515
1298.0,0.09513
1298.6,0.0951
1299.3,0.09523
1299.9,0.09536
1300.6,0.0956
1301.2,0.09583
1301.9,0.096
1302.5,0.09599
1303.2,0.09625
1303.9,0.09623
1304.5,0.09591
1305.2,0.09618
1305.8,0.09666
1306.5,0.09675
1307.1,0.09671
1307.8,0.09699
1308.5,0.09706
1309.1,0.09698
1309.8,0.09721
1310.4,0.09744
1311.1,0.09739
1311.8,0.09737
1312.4,0.09751
1313.1,0.09746
1313.8,0.09772
1314.4,0.09768
1315.1,0.09769
1315.8,0.098
1316.4,0.09831
1317.1,0.09828
1317.8,0.09835
1318.4,0.09856
1319.1,0.09867
1319.8,0.09877
1320.5,0.09914
1321.1,0.09919
1321.8,0.09917
1322.5,0.09911
1323.2,0.09891
1323.8,0.09898
1324.5,0.09946
1325.2,0.09965
1325.9,0.09968
1326.5,0.09969
1327.2,0.09991
1327.9,0.09992
1328.6,0.10017
1329.3,0.10054
1329.9,0.10051
1330.6,0.10052
1331.3,0.10082
1332.0,0.10102
1332.7,0.10102
1333.4,0.10112
1334.1,0.10125
1334.7,0.10126
1335.4,0.10121
1336.1,0.10124
1336.8,0.10138
1337.5,0.1016
1338.2,0.10176
1338.9,0.10158
1339.6,0.10162
1340.3,0.10184
1341.0,0.10195
1341.6,0.10204
1342.3,0.1022
1343.0,0.10226
1343.7,0.10242
1344.4,0.10254
1345.1,0.10265
1345.8,0.1028
1346.5,0.1028
1347.2,0.10281
1347.9,0.10289
1348.6,0.10294
1349.3,0.10291
1350.0,0.10308
1350.7,0.10332
1351.4,0.10334
1352.1,0.10346
1352.9,0.1036
1353.6,0.10371
1354.3,0.10383
1355.0,0.10393
1355.7,0.10421
1356.4,0.10446
1357.1,0.10436
1357.8,0.10423
1358.5,0.10425
1359.2,0.10437
1360.0,0.10448
1360.7,0.10465
1361.4,0.10498
1362.1,0.10518
1362.8,0.10515
1363.5,0.10513
1364.2,0.10544
1365.0,0.10547
1365.7,0.10537
1366.4,0.10526
1367.1,0.10523
1367.8,0.10575
1368.6,0.106
1369.3,0.10587
1370.0,0.10573
1370.7,0.10578
1371.5,0.10588
1372.2,0.10604
1372.9,0.10607
1373.6,0.10605
1374.4,0.10609
1375.1,0.10624
1375.8,0.10645
1376.6,0.10666
1377.3,0.10667
1378.0,0.10663
1378.8,0.10677
1379.5,0.1068
1380.2,0.10689
1381.0,0.10725
1381.7,0.10705
1382.4,0.10714
1383.2,0.10732
1383.9,0.10699
1384.7,0.10692
1385.4,0.10707
1386.1,0.10726
1386.9,0.10723
1387.6,0.10716
1388.4,0.10744
1389.1,0.10758
1389.8,0.1076
1390.6,0.10762
1391.3,0.10762
1392.1,0.10796
1392.8,0.10816
1393.6,0.10774
1394.3,0.10757
1395.1,0.10754
1395.8,0.10709
1396.6,0.10682
1397.3,0.10648
1398.1,0.10624
1398.8,0.1067
1399.6,0.10685
1400.4,0.10564
1401.1,0.10304
1401.9,0.0999
1402.6,0.09784
1403.4,0.09771
1404.2,0.09887
1404.9,0.10034
1405.7,0.10159
1406.4,0.10088
1407.2,0.09724
1408.0,0.09177
1408.7,0.0868
1409.5,0.0848
1410.3,0.08726
1411.0,0.09374
1411.8,0.10029
1412.6,0.10349
1413.3,0.10372
1414.1,0.10124
1414.9,0.09533
1415.7,0.08881
1416.4,0.08752
1417.2,0.09349
1418.0,0.10097
1418.8,0.10545
1419.5,0.10763
1420.3,0.10872
1421.1,0.10967
1421.9,0.11055
1422.6,0.11104
1423.4,0.11143
1424.2,0.11177
1425.0,0.11197
1425.8,0.11211
1426.6,0.11226
1427.3,0.11221
1428.1,0.11267
1428.9,0.11316
1429.7,0.11302
1430.5,0.11286
1431.3,0.11311
1432.1,0.1133
1432.9,0.11326
1433.7,0.11336
1434.5,0.11362
1435.3,0.11364
1436.0,0.11346
1436.8,0.11362
1437.6,0.11382
1438.4,0.11392
1439.2,0.11401
1440.0,0.11407
1440.8,0.11425
1441.6,0.11445
1442.4,0.1145
1443.2,0.11439
1444.0,0.11435
1444.9,0.11447
1445.7,0.11448
1446.5,0.11463
1447.3,0.11478
1448.1,0.11495
1448.9,0.1151
1449.7,0.11518
1450.5,0.11529
1451.3,0.1153
1452.1,0.11533
1453.0,0.11535
1453.8,0.1154
1454.6,0.1157
1455.4,0.11575
1456.2,0.11581
1457.0,0.11587
1457.9,0.11597
1458.7,0.11606
1459.5,0.11624
1460.3,0.11617
1461.1,0.11609
1462.0,0.11649
1462.8,0.11665
1463.6,0.11663
1464.4,0.11688
1465.3,0.11685
1466.1,0.11685
1466.9,0.11694
1467.8,0.11688
1468.6,0.11695
1469.4,0.11723
1470.3,0.11718
1471.1,0.11717
1471.9,0.11736
1472.8,0.11743
1473.6,0.1174
1474.4,0.11739
1475.3,0.11772
1476.1,0.11792
1477.0,0.11797
1477.8,0.11795
1478.6,0.11799
1479.5,0.11807
1480.3,0.11811
1481.2,0.11832
1482.0,0.11845
1482.9,0.11851
1483.7,0.11837
1484.6,0.11832
1485.4,0.1186
1486.3,0.11882
1487.1,0.11893
1488.0,0.11901
1488.8,0.11903
1489.7,0.11895
1490.6,0.1191
1491.4,0.11929
1492.3,0.11927
1493.1,0.11936
1494.0,0.11946
1494.8,0.11948
1495.7,0.11951
1496.6,0.11958
1497.4,0.11977
1498.3,0.11993
1499.2,0.12
1500.0,0.12016
1500.9,0.12018
1501.8,0.11988
1502.6,0.11994
1503.5,0.12019
1504.4,0.12029
1505.3,0.12049
1506.1,0.12076
1507.0,0.12062
1507.9,0.12058
1508.8,0.1209
1509.6,0.12113
1510.5,0.12113
1511.4,0.12114
1512.3,0.12118
1513.2,0.12125
1514.1,0.12126
1514.9,0.12115
1515.8,0.12127
1516.7,0.12133
1517.6,0.12134
1518.5,0.12161
1519.4,0.12183
1520.3,0.12177
1521.2,0.12168
1522.1,0.12179
1523.0,0.12203
1523.8,0.12229
1524.7,0.12228
1525.6,0.12226
1526.5,0.12244
1527.4,0.12244
1528.3,0.12246
1529.2,0.12268
1530.1,0.12261
1531.0,0.12252
1532.0,0.12275
1532.9,0.12301
1533.8,0.123
1534.7,0.12308
1535.6,0.12316
1536.5,0.12316
1537.4,0.12331
1538.3,0.12356
1539.2,0.12356
1540.1,0.1234
1541.1,0.12342
1542.0,0.1235
1542.9,0.12363
1543.8,0.1236
1544.7,0.12364
1545.7,0.12364
1546.6,0.12375
1547.5,0.12399
1548.4,0.12417
1549.4,0.12423
1550.3,0.12423
1551.2,0.1242
1552.1,0.12445
1553.1,0.12461
1554.0,0.12456
1554.9,0.12446
1555.9,0.12437
1556.8,0.1247
1557.7,0.12494
1558.7,0.12489
1559.6,0.12497
1560.5,0.12489
1561.5,0.12469
1562.4,0.12481
1563.4,0.12508
1564.3,0.1252
1565.3,0.1253
1566.2,0.12548
1567.2,0.12558
1568.1,0.12559
1569.0,0.12562
1570.0,0.12578
1571.0,0.12595
1571.9,0.12595
1572.9,0.12591
1573.8,0.1261
1574.8,0.1263
1575.7,0.1264
1576.7,0.12635
1577.6,0.12646
1578.6,0.12645
1579.6,0.1263
1580.5,0.1263
1581.5,0.12643
1582.5,0.12675
1583.4,0.12685
1584.4,0.12673
1585.4,0.12674
1586.3,0.12699
1587.3,0.12715
1588.3,0.1272
1589.3,0.12731
1590.2,0.12741
1591.2,0.12739
1592.2,0.12736
1593.2,0.12736
1594.1,0.1273
1595.1,0.12741
1596.1,0.12774
1597.1,0.12778
1598.1,0.12772
1599.1,0.12777
1600.0,0.12782
1601.0,0.12796
1602.0,0.12814
1603.0,0.12825
1604.0,0.12828
1605.0,0.12837
1606.0,0.12842
1607.0,0.12846
1608.0,0.12867
1609.0,0.1288
1610.0,0.1289
1611.0,0.12898
1612.0,0.12904
1613.0,0.1289
1614.0,0.12892
1615.0,0.12908
1616.0,0.12911
1617.0,0.12919
1618.0,0.12925
1619.0,0.12937
1620.0,0.12934
1621.1,0.12938
1622.1,0.1294
1623.1,0.12954
1624.1,0.12973
1625.1,0.12982
1626.1,0.12969
1627.2,0.12975
1628.2,0.1298
1629.2,0.12982
1630.2,0.12995
1631.3,0.13005
1632.3,0.13016
1633.3,0.13028
1634.3,0.13034
1635.4,0.13034
1636.4,0.13038
1637.4,0.13045
1638.5,0.13062
1639.5,0.13088
1640.5,0.131
1641.6,0.13092
1642.6,0.13091
1643.7,0.13088
1644.7,0.13081
1645.8,0.13113
1646.8,0.13123
1647.8,0.13092
1648.9,0.13085
1649.9,0.13103
1651.0,0.13117
1652.1,0.13124
1653.1,0.13142
1654.2,0.13156
1655.2,0.1318
1656.3,0.13194
1657.3,0.13187
1658.4,0.13194
1659.5,0.13193
1660.5,0.13198
1661.6,0.13208
1662.6,0.13215
1663.7,0.13227
1664.8,0.13231
1665.9,0.13232
1666.9,0.1324
1668.0,0.13253
1669.1,0.13265
1670.1,0.13264
1671.2,0.13256
1672.3,0.1324
1673.4,0.13247
1674.5,0.13271
1675.5,0.13286
1676.6,0.13289
1677.7,0.13292
1678.8,0.13315
1679.9,0.13325
1681.0,0.1331
1682.1,0.13304
1683.2,0.13316
1684.3,0.13335
1685.3,0.13343
1686.4,0.13331
1687.5,0.13329
1688.6,0.13342
1689.7,0.13365
1690.8,0.13368
1692.0,0.13366
1693.1,0.13366
1694.2,0.13379
1695.3,0.13388
1696.4,0.13401
1697.5,0.13407
1698.6,0.134
1699.7,0.13402
1700.8,0.13427
1701.9,0.13445
1703.1,0.13443
1704.2,0.13429
1705.3,0.13426
1706.4,0.13437
1707.6,0.13456
1708.7,0.13464
1709.8,0.1347
1710.9,0.13483
1712.1,0.13484
1713.2,0.13473
1714.3,0.13485
1715.5,0.13499
1716.6,0.13497
1717.7,0.13494
1718.9,0.13509
1720.0,0.13524
1721.2,0.1353
1722.3,0.13536
1723.4,0.13546
1724.6,0.13559
1725.7,0.13579
1726.9,0.13584
1728.0,0.13566
1729.2,0.13565
1730.4,0.13578
1731.5,0.13577
1732.7,0.13579
1733.8,0.13592
1735.0,0.13598
1736.1,0.13593
1737.3,0.136
1738.5,0.13612
1739.6,0.1363
1740.8,0.13641
1742.0,0.13633
1743.2,0.13641
1744.3,0.13669
1745.5,0.13662
1746.7,0.1365
1747.9,0.13663
1749.0,0.13671
1750.2,0.13674
1751.4,0.13674
1752.6,0.13676
1753.8,0.13695
1755.0,0.13705
1756.1,0.13706
1757.3,0.13717
1758.5,0.13725
1759.7,0.13724
1760.9,0.1372
1762.1,0.13716
1763.3,0.13728
1764.5,0.13749
1765.7,0.13757
1766.9,0.13758
1768.1,0.13768
1769.3,0.13783
1770.5,0.13786
1771.7,0.13773
1773.0,0.13772
1774.2,0.13795
1775.4,0.13813
1776.6,0.1381
1777.8,0.13806
1779.0,0.13831
1780.3,0.13851
1781.5,0.13839
1782.7,0.1383
1783.9,0.1384
1785.2,0.13858
1786.4,0.13871
1787.6,0.1387
1788.9,0.13869
1790.1,0.1387
1791.3,0.13868
1792.6,0.13859
1793.8,0.13861
1795.1,0.13883
1796.3,0.13899
1797.6,0.13908
1798.8,0.13916
1800.0,0.13921
1801.3,0.13935
1802.6,0.1395
1803.8,0.1395
1805.1,0.13954
1806.3,0.1396
1807.6,0.13959
1808.8,0.1396
1810.1,0.13956
1811.4,0.13971
1812.6,0.13989
1813.9,0.13988
1815.2,0.13978
1816.4,0.1401
1817.7,0.14031
1819.0,0.14033
1820.3,0.14052
1821.6,0.14075
1822.8,0.14051
1824.1,0.14025
1825.4,0.14039
1826.7,0.14067
1828.0,0.14069
1829.3,0.14071
1830.6,0.14089
1831.8,0.14104
1833.1,0.14094
1834.4,0.14096
1835.7,0.14125
1837.0,0.14165
1838.3,0.14172
1839.7,0.14145
1841.0,0.14153
1842.3,0.14182
1843.6,0.14182
1844.9,0.14146
1846.2,0.14144
1847.5,0.14201
1848.8,0.1423
1850.2,0.14202
1851.5,0.14181
1852.8,0.14192
1854.1,0.14238
1855.5,0.14213
1856.8,0.14191
1858.1,0.142
1859.4,0.14202
1860.8,0.14239
1862.1,0.14236
1863.5,0.1423
1864.8,0.14231
1866.1,0.14219
1867.5,0.14244
1868.8,0.14286
1870.2,0.14295
1871.5,0.1433
1872.9,0.14339
1874.2,0.14343
1875.6,0.14319
1876.9,0.14316
1878.3,0.14322
1879.7,0.14298
1881.0,0.14296
1882.4,0.14293
1883.8,0.14308
1885.1,0.14325
1886.5,0.14334
1887.9,0.14329
1889.3,0.14307
1890.6,0.14334
1892.0,0.14339
1893.4,0.14338
1894.8,0.14362
1896.2,0.1436
1897.6,0.14365
1899.0,0.14399
1900.3,0.14426
1901.7,0.14401
1903.1,0.14392
1904.5,0.14419
1905.9,0.14442
1907.3,0.1445
1908.7,0.14426
1910.1,0.14422
1911.6,0.14435
1913.0,0.14455
1914.4,0.14469
1915.8,0.14456
1917.2,0.14455
1918.6,0.14464
1920.0,0.14476
1921.5,0.14494
1922.9,0.14491
1924.3,0.14484
1925.8,0.14478
1927.2,0.14486
1928.6,0.14517
1930.1,0.14521
1931.5,0.14502
1932.9,0.14499
1934.4,0.1452
1935.8,0.14522
1937.3,0.14519
1938.7,0.14543
1940.2,0.14556
1941.6,0.14562
1943.1,0.14554
1944.5,0.14547
1946.0,0.14563
1947.5,0.14574
1948.9,0.1458
1950.4,0.14577
1951.9,0.14572
1953.3,0.14573
1954.8,0.14575
1956.3,0.14582
1957.8,0.1459
1959.2,0.14593
1960.7,0.14588
1962.2,0.14603
1963.7,0.14627
1965.2,0.14625
1966.7,0.14631
1968.2,0.14645
1969.7,0.14664
1971.2,0.14672
1972.7,0.14671
1974.2,0.14664
1975.7,0.14678
1977.2,0.14682
1978.7,0.14676
1980.2,0.14688
1981.7,0.14689
1983.2,0.14686
1984.7,0.14686
1986.3,0.14698
1987.8,0.14706
1989.3,0.14701
1990.8,0.14714
1992.4,0.14724
1993.9,0.14738
1995.4,0.14738
1997.0,0.14724
1998.5,0.14726
2000.1,0.14724
2001.6,0.1474
2003.1,0.14745
2004.7,0.1473
2006.2,0.14725
2007.8,0.14733
2009.4,0.1475
2010.9,0.14759
2012.5,0.1474
2014.0,0.14729
2015.6,0.1474
2017.2,0.1475
2018.7,0.14767
2020.3,0.14777
2021.9,0.14753
2023.5,0.14747
2025.1,0.14751
2026.6,0.14751
2028.2,0.14777
2029.8,0.14788
2031.4,0.14773
2033.0,0.14782
2034.6,0.14788
2036.2,0.148
2037.8,0.14804
2039.4,0.14802
2041.0,0.14814
2042.6,0.14824
2044.2,0.14842
2045.8,0.14849
2047.4,0.14835
2049.1,0.14837
2050.7,0.14842
2052.3,0.14846
2053.9,0.14843
2055.6,0.14859
2057.2,0.14877
2058.8,0.1486
2060.5,0.14841
2062.1,0.14847
2063.7,0.14864
2065.4,0.14873
2067.0,0.14881
2068.7,0.14888
2070.3,0.14891
2072.0,0.14889
2073.7,0.1488
2075.3,0.14879
2077.0,0.14885
2078.6,0.14881
2080.3,0.14881
2082.0,0.14894
2083.7,0.149
2085.3,0.149
2087.0,0.14878
2088.7,0.1488
2090.4,0.14916
2092.1,0.14924
2093.8,0.14909
2095.4,0.14905
2097.1,0.14902
2098.8,0.14889
2100.5,0.14877
2102.2,0.14874
2104.0,0.14872
2105.7,0.14864
2107.4,0.14853
2109.1,0.14858
2110.8,0.14869
2112.5,0.1487
2114.2,0.14861
2116.0,0.14848
2117.7,0.14846
2119.4,0.1485
2121.2,0.14841
2122.9,0.14839
2124.6,0.1485
2126.4,0.14858
2128.1,0.14849
2129.9,0.14827
2131.6,0.1482
2133.4,0.14826
2135.1,0.14829
2136.9,0.14828
2138.7,0.1483
2140.4,0.14834
2142.2,0.14836
2144.0,0.14835
2145.8,0.14853
2147.5,0.14855
2149.3,0.14854
2151.1,0.1487
2152.9,0.14875
2154.7,0.14882
2156.5,0.14884
2158.3,0.14885
2160.1,0.14887
2161.9,0.14883
2163.7,0.14885
2165.5,0.14901
2167.3,0.14913
2169.1,0.14906
2170.9,0.14916
2172.7,0.14927
2174.6,0.14929
2176.4,0.14934
2178.2,0.14941
2180.0,0.14953
2181.9,0.14974
2183.7,0.14983
2185.6,0.14986
2187.4,0.14993
2189.2,0.15006
2191.1,0.14999
2193.0,0.14986
2194.8,0.14995
2196.7,0.15006
2198.5,0.15017
2200.4,0.1503
2202.3,0.15044
2204.1,0.15041
2206.0,0.15022
2207.9,0.15021
2209.8,0.15036
2211.7,0.15038
2213.6,0.15041
2215.4,0.15057
2217.3,0.15061
2219.2,0.15066
2221.1,0.15074
2223.0,0.15073
2225.0,0.15056
2226.9,0.15039
2228.8,0.15051
2230.7,0.15059
2232.6,0.15066
2234.5,0.15066
2236.5,0.15054
2238.4,0.15044
2240.3,0.15042
2242.3,0.15033
2244.2,0.15025
2246.2,0.15011
2248.1,0.14992
2250.1,0.14962
2252.0,0.14917
2254.0,0.14898
2255.9,0.14907
2257.9,0.14902
2259.9,0.14874
2261.8,0.1484
2263.8,0.14826
2265.8,0.14815
2267.8,0.14797
2269.8,0.14775
2271.8,0.14743
2273.7,0.14712
2275.7,0.14666
2277.7,0.14589
2279.7,0.14497
2281.7,0.14387
2283.8,0.14262
2285.8,0.14144
2287.8,0.14011
2289.8,0.13882
2291.8,0.13771
2293.9,0.13636
2295.9,0.13458
2297.9,0.1326
2300.0,0.13062
2302.0,0.12841
2304.1,0.1257
2306.1,0.12275
2308.2,0.12015
2310.2,0.11802
2312.3,0.11573
2314.3,0.11326
2316.4,0.11123
2318.5,0.1102
2320.6,0.10985
2322.6,0.10946
2324.7,0.10912
2326.8,0.109
2328.9,0.10897
2331.0,0.10935
2333.1,0.1107
2335.2,0.11272
2337.3,0.11479
2339.4,0.11657
2341.5,0.11833
2343.6,0.12062
2345.8,0.12348
2347.9,0.12658
2350.0,0.12949
2352.1,0.13211
2354.3,0.13461
2356.4,0.13698
2358.6,0.13905
2360.7,0.1404
2362.9,0.14114
2365.0,0.14173
2367.2,0.14177
2369.3,0.14125
2371.5,0.14057
2373.7,0.14011
2375.9,0.13957
2378.0,0.13865
2380.2,0.13754
2382.4,0.13635
2384.6,0.13558
2386.8,0.1348
2389.0,0.13398
2391.2,0.13343
2393.4,0.13317
2395.6,0.13305
2397.8,0.13307
2400.1,0.13342
2402.3,0.13395
2404.5,0.13469
2406.7,0.13551
2409.0,0.13627
2411.2,0.13702
2413.5,0.13775
2415.7,0.13852
2418.0,0.13934
2420.2,0.14014
2422.5,0.14119
2424.8,0.14201
2427.0,0.14266
2429.3,0.14344
2431.6,0.14431
2433.9,0.14509
2436.2,0.14571
2438.4,0.14608
2440.7,0.1464
2443.0,0.14687
2445.3,0.14713
2447.7,0.1472
2450.0,0.14715
2452.3,0.1473
2454.6,0.14749
2456.9,0.14732
2459.3,0.14692
2461.6,0.14687
2463.9,0.14691
2466.3,0.14652
2468.6,0.14599
2471.0,0.14562
2473.3,0.14533
2475.7,0.1449
2478.1,0.14441
2480.4,0.14404
2482.8,0.14383
2485.2,0.14389
2487.6,0.14391
2490.0,0.14401
2492.4,0.14412
2494.8,0.14437
2497.2,0.14466
2499.6,0.14457
2502.0,0.14442
2502.0,0.14453
2503.2,0.14457
2504.4,0.14451
2505.6,0.14469
2506.8,0.14478
2508.0,0.14491
2509.3,0.14506
2510.5,0.14518
2511.7,0.14524
2512.9,0.14526
2514.1,0.1453
2515.3,0.1454
2516.6,0.14546
2517.8,0.14558
2519.0,0.14569
2520.2,0.14582
2521.5,0.14591
2522.7,0.146
2523.9,0.14612
2525.2,0.14625
2526.4,0.14633
2527.6,0.14656
2528.8,0.14678
2530.1,0.14703
2531.3,0.14734
2532.6,0.14764
2533.8,0.14785
2535.0,0.1479
2536.3,0.14829
2537.5,0.14858
2538.8,0.1485
2540.0,0.14866
2541.2,0.14882
2542.5,0.14928
2543.7,0.14967
2545.0,0.14963
2546.2,0.14961
2547.5,0.14994
2548.7,0.15032
2550.0,0.15022
2551.2,0.15033
2552.5,0.15068
2553.8,0.15079
2555.0,0.15044
2556.3,0.15029
2557.5,0.15046
2558.8,0.15056
2560.1,0.15092
2561.3,0.15188
2562.6,0.15245
2563.9,0.15233
2565.1,0.15237
2566.4,0.15183
2567.7,0.15147
2568.9,0.15196
2570.2,0.15287
2571.5,0.15252
2572.8,0.15228
2574.0,0.15343
2575.3,0.15275
2576.6,0.15263
2577.9,0.15314
2579.2,0.15228
2580.5,0.1521
2581.7,0.15284
2583.0,0.15272
2584.3,0.15364
2585.6,0.15313
2586.9,0.15239
2588.2,0.15304
2589.5,0.15249
2590.8,0.15212
2592.1,0.15192
2593.4,0.15263
2594.7,0.15505
2596.0,0.1565
2597.3,0.15357
2598.6,0.15226
2599.9,0.15226
2601.2,0.1529
2602.5,0.15351
2603.8,0.15402
2605.1,0.15488
2606.4,0.15559
2607.7,0.1547
2609.0,0.15432
2610.3,0.15436
2611.7,0.15406
2613.0,0.15388
2614.3,0.15424
2615.6,0.15419
2616.9,0.15569
2618.3,0.15594
2619.6,0.15465
2620.9,0.15565
2622.2,0.15496
2623.6,0.15359
2624.9,0.15381
2626.2,0.15442
2627.5,0.15543
2628.9,0.15421
2630.2,0.1548
2631.5,0.15567
2632.9,0.1539
2634.2,0.15372
2635.6,0.15365
2636.9,0.15282
2638.2,0.15272
2639.6,0.15251
2640.9,0.15245
2642.3,0.1525
2643.6,0.15255
2645.0,0.15248
2646.3,0.15299
2647.7,0.15249
2649.0,0.15178
2650.4,0.1514
2651.7,0.15155
2653.1,0.1521
2654.4,0.1519
2655.8,0.1519
2657.2,0.15225
2658.5,0.15214
2659.9,0.15316
2661.3,0.15348
2662.6,0.15346
2664.0,0.15368
2665.4,0.15558
2666.7,0.15676
2668.1,0.15665
2669.5,0.15595
2670.9,0.15842
2672.2,0.15768
2673.6,0.15552
2675.0,0.15601
2676.4,0.15718
2677.8,0.15789
2679.1,0.15706
2680.5,0.15614
2681.9,0.15433
2683.3,0.15356
2684.7,0.15267
2686.1,0.15092
2687.5,0.14921
2688.9,0.14676
2690.3,0.14415
2691.7,0.14131
2693.1,0.13899
2694.5,0.13683
2695.9,0.13298
2697.3,0.12848
2698.7,0.12461
2700.1,0.12161
2701.5,0.11939
2702.9,0.11641
2704.3,0.11282
2705.7,0.10937
2707.1,0.10586
2708.5,0.10289
2710.0,0.10115
2711.4,0.10037
2712.8,0.09926
2714.2,0.0979
2715.6,0.09744
2717.1,0.09648
2718.5,0.09526
2719.9,0.09372
2721.3,0.09231
2722.8,0.08814
2724.2,0.08441
2725.6,0.08001
2727.1,0.07237
2728.5,0.06391
2729.9,0.05636
2731.4,0.05075
2732.8,0.04809
2734.2,0.0482
2735.7,0.0489
2737.1,0.04598
2738.6,0.04106
2740.0,0.03705
2741.5,0.03455
2742.9,0.03364
2744.4,0.03392
2745.8,0.03459
2747.3,0.03533
2748.7,0.03478
2750.2,0.03268
2751.7,0.03048
2753.1,0.02938
2754.6,0.02933
2756.1,0.03085
2757.5,0.03367
2759.0,0.03673
2760.5,0.03846
2761.9,0.03745
2763.4,0.0345
2764.9,0.03147
2766.3,0.03052
2767.8,0.03241
2769.3,0.03675
2770.8,0.04269
2772.3,0.04908
2773.7,0.05532
2775.2,0.06227
2776.7,0.07088
2778.2,0.08068
2779.7,0.09022
2781.2,0.09924
2782.7,0.10752
2784.2,0.11466
2785.7,0.12031
2787.2,0.12516
2788.7,0.12837
2790.2,0.12979
2791.7,0.1307
2793.2,0.13162
2794.7,0.13218
2796.2,0.13238
2797.7,0.13237
2799.2,0.13217
2800.7,0.1318
2802.2,0.13171
2803.8,0.13173
2805.3,0.13072
2806.8,0.12934
2808.3,0.12866
2809.8,0.12827
2811.4,0.12816
2812.9,0.12834
2814.4,0.12885
2815.9,0.12948
2817.5,0.12998
2819.0,0.13067
2820.5,0.13163
2822.1,0.13243
2823.6,0.13346
2825.1,0.13495
2826.7,0.13661
2828.2,0.13806
2829.8,0.13905
2831.3,0.13972
2832.9,0.14049
2834.4,0.14125
2836.0,0.14181
2837.5,0.14221
2839.1,0.14268
2840.6,0.14296
2842.2,0.14323
2843.7,0.14348
2845.3,0.14365
2846.9,0.14371
2848.4,0.14378
2850.0,0.14388
2851.6,0.14374
2853.1,0.14355
2854.7,0.1436
2856.3,0.1434
2857.8,0.14304
2859.4,0.14269
2861.0,0.14237
2862.6,0.14209
2864.2,0.14182
2865.7,0.1417
2867.3,0.14171
2868.9,0.14166
2870.5,0.14156
2872.1,0.14158
2873.7,0.14153
2875.3,0.14145
2876.9,0.14148
2878.5,0.14163
2880.1,0.14181
2881.7,0.14199
2883.3,0.14222
2884.9,0.14244
2886.5,0.14263
2888.1,0.14287
2889.7,0.14313
2891.3,0.14333
2892.9,0.14363
2894.5,0.14386
2896.2,0.14412
2897.8,0.14435
2899.4,0.14462
2901.0,0.14487
2902.7,0.145
2904.3,0.14505
2905.9,0.14511
2907.5,0.14515
2909.2,0.14513
2910.8,0.14521
2912.4,0.14519
2914.1,0.14516
2915.7,0.14517
2917.4,0.14516
2919.0,0.14515
2920.6,0.14515
2922.3,0.14514
2923.9,0.14518
2925.6,0.14509
2927.2,0.14498
2928.9,0.14497
2930.5,0.14492
2932.2,0.14484
2933.9,0.14477
2935.5,0.14475
2937.2,0.14468
2938.9,0.14457
2940.5,0.14456
2942.2,0.14453
2943.9,0.14451
2945.5,0.14439
2947.2,0.14436
2948.9,0.14432
2950.6,0.14416
2952.2,0.1441
2953.9,0.14413
2955.6,0.1441
2957.3,0.1441
2959.0,0.1441
2960.7,0.14412
2962.4,0.1441
2964.1,0.14415
2965.8,0.14419
2967.4,0.14422
2969.1,0.14429
2970.9,0.14437
2972.6,0.14446
2974.3,0.14456
2976.0,0.14469
2977.7,0.14481
2979.4,0.14489
2981.1,0.145
2982.8,0.14516
2984.5,0.14529
2986.3,0.14543
2988.0,0.14563
2989.7,0.1458
2991.4,0.14598
2993.1,0.14616
2994.9,0.14631
2996.6,0.14646
2998.3,0.14665
3000.1,0.14679
3001.8,0.14694
3003.6,0.14709
3005.3,0.14726
3007.0,0.14744
3008.8,0.14761
3010.5,0.14777
3012.3,0.1479
3014.0,0.14801
3015.8,0.14814
3017.5,0.14828
3019.3,0.1484
3021.1,0.14848
3022.8,0.14861
3024.6,0.14871
3026.3,0.14877
3028.1,0.14887
3029.9,0.14901
3031.7,0.14912
3033.4,0.14927
3035.2,0.14937
3037.0,0.14945
3038.8,0.14956
3040.5,0.14966
3042.3,0.14978
3044.1,0.14988
3045.9,0.15
3047.7,0.15013
3049.5,0.15023
3051.3,0.15032
3053.1,0.15038
3054.9,0.15049
3056.7,0.15059
3058.5,0.15066
3060.3,0.15077
3062.1,0.15087
3063.9,0.15097
3065.7,0.15108
3067.5,0.15119
3069.4,0.15132
3071.2,0.15144
3073.0,0.15159
3074.8,0.15176
3076.6,0.15189
3078.5,0.15206
3080.3,0.15224
3082.1,0.15243
3084.0,0.15258
3085.8,0.15274
3087.6,0.15294
3089.5,0.15308
3091.3,0.15329
3093.2,0.1535
3095.0,0.1537
3096.9,0.15392
3098.7,0.15414
3100.6,0.15433
3102.4,0.15456
3104.3,0.15473
3106.1,0.15496
3108.0,0.15521
3109.9,0.15544
3111.7,0.15563
3113.6,0.15583
3115.5,0.15605
3117.3,0.1563
3119.2,0.15649
3121.1,0.15666
3123.0,0.15687
3124.9,0.15708
3126.7,0.15726
3128.6,0.15746
3130.5,0.15762
3132.4,0.15778
3134.3,0.1579
3136.2,0.15804
3138.1,0.1582
3140.0,0.15838
3141.9,0.1585
3143.8,0.15855
3145.7,0.15866
3147.6,0.15878
3149.5,0.15885
3151.4,0.15891
3153.4,0.159
3155.3,0.15914
3157.2,0.15919
3159.1,0.15923
3161.1,0.15925
3163.0,0.15929
3164.9,0.15932
3166.9,0.15934
3168.8,0.15941
3170.7,0.1595
3172.7,0.1595
3174.6,0.15949
3176.6,0.15954
3178.5,0.15959
3180.5,0.15959
3182.4,0.15962
3184.4,0.1596
3186.3,0.15961
3188.3,0.15964
3190.2,0.15968
3192.2,0.15967
3194.2,0.15968
3196.1,0.15967
3198.1,0.15969
3200.1,0.15967
3202.1,0.15963
3204.0,0.15959
3206.0,0.1595
3208.0,0.15943
3210.0,0.15938
3212.0,0.15935
3214.0,0.15936
3216.0,0.15934
3218.0,0.15932
3220.0,0.15932
3222.0,0.15939
3224.0,0.15942
3226.0,0.1595
3228.0,0.15953
3230.0,0.15962
3232.0,0.1597
3234.0,0.15976
3236.0,0.15981
3238.1,0.15993
3240.1,0.16005
3242.1,0.16017
3244.1,0.16025
3246.2,0.16037
3248.2,0.16048
3250.2,0.16059
3252.3,0.1607
3254.3,0.16087
3256.4,0.16104
3258.4,0.16121
3260.5,0.16134
3262.5,0.16149
3264.6,0.16164
3266.6,0.16183
3268.7,0.16203
3270.7,0.16224
3272.8,0.16242
3274.9,0.16258
3277.0,0.16279
3279.0,0.16301
3281.1,0.16316
3283.2,0.16335
3285.3,0.16351
3287.3,0.16369
3289.4,0.16382
3291.5,0.16397
3293.6,0.16414
3295.7,0.1643
3297.8,0.16438
3299.9,0.16447
3302.0,0.1645
3304.1,0.16456
3306.2,0.16461
3308.3,0.1646
3310.4,0.16456
3312.5,0.1645
3314.7,0.1644
3316.8,0.16427
3318.9,0.16408
3321.0,0.16387
3323.2,0.16362
3325.3,0.16337
3327.4,0.16308
3329.6,0.16274
3331.7,0.16229
3333.8,0.16182
3336.0,0.16126
3338.1,0.16066
3340.3,0.16006
3342.4,0.15942
3344.6,0.15874
3346.8,0.15804
3348.9,0.15728
3351.1,0.15646
3353.3,0.15559
3355.4,0.15469
3357.6,0.15377
3359.8,0.15286
3362.0,0.15189
3364.1,0.15092
3366.3,0.14998
3368.5,0.14901
3370.7,0.14804
3372.9,0.14714
3375.1,0.14632
3377.3,0.14567
3379.5,0.14516
3381.7,0.14481
3383.9,0.14459
3386.1,0.14451
3388.3,0.14453
3390.5,0.14468
3392.8,0.14485
3395.0,0.14497
3397.2,0.14503
3399.4,0.14503
3401.7,0.14494
3403.9,0.14486
3406.1,0.14477
3408.4,0.14475
3410.6,0.14477
3412.9,0.14492
3415.1,0.1452
3417.4,0.14566
3419.6,0.14635
3421.9,0.14724
3424.1,0.14837
3426.4,0.14961
3428.7,0.15084
3430.9,0.15203
3433.2,0.15303
3435.5,0.15396
3437.8,0.15477
3440.0,0.15553
3442.3,0.15617
3444.6,0.15673
3446.9,0.15727
3449.2,0.15778
3451.5,0.15828
3453.8,0.1588
3456.1,0.15931
3458.4,0.15983
3460.7,0.16037
3463.0,0.16089
3465.3,0.16136
3467.6,0.1618
3470.0,0.16212
3472.3,0.16234
3474.6,0.16252
3477.0,0.16265
3479.3,0.16275
3481.6,0.16289
3484.0,0.16307
3486.3,0.16331
3488.7,0.16357
3491.0,0.16376
3493.4,0.16385
3495.7,0.16384
3498.1,0.16375
3500.4,0.16364
3502.8,0.16361
3505.2,0.1637
3507.5,0.16396
3509.9,0.16448
3512.3,0.16509
3514.7,0.16574
3517.1,0.1663
3519.4,0.16683
3521.8,0.16726
3524.2,0.16763
3526.6,0.16798
3529.0,0.16832
3531.4,0.16857
3533.8,0.16882
3536.2,0.16899
3538.7,0.16914
3541.1,0.16927
3543.5,0.16943
3545.9,0.16957
3548.3,0.16965
3550.8,0.16973
3553.2,0.16979
3555.6,0.16986
3558.1,0.16992
3560.5,0.16997
3563.0,0.17003
3565.4,0.17009
3567.9,0.17012
3570.3,0.17018
3572.8,0.17023
3575.3,0.17023
3577.7,0.17026
3580.2,0.17029
3582.7,0.17035
3585.2,0.17036
3587.6,0.17036
3590.1,0.17038
3592.6,0.17039
3595.1,0.17041
3597.6,0.17043
3600.1,0.17043
3602.6,0.17048
3605.1,0.17047
3607.6,0.17052
3610.1,0.17053
3612.6,0.17055
3615.2,0.17052
3617.7,0.17053
3620.2,0.17052
3622.7,0.17054
3625.3,0.17056
3627.8,0.17056
3630.3,0.17057
3632.9,0.17056
3635.4,0.17053
3638.0,0.17054
3640.5,0.17055
3643.1,0.17054
3645.7,0.17052
3648.2,0.17052
3650.8,0.17051
3653.4,0.1705
3655.9,0.17051
3658.5,0.1705
3661.1,0.17048
3663.7,0.1705
3666.3,0.17048
3668.9,0.17043
3671.5,0.17041
3674.1,0.17041
3676.7,0.17042
3679.3,0.17044
3681.9,0.1704
3684.5,0.1704
3687.2,0.17037
3689.8,0.17037
3692.4,0.17036
3695.0,0.17036
3697.7,0.17036
3700.3,0.17033
3703.0,0.17026
3705.6,0.17022
3708.3,0.1702
3710.9,0.1702
3713.6,0.17009
3716.2,0.16995
3718.9,0.16985
3721.6,0.16985
3724.2,0.16982
3726.9,0.16979
3729.6,0.16959
3732.3,0.16934
3735.0,0.16926
3737.7,0.16949
3740.4,0.16975
3743.1,0.16979
3745.8,0.16961
3748.5,0.16934
3751.2,0.16935
3753.9,0.16961
3756.6,0.16977
3759.3,0.16983
3762.1,0.16981
3764.8,0.1698
3767.5,0.16977
3770.3,0.16976
3773.0,0.16973
3775.8,0.16969
3778.5,0.16967
3781.3,0.1697
3784.0,0.16966
3786.8,0.16963
3789.6,0.16958
3792.3,0.16954
3795.1,0.16952
3797.9,0.16955
3800.7,0.16954
3803.5,0.16953
3806.3,0.16948
3809.1,0.16948
3811.9,0.16947
3814.7,0.16945
3817.5,0.16941
3820.3,0.16938
3823.1,0.16937
3825.9,0.16936
3828.8,0.16934
3831.6,0.16932
3834.4,0.16927
3837.3,0.16923
3840.1,0.16918
3842.9,0.16916
3845.8,0.1691
3848.7,0.16907
3851.5,0.16903
3854.4,0.16899
3857.2,0.16895
3860.1,0.16892
3863.0,0.16886
3865.9,0.16882
3868.8,0.16876
3871.6,0.16873
3874.5,0.16866
3877.4,0.16863
3880.3,0.16855
3883.2,0.1685
3886.2,0.16843
3889.1,0.16839
3892.0,0.16831
3894.9,0.16824
3897.8,0.16816
3900.8,0.16813
3903.7,0.16809
3906.7,0.16801
3909.6,0.16792
3912.6,0.16785
3915.5,0.16777
3918.5,0.16771
3921.4,0.16761
3924.4,0.16751
3927.4,0.16742
3930.4,0.1674
3933.3,0.16729
3936.3,0.1672
3939.3,0.16711
3942.3,0.16702
3945.3,0.16693
3948.3,0.16686
3951.3,0.16678
3954.3,0.16671
3957.4,0.16661
3960.4,0.16653
3963.4,0.16645
3966.4,0.1664
3969.5,0.16632
3972.5,0.16628
3975.6,0.16622
3978.6,0.16617
3981.7,0.16609
3984.7,0.16604
3987.8,0.166
3990.9,0.16599
3993.9,0.16592
3997.0,0.16585
4000.1,0.16578
4003.2,0.16576
4006.3,0.1657
4009.4,0.16567
4012.5,0.16563
4015.6,0.16561
4018.7,0.16558
4021.8,0.16553
4024.9,0.16549
4028.1,0.16547
4031.2,0.16539
4034.3,0.16536
4037.5,0.16533
4040.6,0.16531
4043.8,0.16524
4046.9,0.1652
4050.1,0.16515
4053.3,0.16512
4056.4,0.16506
4059.6,0.16501
4062.8,0.16496
4066.0,0.16494
4069.2,0.16488
4072.4,0.16483
4075.6,0.16476
4078.8,0.16474
4082.0,0.16467
4085.2,0.16461
4088.4,0.16454
4091.7,0.1645
4094.9,0.16443
4098.1,0.1644
4101.4,0.16432
4104.6,0.16426
4107.9,0.1642
4111.1,0.16415
4114.4,0.16411
4117.7,0.16408
4120.9,0.16402
4124.2,0.16398
4127.5,0.16389
4130.8,0.16384
4134.1,0.16379
4137.4,0.16374
4140.7,0.16368
4144.0,0.16367
4147.3,0.16362
4150.6,0.16357
4154.0,0.16349
4157.3,0.16344
4160.6,0.16341
4164.0,0.1634
4167.3,0.16336
4170.7,0.16332
4174.0,0.16325
4177.4,0.16322
4382.2,0.15882
4385.9,0.15858
4389.6,0.15836
4393.3,0.15808
4397.1,0.15783
4400.8,0.15756
4404.5,0.15728
4408.3,0.15696
4412.0,0.15668
4415.8,0.1564
4419.6,0.15615
4423.3,0.15589
4427.1,0.15565
4430.9,0.15542
4434.7,0.15523
4438.5,0.15498
4442.3,0.1547
4446.1,0.15437
4449.9,0.15404
4453.7,0.15368
4457.6,0.15331
4461.4,0.15293
4465.2,0.15259
4469.1,0.1522
4472.9,0.1518
4476.8,0.15137
4480.7,0.15095
4484.5,0.15048
4488.4,0.14997
4492.3,0.1494
4496.2,0.1488
4500.1,0.14812
4504.0,0.14746
4507.9,0.14669
4511.9,0.14586
4515.8,0.14494
4519.7,0.14404
4523.7,0.1431
4527.6,0.14212
4531.6,0.14111
4535.6,0.1401
4539.5,0.13907
4543.5,0.13804
4547.5,0.13702
4551.5,0.13607
4555.5,0.13509
4559.5,0.13415
4563.5,0.13319
4567.5,0.13228
4571.5,0.13139
4575.6,0.13049
4579.6,0.12953
4583.7,0.1286
4587.7,0.12767
4591.8,0.12672
4595.9,0.12577
4599.9,0.12486
4604.0,0.12397
4608.1,0.12311
4612.2,0.12224
4616.3,0.12147
4620.4,0.12074
4624.6,0.12008
4628.7,0.11945
4632.8,0.11888
4637.0,0.11826
4641.1,0.11774
4645.3,0.11723
4649.4,0.11677
4653.6,0.11632
4657.8,0.1159
4662.0,0.11547
4666.2,0.11506
4670.4,0.11463
4674.6,0.11424
4678.8,0.11384
4683.0,0.11344
4687.3,0.11301
4691.5,0.11262
4695.8,0.1122
4700.0,0.11182
4704.3,0.11143
4708.6,0.11104
4712.9,0.11065
4717.1,0.11029
4721.4,0.10988
4725.7,0.1095
4730.1,0.10909
4734.4,0.10865
4738.7,0.10817
4743.0,0.10771
4747.4,0.10717
4751.7,0.10657
4756.1,0.10592
4760.5,0.10527
4764.8,0.10456
4769.2,0.10382
4773.6,0.10304
4778.0,0.10228
4782.4,0.10155
4786.8,0.10085
4791.3,0.10014
4795.7,0.09946
4800.1,0.09883
4804.6,0.09829
4809.0,0.09776
4813.5,0.09725
4818.0,0.09676
4822.5,0.09632
4826.9,0.09589
4831.4,0.09546
4835.9,0.09498
4840.5,0.09448
4845.0,0.09395
4849.5,0.09334
4854.1,0.09264
4858.6,0.09193
4863.2,0.09114
4867.7,0.09034
4872.3,0.08947
4876.9,0.08864
4881.5,0.08782
4886.1,0.08703
4890.7,0.08627
4895.3,0.08556
4899.9,0.08489
4904.6,0.08425
4909.2,0.08365
4913.9,0.08313
4918.5,0.08269
4923.2,0.08234
4927.9,0.08202
4932.6,0.08178
4937.3,0.08155
4942.0,0.08142
4946.7,0.08132
4951.4,0.08126
4956.2,0.08121
4960.9,0.08115
4965.6,0.08103
4970.4,0.08091
4975.2,0.08073
4980.0,0.08055
4984.7,0.08034
4989.5,0.08014
4994.3,0.07988
4999.2,0.07957
5004.0,0.07924
5008.8,0.07892
5013.7,0.07855
5018.5,0.07822
5023.4,0.07789
5028.3,0.07752
5033.1,0.07719
5038.0,0.07693
5042.9,0.07667
5047.8,0.07644
5052.8,0.07623
5057.7,0.07606
5062.6,0.07587
5067.6,0.07568
5072.5,0.07547
5077.5,0.07526
5082.5,0.07506
5087.5,0.07484
5092.5,0.07448
5097.5,0.07406
5102.5,0.07367
5107.5,0.07328
5112.6,0.07269
5117.6,0.07207
5122.7,0.07134
5127.7,0.07051
5132.8,0.06963
5137.9,0.06869
5143.0,0.06766
5148.1,0.06668
5153.2,0.06564
5158.3,0.06452
5163.5,0.06362
5168.6,0.0629
5173.8,0.06233
5179.0,0.06191
5184.1,0.06158
5189.3,0.0613
5194.5,0.06097
5199.7,0.06063
5205.0,0.06016
5210.2,0.05948
5215.4,0.05881
5220.7,0.05788
5225.9,0.05678
5231.2,0.05582
5236.5,0.05488
5241.8,0.054
5247.1,0.05312
5252.4,0.05234
5257.7,0.05166
5263.1,0.05105
5268.4,0.05048
5273.8,0.04993
5279.2,0.04939
5284.5,0.04878
5289.9,0.04816
5295.3,0.0476
5300.8,0.04686
5306.2,0.04613
5311.6,0.04547
5317.1,0.04484
5322.5,0.04422
5328.0,0.04364
5333.5,0.04308
5339.0,0.0425
5344.5,0.04194
5350.0,0.04151
5355.5,0.04106
5361.0,0.04043
5366.6,0.03992
5372.2,0.03959
5377.7,0.0394
5383.3,0.03937
5388.9,0.03948
5394.5,0.03964
5400.1,0.03987
5405.8,0.0401
5411.4,0.04035
5417.1,0.04053
5422.7,0.04081
5428.4,0.04091
5434.1,0.0406
5439.8,0.04045
5445.5,0.04029
5451.2,0.03999
5457.0,0.03962
5462.7,0.0393
5468.5,0.03896
5474.3,0.03832
5480.1,0.03773
5485.9,0.03713
5491.7,0.0364
5497.5,0.03579
5503.3,0.03524
5509.2,0.03473
5515.0,0.03425
5520.9,0.03385
5526.8,0.03348
5532.7,0.03312
5538.6,0.0328
5544.5,0.03251
5550.5,0.03229
5556.4,0.03211
5562.4,0.03183
5568.4,0.03152
5574.3,0.0313
5580.3,0.03123
5586.4,0.03103
5592.4,0.03065
5598.4,0.0304
5604.5,0.03025
5610.5,0.03006
5616.6,0.02989
5622.7,0.02982
5628.8,0.02968
5634.9,0.02962
5641.1,0.02973
5647.2,0.02986
5653.4,0.02967
5659.5,0.02959
5665.7,0.02947
5671.9,0.02945
5678.1,0.02963
5684.4,0.02967
5690.6,0.0297
5696.9,0.02995
5703.1,0.03013
5709.4,0.03047
5715.7,0.0309
5722.0,0.03115
5728.3,0.03138
5734.7,0.03165
5741.0,0.03199
5747.4,0.03234
5753.8,0.03271
5760.1,0.0329
5766.6,0.03354
5773.0,0.03411
5779.4,0.03404
5785.9,0.03434
5792.3,0.03472
5798.8,0.03517
5805.3,0.03571
5811.8,0.03624
5818.3,0.03694
5824.9,0.03794
5831.4,0.03846
5838.0,0.03871
5844.6,0.03905
5851.2,0.0395
5857.8,0.04001
5864.4,0.04056
5871.0,0.04096
5877.7,0.04121
5884.4,0.04204
5891.1,0.04181
5897.8,0.04159
5904.5,0.04141
5911.2,0.04067
5918.0,0.04038
5924.7,0.04009
5931.5,0.03975
5938.3,0.03981
5945.1,0.03931
5951.9,0.03811
5958.8,0.03732
5965.6,0.03666
5972.5,0.03626
5979.4,0.03537
5986.3,0.03461
5993.2,0.03416
6000.2,0.03333
6007.1,0.03247
6014.1,0.03204
6021.1,0.03166
6028.1,0.03106
6035.1,0.03063
6042.1,0.03045
6049.2,0.03085
6056.2,0.03091
6063.3,0.02997
6070.4,0.02988
6077.5,0.03011
6084.7,0.02991
6091.8,0.02972
6099.0,0.02983
6106.2,0.03002
6113.4,0.03049
6120.6,0.03097
6127.8,0.03099
6135.1,0.03127
6142.3,0.03198
6149.6,0.03284
6156.9,0.03374
6164.3,0.03484
6171.6,0.03577
6178.9,0.03664
6186.3,0.03792
6193.7,0.03901
6201.1,0.03949
6208.5,0.04018
6216.0,0.04096
6223.5,0.04169
6230.9,0.04231
6238.4,0.04291
6245.9,0.0435
6253.5,0.04399
6261.0,0.04441
6268.6,0.04483
6276.2,0.04517
6283.8,0.04541
6291.4,0.04561
6299.1,0.04581
6306.7,0.04595
6314.4,0.04603
6322.1,0.04606
6329.8,0.04611
6337.6,0.04617
6345.3,0.04661
6353.1,0.04669
6360.9,0.04616
6368.7,0.04623
6376.5,0.04651
6384.4,0.04624
6392.3,0.04606
6400.2,0.04606
6408.1,0.04629
6416.0,0.04732
6424.0,0.04744
6431.9,0.04653
6439.9,0.04634
6447.9,0.0461
6456.0,0.04607
6464.0,0.04599
6472.1,0.04604
6480.2,0.04633
6488.3,0.04662
6496.4,0.04706
6504.6,0.04669
6512.7,0.04581
6520.9,0.04581
6529.1,0.04596
6537.4,0.04559
6545.6,0.0455
6553.9,0.04564
6562.2,0.04572
6570.5,0.04585
6578.9,0.04624
6587.2,0.04593
6595.6,0.04586
6604.0,0.04582
6612.4,0.04566
6620.9,0.04576
6629.3,0.04599
6637.8,0.04672
6646.3,0.047
6654.9,0.04616
6663.4,0.0458
6672.0,0.04593
6680.6,0.04608
6689.2,0.04607
6697.8,0.04557
6706.5,0.04531
6715.2,0.04533
6723.9,0.04503
6732.6,0.04446
6741.4,0.04386
6750.2,0.04333
6759.0,0.04285
6767.8,0.04231
6776.6,0.04194
6785.5,0.04153
6794.4,0.04121
6803.3,0.04042
6812.3,0.03948
6821.2,0.03894
6830.2,0.03866
6839.2,0.03809
6848.3,0.03746
6857.3,0.03726
6866.4,0.03736
6875.5,0.03671
6884.6,0.03576
6893.8,0.0353
6903.0,0.0349
6912.2,0.03457
6921.4,0.0341
6930.7,0.03364
6939.9,0.03325
6949.2,0.03282
6958.6,0.03257
6967.9,0.03236
6977.3,0.03162
6986.7,0.03105
6996.1,0.03065
7005.6,0.03016
7015.1,0.02963
7024.6,0.02923
7034.1,0.02882
7043.7,0.02851
7053.2,0.02829
7062.9,0.02769
7072.5,0.02715
7082.2,0.02671
7091.8,0.02634
7101.6,0.02593
7111.3,0.02554
7121.1,0.02521
7130.9,0.02485
7140.7,0.02445
7150.5,0.02418
7160.4,0.02385
7170.3,0.02355
7180.2,0.02322
7190.2,0.02276
7200.2,0.02242
7210.2,0.02219
7220.2,0.02189
7230.3,0.02154
7240.4,0.02122
7250.5,0.02094
7260.7,0.02069
7270.9,0.02048
7281.1,0.0203
7291.3,0.02009
7301.6,0.01985
7311.9,0.01966
7322.2,0.01944
7332.6,0.01928
7343.0,0.01917
7353.4,0.019
7363.8,0.01875
7374.3,0.01856
7384.8,0.01837
7395.3,0.01818
7405.9,0.01794
7416.5,0.01771
7427.1,0.01743
7437.8,0.0172
7448.5,0.01698
7459.2,0.01676
7469.9,0.01654
7480.7,0.01633
7491.5,0.0161
7502.4,0.0159
7513.2,0.01572
7524.1,0.0156
7535.1,0.0155
7546.0,0.0154
7557.0,0.01528
7568.1,0.01518
7579.1,0.01511
7590.2,0.01508
7601.4,0.01502
7612.5,0.01495
7623.7,0.01488
7635.0,0.01478
7646.2,0.01468
7657.5,0.01458
7668.8,0.01443
7680.2,0.01428
7691.6,0.01411
7703.0,0.01392
7714.5,0.01364
7726.0,0.0134
7737.5,0.01319
7749.1,0.01299
7760.7,0.01279
7772.3,0.01255
7784.0,0.01229
7795.7,0.01204
7807.4,0.01177
7819.2,0.0115
7831.0,0.01123
7842.9,0.01099
7854.8,0.01073
7866.7,0.01047
7878.6,0.0102
7890.6,0.01
7902.6,0.00978
7914.7,0.00954
7926.8,0.00928
7939.0,0.0091
7951.1,0.00892
7963.3,0.00872
7975.6,0.00851
7987.9,0.00836
8000.2,0.00822
8012.6,0.0081
8025.0,0.00797
8037.4,0.00789
8049.9,0.00785
8062.4,0.00782
8075.0,0.00782
8087.6,0.00787
8100.2,0.00794
8112.9,0.00808
8125.6,0.00826
8138.4,0.00852
8151.2,0.00886
8164.0,0.00927
8176.9,0.00975
8189.8,0.01031
8202.7,0.01098
8215.7,0.01176
8228.8,0.0126
8241.9,0.01361
8255.0,0.0147
8268.2,0.01589
8281.4,0.0172
8294.6,0.01869
8307.9,0.02025
8321.2,0.02192
8334.6,0.0237
8348.0,0.0256
8361.5,0.02762
8375.0,0.02975
8388.6,0.03197
8402.2,0.03429
8415.8,0.03678
8429.5,0.03939
8443.2,0.04209
8457.0,0.04484
8470.8,0.04754
8484.7,0.05006
8498.6,0.0523
8512.5,0.05407
8526.5,0.05529
8540.6,0.05601
8554.7,0.0564
8568.8,0.05647
8583.0,0.05626
8597.2,0.05587
8611.5,0.0553
8625.8,0.05451
8640.2,0.05361
8654.6,0.05252
8669.1,0.05119
8683.6,0.04973
8698.2,0.04866
8712.8,0.0484
8727.5,0.04915
8742.2,0.05066
8757.0,0.05239
8771.8,0.05393
8786.7,0.05523
8801.6,0.05623
8816.6,0.05699
8831.6,0.05756
8846.6,0.05803
8861.8,0.05841
8876.9,0.05877
8892.2,0.05906
8907.4,0.05932
8922.8,0.05956
8938.2,0.05975
8953.6,0.05988
8969.1,0.06007
8984.6,0.06028
9000.2,0.06056
9015.9,0.0609
9031.6,0.06131
9047.4,0.06177
9063.2,0.06232
9079.0,0.06288
9095.0,0.06351
9111.0,0.06419
9127.0,0.06494
9143.1,0.06574
9159.3,0.06665
9175.5,0.06764
9191.7,0.06865
9208.1,0.06954
9224.4,0.07025
9240.9,0.07048
9257.4,0.07019
9273.9,0.0693
9290.6,0.06815
9307.2,0.06714
9324.0,0.06661
9340.8,0.06646
9357.6,0.06653
9374.6,0.06662
9391.5,0.06685
9408.6,0.06746
9425.7,0.06869
9442.9,0.07035
9460.1,0.07212
9477.4,0.07366
9494.8,0.07481
9512.2,0.07554
9529.7,0.07585
9547.2,0.07563
9564.8,0.07509
9582.5,0.07418
9600.3,0.07303
9618.1,0.07168
9635.9,0.0702
9653.9,0.06864
9671.9,0.06708
9690.0,0.06549
9708.1,0.06384
9726.3,0.0622
9744.6,0.0606
9763.0,0.05901
9781.4,0.05744
9799.9,0.05591
9818.4,0.05451
9837.1,0.05319
9855.8,0.05194
9874.5,0.05082
9893.4,0.04991
9912.3,0.04921
9931.3,0.04889
9950.4,0.04899
9969.5,0.04946
9988.7,0.05021
10008.0,0.05104
10027.3,0.05176
10046.8,0.05221
10066.3,0.05249
10085.9,0.05281
10105.5,0.05329
10125.3,0.054
10145.1,0.05491
10165.0,0.05587
10184.9,0.05667
10205.0,0.05731
10225.1,0.05773
10245.3,0.05796
10265.6,0.05796
10286.0,0.05776
10306.4,0.05732
10327.0,0.05669
10347.6,0.05586
10368.3,0.05489
10389.0,0.05382
10409.9,0.05269
10430.9,0.05148
10451.9,0.05031
10473.0,0.04916
10494.2,0.04804
10515.5,0.04697
10536.9,0.04595
10558.3,0.04494
10579.9,0.04393
10601.5,0.04293
10623.2,0.04194
10645.0,0.041
10666.9,0.04011
10688.9,0.03926
10711.0,0.03843
10733.2,0.03759
10755.5,0.03678
10777.8,0.03599
10800.3,0.03523
10822.8,0.03443
10845.5,0.03366
10868.2,0.03294
10891.0,0.03226
10914.0,0.03163
10937.0,0.03103
10960.1,0.03051
10983.3,0.03008
11006.7,0.02967
11030.1,0.0293
11053.6,0.029
11077.2,0.02865
11100.9,0.02823
11124.8,0.02775
11148.7,0.02729
11172.7,0.02689
11196.8,0.02641
11221.1,0.02594
11245.4,0.02546
11269.9,0.02511
11294.4,0.02487
11319.1,0.02472
11343.8,0.02469
11368.7,0.02475
11393.7,0.0248
11418.8,0.0249
11444.0,0.02498
11469.3,0.0249
11494.8,0.0247
11520.3,0.02445
11546.0,0.02414
11571.7,0.02384
11597.6,0.02356
11623.6,0.02326
11649.7,0.02291
11676.0,0.0226
11702.3,0.02235
11728.8,0.02205
11755.4,0.02172
11782.1,0.02143
11809.0,0.02121
11835.9,0.02098
11863.0,0.0207
11890.2,0.02043
11917.6,0.0202
11945.0,0.01992
11972.6,0.0196
12000.3,0.01931
12028.2,0.01907
12056.1,0.01881
12084.2,0.01854
12112.5,0.01828
12140.8,0.01792
12169.3,0.01757
12198.0,0.01729
12226.7,0.01694
12255.6,0.01661
12284.7,0.01625
12313.9,0.01585
12343.2,0.01536
12372.6,0.01492
12402.2,0.01455
12432.0,0.01422
12461.9,0.01403
12491.9,0.0142
12522.1,0.01492
12552.4,0.01642
12582.9,0.01858
12613.5,0.02094
12644.2,0.0229
12675.1,0.02413
12706.2,0.02448
12737.4,0.02409
12768.8,0.02328
12800.3,0.02227
12832.0,0.02133
12863.9,0.0205
12895.9,0.01978
12928.0,0.01921
12960.3,0.01873
12992.8,0.01828
13025.5,0.01784
13058.3,0.01752
13091.3,0.01715
13124.4,0.01673
13157.7,0.01645
13191.2,0.01621
13224.8,0.01597
13258.7,0.01585
13292.7,0.01569
13326.8,0.01542
13361.2,0.01509
13395.7,0.01483
13430.4,0.01453
13465.3,0.0142
13500.4,0.01389
13535.6,0.01355
13571.0,0.01321
13606.7,0.01289
13642.5,0.01248
13678.5,0.01214
13714.6,0.0119
13751.0,0.01173
13787.6,0.01166
13824.4,0.01168
13861.3,0.01154
13898.5,0.01139
13935.8,0.0112
13973.4,0.01098
14011.2,0.01078
14049.1,0.01062
14087.3,0.0106
14125.7,0.01081
14164.3,0.01118
14203.1,0.01166
14242.1,0.01215
14281.4,0.01269
14320.8,0.01324
14360.5,0.01364
14400.4,0.0138
14440.5,0.01383
14480.8,0.01369
14521.4,0.0134
14562.2,0.01305
14603.2,0.0127
14644.4,0.01239
14685.9,0.01212
14727.7,0.01174
14769.6,0.01148
14811.8,0.01158
14854.3,0.01202
14896.9,0.01256
14939.9,0.01309
14983.0,0.01363
15026.5,0.01368
15070.2,0.01314
15114.1,0.01276
15158.3,0.01243
15202.7,0.01211
15247.5,0.01174
15292.4,0.01141
15337.7,0.01106
15383.2,0.01075
15429.0,0.01051
15475.0,0.01026
15521.4,0.01009
15568.0,0.01017
15614.9,0.01024
15662.0,0.01028
15709.5,0.01024
15757.2,0.01013
15805.3,0.00986
15853.6,0.00951
15902.3,0.00912
15951.2,0.00872
16000.4,0.00841
16050.0,0.00815
16099.8,0.00793
16150.0,0.00786
16200.4,0.0079
16251.2,0.00807
16302.3,0.00834
16353.7,0.00899
16405.5,0.00992
16457.6,0.01116
16510.0,0.01275
16562.7,0.01472
16615.8,0.01701
16669.2,0.01957
16723.0,0.0223
16777.1,0.025
16831.6,0.02766
16886.4,0.03018
16941.6,0.03242
16997.2,0.03461
17053.1,0.03662
17109.4,0.03844
17166.0,0.04016
17223.0,0.04166
17280.5,0.04289
17338.2,0.04392
17396.4,0.04488
17455.0,0.04581
17514.0,0.04664
17573.3,0.04756
17633.1,0.04854
17693.3,0.04958
17753.9,0.05079
17814.9,0.0522
17876.3,0.0535
17938.2,0.05442
18000.5,0.05494
18063.2,0.0553
18126.3,0.05528
18189.9,0.05492
18254.0,0.05436
18318.5,0.05365
18383.5,0.05325
18448.9,0.05326
18514.8,0.05361
18581.1,0.05468
18648.0,0.05638
18715.3,0.05885
18783.1,0.06188
18851.4,0.06467
18920.2,0.06727
18989.5,0.06958
19059.3,0.07147
19129.7,0.07264
19200.5,0.07321
19271.9,0.07347
19343.8,0.07341
19416.2,0.07287
19489.2,0.07183
19562.8,0.07056
19636.9,0.06951
19711.5,0.0685
19786.8,0.06775
19862.6,0.06783
19939.0,0.06866
20016.0,0.06982
20093.5,0.07087
20171.7,0.07171
20250.5,0.0726
20329.9,0.07341
20410.0,0.07389
20490.7,0.07381
20572.0,0.07353
20653.9,0.07316
20736.5,0.07269
20819.8,0.0719
20903.8,0.07101
20988.4,0.0701
21073.7,0.06916
21159.7,0.06829
21246.5,0.06762
21333.9,0.0668
21422.0,0.06613
21510.9,0.06529
21600.6,0.06418
21690.9,0.06295
21782.1,0.0617
21874.0,0.06041
21966.7,0.05874
22060.1,0.05698
22154.4,0.05541
22249.5,0.05474
22345.4,0.05471
22442.1,0.05512
22539.7,0.05615
22638.1,0.05711
22737.4,0.05814
22837.6,0.05939
22938.7,0.06013
23040.6,0.06012
23143.5,0.05963
23247.2,0.05884
23352.0,0.05771
23457.6,0.0565
23564.3,0.05486
23671.8,0.05323
23780.4,0.0515
23890.0,0.04997
24000.6,0.04832
24112.3,0.04618
24224.9,0.04507
24338.7,0.04453
24453.5,0.04388
24569.4,0.04325
24686.4,0.04265
24804.5,0.0423
24923.7,0.04244
25044.1,0.04251
25165.7,0.04276
25288.5,0.04213
25412.4,0.04105
25537.6,0.03966
25664.0,0.03758
25791.7,0.03604
25920.7,0.03476
