Composition,
Date Added,2002-03-06
Formula,
Grain Size Description,<0.0um
Grain Size,Unknown
Locality,
Minimum Wavelength,1800
Sample Name,Resin or epoxy part of Kapoeta P11411
Maximum Wavelength,25921
Database of Origin,RELAB
Other Information,Epoxy
References,
Resolution,9.0
Material class,Synthetic
Sample Description,For ion shaving & TEM search for space weathering products
Sample ID,MRSN11
Original Sample ID,SN-CMP-011-R
Viewing Geometry,Unknown
Wavelength,Response
1800.0,0.87045
1800.7,0.8693
1801.3,0.86266
1801.9,0.86288
1802.6,0.86489
1803.2,0.87816
1803.8,0.88385
1804.4,0.87975
1805.1,0.87644
1805.7,0.88004
1806.3,0.8783
1806.9,0.86959
1807.6,0.86218
1808.2,0.85344
1808.8,0.86106
1809.5,0.86874
1810.1,0.86932
1810.7,0.87737
1811.4,0.86899
1812.0,0.86261
1812.6,0.86802
1813.3,0.86507
1813.9,0.86474
1814.5,0.86738
1815.2,0.86872
1815.8,0.86467
1816.4,0.86849
1817.1,0.87378
1817.7,0.8717
1818.4,0.86955
1819.0,0.86227
1819.6,0.86072
1820.3,0.86672
1820.9,0.87244
1821.6,0.86579
1822.2,0.85831
1822.8,0.86409
1823.5,0.8613
1824.1,0.85968
1824.8,0.87025
1825.4,0.86612
1826.0,0.85838
1826.7,0.85789
1827.3,0.85797
1828.0,0.86061
1828.6,0.86221
1829.3,0.86176
1829.9,0.85936
1830.6,0.86262
1831.2,0.85927
1831.8,0.85533
1832.5,0.86766
1833.1,0.86988
1833.8,0.86819
1834.4,0.8712
1835.1,0.85989
1835.7,0.85378
1836.4,0.85606
1837.0,0.85645
1837.7,0.85792
1838.3,0.86301
1839.0,0.87564
1839.7,0.87774
1840.3,0.86239
1841.0,0.85856
1841.6,0.86745
1842.3,0.86428
1842.9,0.85332
1843.6,0.85025
1844.2,0.85638
1844.9,0.85538
1845.5,0.84986
1846.2,0.85551
1846.9,0.86541
1847.5,0.86634
1848.2,0.85853
1848.8,0.85652
1849.5,0.86141
1850.2,0.85797
1850.8,0.85295
1851.5,0.85831
1852.1,0.86112
1852.8,0.86201
1853.5,0.86239
1854.1,0.86481
1854.8,0.86498
1855.5,0.86427
1856.1,0.86967
1856.8,0.87114
1857.4,0.85864
1858.1,0.85301
1858.8,0.8604
1859.4,0.85961
1860.1,0.85362
1860.8,0.85527
1861.4,0.85462
1862.1,0.85653
1862.8,0.85753
1863.5,0.8535
1864.1,0.84934
1864.8,0.84882
1865.5,0.85797
1866.1,0.8606
1866.8,0.86222
1867.5,0.86467
1868.2,0.85968
1868.8,0.85477
1869.5,0.85057
1870.2,0.84986
1870.9,0.85594
1871.5,0.85589
1872.2,0.85593
1872.9,0.85756
1873.6,0.85933
1874.2,0.85942
1874.9,0.85581
1875.6,0.86065
1876.3,0.86665
1876.9,0.8597
1877.6,0.85352
1878.3,0.85804
1879.0,0.8584
1879.7,0.85191
1880.4,0.85092
1881.0,0.85342
1881.7,0.85903
1882.4,0.85544
1883.1,0.85268
1883.8,0.85547
1884.5,0.8597
1885.1,0.86132
1885.8,0.85797
1886.5,0.85415
1887.2,0.85181
1887.9,0.85417
1888.6,0.85793
1889.3,0.8611
1890.0,0.85551
1890.6,0.85208
1891.3,0.85405
1892.0,0.8591
1892.7,0.85905
1893.4,0.85336
1894.1,0.85379
1894.8,0.85537
1895.5,0.86019
1896.2,0.8557
1896.9,0.85071
1897.6,0.85144
1898.3,0.85023
1899.0,0.85041
1899.6,0.85383
1900.3,0.85441
1901.0,0.8499
1901.7,0.84735
1902.4,0.84727
1903.1,0.85079
1903.8,0.85394
1904.5,0.84804
1905.2,0.84557
1905.9,0.84698
1906.6,0.84774
1907.3,0.85038
1908.0,0.84965
1908.7,0.84693
1909.4,0.84386
1910.1,0.84399
1910.8,0.84418
1911.6,0.84752
1912.3,0.84872
1913.0,0.84791
1913.7,0.84385
1914.4,0.84303
1915.1,0.8492
1915.8,0.8516
1916.5,0.85161
1917.2,0.84653
1917.9,0.84694
1918.6,0.85375
1919.3,0.85309
1920.0,0.85152
1920.8,0.85189
1921.5,0.85354
1922.2,0.85282
1922.9,0.85153
1923.6,0.85897
1924.3,0.85942
1925.0,0.85122
1925.8,0.84842
1926.5,0.85521
1927.2,0.86022
1927.9,0.85744
1928.6,0.85172
1929.3,0.84863
1930.1,0.85371
1930.8,0.85368
1931.5,0.85231
1932.2,0.85635
1932.9,0.85725
1933.7,0.85702
1934.4,0.8583
1935.1,0.85091
1935.8,0.85183
1936.5,0.85316
1937.3,0.84822
1938.0,0.85018
1938.7,0.85198
1939.4,0.84871
1940.2,0.84986
1940.9,0.84533
1941.6,0.84586
1942.4,0.8571
1943.1,0.85756
1943.8,0.85095
1944.5,0.84945
1945.3,0.84932
1946.0,0.84877
1946.7,0.85194
1947.5,0.85417
1948.2,0.85109
1948.9,0.8504
1949.7,0.85025
1950.4,0.85103
1951.1,0.84897
1951.9,0.84239
1952.6,0.84365
1953.3,0.85512
1954.1,0.85976
1954.8,0.85109
1955.5,0.84943
1956.3,0.84979
1957.0,0.84944
1957.8,0.84931
1958.5,0.84292
1959.2,0.84179
1960.0,0.8437
1960.7,0.8483
1961.5,0.8529
1962.2,0.8543
1962.9,0.85472
1963.7,0.85033
1964.4,0.84807
1965.2,0.84279
1965.9,0.83946
1966.7,0.84676
1967.4,0.85146
1968.2,0.85149
1968.9,0.84871
1969.7,0.84905
1970.4,0.85445
1971.2,0.85586
1971.9,0.85063
1972.7,0.85073
1973.4,0.85316
1974.2,0.85346
1974.9,0.85756
1975.7,0.86316
1976.4,0.85676
1977.2,0.8511
1977.9,0.85159
1978.7,0.84542
1979.4,0.84608
1980.2,0.84804
1980.9,0.84426
1981.7,0.84507
1982.5,0.85012
1983.2,0.84808
1984.0,0.84927
1984.7,0.85035
1985.5,0.84775
1986.3,0.85293
1987.0,0.85454
1987.8,0.85007
1988.5,0.8489
1989.3,0.84638
1990.1,0.84138
1990.8,0.84306
1991.6,0.85192
1992.4,0.85329
1993.1,0.85097
1993.9,0.85159
1994.7,0.85412
1995.4,0.85262
1996.2,0.84867
1997.0,0.84603
1997.7,0.85032
1998.5,0.85114
1999.3,0.84693
2000.1,0.85255
2000.8,0.8519
2001.6,0.84751
2002.4,0.8489
2003.1,0.84952
2003.9,0.84517
2004.7,0.83849
2005.5,0.84086
2006.2,0.84936
2007.0,0.85143
2007.8,0.84995
2008.6,0.84838
2009.4,0.84953
2010.1,0.85192
2010.9,0.84595
2011.7,0.84501
2012.5,0.84876
2013.3,0.84604
2014.0,0.84158
2014.8,0.8427
2015.6,0.8446
2016.4,0.84207
2017.2,0.84344
2018.0,0.84671
2018.7,0.84765
2019.5,0.84891
2020.3,0.85075
2021.1,0.85068
2021.9,0.85228
2022.7,0.85298
2023.5,0.85037
2024.3,0.84858
2025.1,0.8471
2025.8,0.84891
2026.6,0.84991
2027.4,0.84779
2028.2,0.84701
2029.0,0.84689
2029.8,0.84652
2030.6,0.84384
2031.4,0.84233
2032.2,0.84382
2033.0,0.84367
2033.8,0.8443
2034.6,0.84579
2035.4,0.84513
2036.2,0.84253
2037.0,0.84699
2037.8,0.85323
2038.6,0.85129
2039.4,0.84408
2040.2,0.84228
2041.0,0.84403
2041.8,0.84619
2042.6,0.84919
2043.4,0.84702
2044.2,0.84481
2045.0,0.84839
2045.8,0.8512
2046.6,0.84734
2047.4,0.84768
2048.3,0.85149
2049.1,0.85138
2049.9,0.85038
2050.7,0.85008
2051.5,0.84731
2052.3,0.84791
2053.1,0.84958
2053.9,0.84973
2054.8,0.8524
2055.6,0.85297
2056.4,0.85102
2057.2,0.85236
2058.0,0.85351
2058.8,0.84989
2059.6,0.84881
2060.5,0.84732
2061.3,0.84617
2062.1,0.84685
2062.9,0.85024
2063.7,0.85412
2064.6,0.85453
2065.4,0.85473
2066.2,0.85751
2067.0,0.85707
2067.9,0.85625
2068.7,0.85228
2069.5,0.84994
2070.3,0.85039
2071.2,0.85061
2072.0,0.85466
2072.8,0.85316
2073.7,0.84835
2074.5,0.84902
2075.3,0.85189
2076.1,0.85283
2077.0,0.85036
2077.8,0.84927
2078.6,0.85361
2079.5,0.8547
2080.3,0.84831
2081.1,0.84822
2082.0,0.84996
2082.8,0.85036
2083.7,0.85002
2084.5,0.84881
2085.3,0.85143
2086.2,0.85119
2087.0,0.85143
2087.9,0.85596
2088.7,0.85228
2089.5,0.84963
2090.4,0.84972
2091.2,0.84698
2092.1,0.84529
2092.9,0.84167
2093.8,0.84519
2094.6,0.85156
2095.4,0.84861
2096.3,0.84794
2097.1,0.84736
2098.0,0.84674
2098.8,0.85219
2099.7,0.8526
2100.5,0.84907
2101.4,0.84633
2102.2,0.84324
2103.1,0.84278
2104.0,0.84515
2104.8,0.84967
2105.7,0.84869
2106.5,0.84945
2107.4,0.85496
2108.2,0.85561
2109.1,0.85629
2109.9,0.85247
2110.8,0.85023
2111.7,0.84782
2112.5,0.84862
2113.4,0.8498
2114.2,0.84946
2115.1,0.85455
2116.0,0.85415
2116.8,0.84968
2117.7,0.85067
2118.6,0.84929
2119.4,0.84984
2120.3,0.85081
2121.2,0.84893
2122.0,0.85075
2122.9,0.85576
2123.8,0.85722
2124.6,0.85393
2125.5,0.85359
2126.4,0.85374
2127.3,0.85224
2128.1,0.85239
2129.0,0.85318
2129.9,0.85139
2130.8,0.84975
2131.6,0.85127
2132.5,0.85046
2133.4,0.85239
2134.3,0.85397
2135.1,0.85281
2136.0,0.85537
2136.9,0.85347
2137.8,0.85303
2138.7,0.85781
2139.6,0.85863
2140.4,0.85461
2141.3,0.85306
2142.2,0.85553
2143.1,0.85929
2144.0,0.85563
2144.9,0.85363
2145.8,0.85468
2146.6,0.85489
2147.5,0.85513
2148.4,0.85321
2149.3,0.85331
2150.2,0.85905
2151.1,0.86258
2152.0,0.86025
2152.9,0.85729
2153.8,0.85935
2154.7,0.8595
2155.6,0.85889
2156.5,0.86442
2157.4,0.86701
2158.3,0.86059
2159.2,0.85503
2160.1,0.85541
2161.0,0.85973
2161.9,0.86256
2162.8,0.86041
2163.7,0.85954
2164.6,0.86072
2165.5,0.8614
2166.4,0.86168
2167.3,0.8587
2168.2,0.8576
2169.1,0.86168
2170.0,0.86341
2170.9,0.85977
2171.8,0.85768
2172.7,0.8586
2173.6,0.85781
2174.6,0.8562
2175.5,0.85933
2176.4,0.86234
2177.3,0.86077
2178.2,0.85787
2179.1,0.85628
2180.0,0.85835
2181.0,0.85702
2181.9,0.85459
2182.8,0.85515
2183.7,0.85904
2184.6,0.86139
2185.6,0.86202
2186.5,0.85965
2187.4,0.85608
2188.3,0.85779
2189.2,0.85978
2190.2,0.86183
2191.1,0.85615
2192.0,0.85093
2193.0,0.85505
2193.9,0.8595
2194.8,0.86113
2195.7,0.85531
2196.7,0.85241
2197.6,0.85709
2198.5,0.85802
2199.5,0.85653
2200.4,0.85496
2201.3,0.85679
2202.3,0.85742
2203.2,0.85768
2204.1,0.85618
2205.1,0.8523
2206.0,0.8529
2207.0,0.85829
2207.9,0.86265
2208.8,0.86094
2209.8,0.86066
2210.7,0.85561
2211.7,0.85419
2212.6,0.85567
2213.6,0.85726
2214.5,0.85787
2215.4,0.85499
2216.4,0.85569
2217.3,0.85348
2218.3,0.85599
2219.2,0.85708
2220.2,0.85082
2221.1,0.85448
2222.1,0.85887
2223.0,0.85819
2224.0,0.85562
2225.0,0.85632
2225.9,0.85722
2226.9,0.85517
2227.8,0.85557
2228.8,0.85383
2229.7,0.85036
2230.7,0.85119
2231.7,0.85686
2232.6,0.85354
2233.6,0.84984
2234.5,0.85089
2235.5,0.84773
2236.5,0.84868
2237.4,0.85175
2238.4,0.8484
2239.4,0.84564
2240.3,0.84735
2241.3,0.84694
2242.3,0.84597
2243.2,0.84366
2244.2,0.83971
2245.2,0.83833
2246.2,0.83807
2247.1,0.8378
2248.1,0.83324
2249.1,0.83109
2250.1,0.82982
2251.0,0.83075
2252.0,0.8315
2253.0,0.83059
2254.0,0.82776
2255.0,0.82772
2255.9,0.83274
2256.9,0.8296
2257.9,0.82793
2258.9,0.83018
2259.9,0.8314
2260.9,0.83352
2261.8,0.83326
2262.8,0.83473
2263.8,0.83426
2264.8,0.8336
2265.8,0.83947
2266.8,0.8412
2267.8,0.83908
2268.8,0.84424
2269.8,0.84895
2270.8,0.84669
2271.8,0.8448
2272.7,0.84229
2273.7,0.8411
2274.7,0.84145
2275.7,0.84307
2276.7,0.84126
2277.7,0.84096
2278.7,0.84554
2279.7,0.8446
2280.7,0.84322
2281.7,0.84229
2282.8,0.84363
2283.8,0.84615
2284.8,0.84838
2285.8,0.84927
2286.8,0.84615
2287.8,0.84393
2288.8,0.84297
2289.8,0.84364
2290.8,0.84445
2291.8,0.8461
2292.9,0.84641
2293.9,0.84521
2294.9,0.8453
2295.9,0.84444
2296.9,0.84353
2297.9,0.84428
2299.0,0.8422
2300.0,0.83803
2301.0,0.84047
2302.0,0.84399
2303.0,0.84217
2304.1,0.84125
2305.1,0.84488
2306.1,0.84635
2307.1,0.84637
2308.2,0.84548
2309.2,0.84588
2310.2,0.84939
2311.3,0.85253
2312.3,0.85564
2313.3,0.85846
2314.3,0.85898
2315.4,0.85663
2316.4,0.85744
2317.4,0.85963
2318.5,0.86058
2319.5,0.85968
2320.6,0.85729
2321.6,0.85943
2322.6,0.86533
2323.7,0.86482
2324.7,0.8598
2325.8,0.85769
2326.8,0.85926
2327.9,0.8603
2328.9,0.86056
2329.9,0.86304
2331.0,0.86246
2332.0,0.85974
2333.1,0.8585
2334.1,0.86086
2335.2,0.86238
2336.2,0.86089
2337.3,0.8599
2338.4,0.86189
2339.4,0.86537
2340.5,0.86351
2341.5,0.86002
2342.6,0.85708
2343.6,0.8584
2344.7,0.8618
2345.8,0.86148
2346.8,0.863
2347.9,0.86542
2349.0,0.86527
2350.0,0.86477
2351.1,0.86633
2352.1,0.86873
2353.2,0.86974
2354.3,0.86956
2355.4,0.87025
2356.4,0.86915
2357.5,0.86724
2358.6,0.86972
2359.6,0.87023
2360.7,0.87119
2361.8,0.87265
2362.9,0.87257
2363.9,0.87442
2365.0,0.87422
2366.1,0.87511
2367.2,0.87591
2368.3,0.87496
2369.3,0.87371
2370.4,0.87293
2371.5,0.87346
2372.6,0.87562
2373.7,0.87752
2374.8,0.87854
2375.9,0.88112
2377.0,0.87993
2378.0,0.87975
2379.1,0.87913
2380.2,0.87951
2381.3,0.8809
2382.4,0.88014
2383.5,0.8808
2384.6,0.87944
2385.7,0.87868
2386.8,0.87779
2387.9,0.87551
2389.0,0.87498
2390.1,0.87775
2391.2,0.87938
2392.3,0.87747
2393.4,0.87515
2394.5,0.87665
2395.6,0.87905
2396.7,0.87967
2397.8,0.87738
2399.0,0.87326
2400.1,0.87409
2401.2,0.87712
2402.3,0.87733
2403.4,0.87476
2404.5,0.87311
2405.6,0.87319
2406.7,0.87451
2407.9,0.87759
2409.0,0.8784
2410.1,0.87897
2411.2,0.87789
2412.3,0.87612
2413.5,0.87857
2414.6,0.87745
2415.7,0.8776
2416.8,0.87973
2418.0,0.87837
2419.1,0.8781
2420.2,0.87928
2421.4,0.87845
2422.5,0.87761
2423.6,0.87767
2424.8,0.8784
2425.9,0.87945
2427.0,0.87956
2428.2,0.87877
2429.3,0.87631
2430.4,0.87551
2431.6,0.87319
2432.7,0.87156
2433.9,0.87157
2435.0,0.87148
2436.2,0.87364
2437.3,0.87456
2438.4,0.87372
2439.6,0.87338
2440.7,0.87444
2441.9,0.87432
2443.0,0.87191
2444.2,0.8743
2445.3,0.87685
2446.5,0.87645
2447.7,0.87812
2448.8,0.87982
2450.0,0.87768
2451.1,0.87912
2452.3,0.88005
2453.4,0.88081
2454.6,0.88432
2455.8,0.88385
2456.9,0.882
2458.1,0.8827
2459.3,0.88339
2460.4,0.88175
2461.6,0.88377
2462.8,0.88402
2463.9,0.8796
2465.1,0.87949
2466.3,0.88391
2467.5,0.88399
2468.6,0.88272
2469.8,0.8839
2471.0,0.88515
2472.2,0.88559
2473.3,0.88334
2474.5,0.88427
2475.7,0.8885
2476.9,0.89011
2478.1,0.88558
2479.3,0.8819
2480.4,0.88362
2481.6,0.88789
2482.8,0.88978
2484.0,0.89032
2485.2,0.89008
2486.4,0.88834
2487.6,0.88979
2488.8,0.89014
2490.0,0.89014
2491.2,0.88972
2492.4,0.88957
2493.6,0.88982
2494.8,0.88921
2496.0,0.889
2497.2,0.89073
2498.4,0.89303
2499.6,0.89383
2500.8,0.89442
2502.0,0.89649
2503.2,0.8957
2504.4,0.8928
2505.6,0.891
2506.8,0.89181
2508.0,0.89351
2509.3,0.89357
2510.5,0.8913
2511.7,0.89169
2512.9,0.89549
2514.1,0.89324
2515.3,0.89085
2516.6,0.89473
2517.8,0.8969
2519.0,0.89509
2520.2,0.89509
2521.5,0.89715
2522.7,0.89663
2523.9,0.89318
2525.2,0.89362
2526.4,0.89726
2527.6,0.89635
2528.8,0.89553
2530.1,0.89593
2531.3,0.89592
2532.6,0.89477
2533.8,0.89392
2535.0,0.89367
2536.3,0.8934
2537.5,0.89631
2538.8,0.89833
2540.0,0.89863
2541.2,0.89938
2542.5,0.89795
2543.7,0.89671
2545.0,0.89777
2546.2,0.89902
2547.5,0.89943
2548.7,0.89966
2550.0,0.89685
2551.2,0.89308
2552.5,0.89386
2553.8,0.89392
2555.0,0.89414
2556.3,0.8946
2557.5,0.89417
2558.8,0.89555
2560.1,0.89594
2561.3,0.89415
2562.6,0.8935
2563.9,0.89514
2565.1,0.89514
2566.4,0.89389
2567.7,0.89265
2568.9,0.89261
2570.2,0.89317
2571.5,0.8931
2572.8,0.89401
2574.0,0.89278
2575.3,0.89115
2576.6,0.89214
2577.9,0.89211
2579.2,0.89282
2580.5,0.89358
2581.7,0.89082
2583.0,0.89333
2584.3,0.89466
2585.6,0.89055
2586.9,0.89413
2588.2,0.89402
2589.5,0.88918
2590.8,0.8894
2592.1,0.89365
2593.4,0.89666
2594.7,0.89585
2596.0,0.89232
2597.3,0.8923
2598.6,0.89623
2599.9,0.89766
2601.2,0.89505
2602.5,0.89322
2603.8,0.89457
2605.1,0.89521
2606.4,0.89198
2607.7,0.8915
2609.0,0.8941
2610.3,0.89557
2611.7,0.89606
2613.0,0.89639
2614.3,0.8963
2615.6,0.89713
2616.9,0.8974
2618.3,0.89538
2619.6,0.89658
2620.9,0.89679
2622.2,0.89462
2623.6,0.89619
2624.9,0.89769
2626.2,0.8998
2627.5,0.89625
2628.9,0.89782
2630.2,0.90168
2631.5,0.89661
2632.9,0.89729
2634.2,0.89975
2635.6,0.89794
2636.9,0.8967
2638.2,0.89857
2639.6,0.8987
2640.9,0.89684
2642.3,0.89512
2643.6,0.89466
2645.0,0.89736
2646.3,0.89681
2647.7,0.89612
2649.0,0.89726
2650.4,0.89621
2651.7,0.89593
2653.1,0.89539
2654.4,0.89727
2655.8,0.89863
2657.2,0.8953
2658.5,0.8968
2659.9,0.89798
2661.3,0.89631
2662.6,0.89627
2664.0,0.89821
2665.4,0.89675
2666.7,0.89544
2668.1,0.89293
2669.5,0.89516
2670.9,0.89522
2672.2,0.88845
2673.6,0.89364
2675.0,0.89574
2676.4,0.89171
2677.8,0.88772
2679.1,0.88927
2680.5,0.88947
2681.9,0.88801
2683.3,0.88853
2684.7,0.88804
2686.1,0.88916
2687.5,0.88764
2688.9,0.88482
2690.3,0.88388
2691.7,0.88384
2693.1,0.8835
2694.5,0.88013
2695.9,0.87896
2697.3,0.87851
2698.7,0.87801
2700.1,0.87667
2701.5,0.87295
2702.9,0.87125
2704.3,0.87079
2705.7,0.86766
2707.1,0.86269
2708.5,0.86069
2710.0,0.85806
2711.4,0.85138
2712.8,0.84426
2714.2,0.84284
2715.6,0.83931
2717.1,0.83471
2718.5,0.82904
2719.9,0.82421
2721.3,0.81537
2722.8,0.80762
2724.2,0.80258
2725.6,0.79296
2727.1,0.78776
2728.5,0.78103
2729.9,0.77342
2731.4,0.76821
2732.8,0.76196
2734.2,0.75543
2735.7,0.7475
2737.1,0.73879
2738.6,0.7324
2740.0,0.72418
2741.5,0.71492
2742.9,0.70733
2744.4,0.70152
2745.8,0.69535
2747.3,0.68776
2748.7,0.68066
2750.2,0.67362
2751.7,0.66776
2753.1,0.66153
2754.6,0.65644
2756.1,0.64967
2757.5,0.64018
2759.0,0.63408
2760.5,0.62919
2761.9,0.62548
2763.4,0.62018
2764.9,0.61364
2766.3,0.60987
2767.8,0.606
2769.3,0.60043
2770.8,0.59669
2772.3,0.59227
2773.7,0.58863
2775.2,0.58445
2776.7,0.58051
2778.2,0.57731
2779.7,0.57369
2781.2,0.57001
2782.7,0.56551
2784.2,0.5618
2785.7,0.56036
2787.2,0.55732
2788.7,0.55339
2790.2,0.55089
2791.7,0.54809
2793.2,0.54599
2794.7,0.54349
2796.2,0.54108
2797.7,0.53932
2799.2,0.53712
2800.7,0.53617
2802.2,0.53386
2803.8,0.52965
2805.3,0.52761
2806.8,0.52639
2808.3,0.52485
2809.8,0.52364
2811.4,0.52319
2812.9,0.52188
2814.4,0.52061
2815.9,0.5194
2817.5,0.51773
2819.0,0.51793
2820.5,0.51779
2822.1,0.51674
2823.6,0.51576
2825.1,0.51414
2826.7,0.51285
2828.2,0.5131
2829.8,0.51272
2831.3,0.51135
2832.9,0.5097
2834.4,0.50932
2836.0,0.50946
2837.5,0.509
2839.1,0.50757
2840.6,0.50604
2842.2,0.50566
2843.7,0.50557
2845.3,0.50494
2846.9,0.50465
2848.4,0.50457
2850.0,0.50266
2851.6,0.50085
2853.1,0.50018
2854.7,0.49884
2856.3,0.49687
2857.8,0.49643
2859.4,0.49575
2861.0,0.49341
2862.6,0.49151
2864.2,0.49112
2865.7,0.49065
2867.3,0.49003
2868.9,0.48914
2870.5,0.48703
2872.1,0.48537
2873.7,0.48499
2875.3,0.48511
2876.9,0.48486
2878.5,0.48508
2880.1,0.4856
2881.7,0.48623
2883.3,0.4873
2884.9,0.48839
2886.5,0.48966
2888.1,0.49183
2889.7,0.4936
2891.3,0.49482
2892.9,0.49658
2894.5,0.49766
2896.2,0.4989
2897.8,0.50119
2899.4,0.50351
2901.0,0.50501
2902.7,0.50578
2904.3,0.50791
2905.9,0.5095
2907.5,0.50935
2909.2,0.51048
2910.8,0.51279
2912.4,0.51271
2914.1,0.51245
2915.7,0.5149
2917.4,0.51608
2919.0,0.51636
2920.6,0.51771
2922.3,0.51839
2923.9,0.51902
2925.6,0.52004
2927.2,0.52015
2928.9,0.52075
2930.5,0.52185
2932.2,0.52215
2933.9,0.52208
2935.5,0.5231
2937.2,0.52408
2938.9,0.52357
2940.5,0.52396
2942.2,0.52516
2943.9,0.52537
2945.5,0.52512
2947.2,0.52673
2948.9,0.52825
2950.6,0.52918
2952.2,0.52962
2953.9,0.53019
2955.6,0.53098
2957.3,0.53115
2959.0,0.53138
2960.7,0.53207
2962.4,0.53276
2964.1,0.53412
2965.8,0.5353
2967.4,0.53536
2969.1,0.53474
2970.9,0.53496
2972.6,0.53588
2974.3,0.53601
2976.0,0.53614
2977.7,0.53675
2979.4,0.53789
2981.1,0.53858
2982.8,0.5378
2984.5,0.53622
2986.3,0.53742
2988.0,0.53934
2989.7,0.53987
2991.4,0.54008
2993.1,0.54045
2994.9,0.54124
2996.6,0.54141
2998.3,0.54198
3000.1,0.54172
3001.8,0.54113
3003.6,0.54214
3005.3,0.54251
3007.0,0.54265
3008.8,0.543
3010.5,0.54389
3012.3,0.54396
3014.0,0.54333
3015.8,0.54395
3017.5,0.54442
3019.3,0.54486
3021.1,0.54473
3022.8,0.5448
3024.6,0.54571
3026.3,0.54532
3028.1,0.54519
3029.9,0.5459
3031.7,0.54605
3033.4,0.54662
3035.2,0.54606
3037.0,0.54568
3038.8,0.54614
3040.5,0.54545
3042.3,0.54553
3044.1,0.54594
3045.9,0.54564
3047.7,0.54578
3049.5,0.54642
3051.3,0.54631
3053.1,0.54589
3054.9,0.54655
3056.7,0.5468
3058.5,0.54654
3060.3,0.54627
3062.1,0.54612
3063.9,0.54636
3065.7,0.54749
3067.5,0.54705
3069.4,0.54555
3071.2,0.54548
3073.0,0.54614
3074.8,0.54637
3076.6,0.54598
3078.5,0.54492
3080.3,0.54466
3082.1,0.54461
3084.0,0.5447
3085.8,0.54528
3087.6,0.54467
3089.5,0.54431
3091.3,0.54395
3093.2,0.54358
3095.0,0.54353
3096.9,0.54348
3098.7,0.543
3100.6,0.54175
3102.4,0.54158
3104.3,0.54247
3106.1,0.54253
3108.0,0.54248
3109.9,0.54265
3111.7,0.54153
3113.6,0.54134
3115.5,0.54215
3117.3,0.54148
3119.2,0.54032
3121.1,0.54025
3123.0,0.54041
3124.9,0.53948
3126.7,0.53927
3128.6,0.53906
3130.5,0.53796
3132.4,0.53799
3134.3,0.53759
3136.2,0.53693
3138.1,0.53694
3140.0,0.5373
3141.9,0.53751
3143.8,0.53677
3145.7,0.53539
3147.6,0.53458
3149.5,0.53378
3151.4,0.5324
3153.4,0.53217
3155.3,0.53267
3157.2,0.53207
3159.1,0.53104
3161.1,0.52992
3163.0,0.52947
3164.9,0.52846
3166.9,0.52748
3168.8,0.52672
3170.7,0.52617
3172.7,0.52516
3174.6,0.52456
3176.6,0.52477
3178.5,0.52385
3180.5,0.52178
3182.4,0.52102
3184.4,0.52054
3186.3,0.51962
3188.3,0.51884
3190.2,0.51786
3192.2,0.51762
3194.2,0.51702
3196.1,0.51579
3198.1,0.51433
3200.1,0.51364
3202.1,0.51312
3204.0,0.51273
3206.0,0.51289
3208.0,0.51226
3210.0,0.51117
3212.0,0.5102
3214.0,0.50916
3216.0,0.5096
3218.0,0.50923
3220.0,0.50892
3222.0,0.50885
3224.0,0.50765
3226.0,0.5073
3228.0,0.5065
3230.0,0.5051
3232.0,0.50514
3234.0,0.50528
3236.0,0.50394
3238.1,0.50324
3240.1,0.50223
3242.1,0.50195
3244.1,0.50212
3246.2,0.50105
3248.2,0.49898
3250.2,0.49747
3252.3,0.49632
3254.3,0.49555
3256.4,0.49403
3258.4,0.4923
3260.5,0.4912
3262.5,0.48971
3264.6,0.48823
3266.6,0.48697
3268.7,0.48576
3270.7,0.48423
3272.8,0.48209
3274.9,0.47958
3276.9,0.47812
3279.0,0.47619
3281.1,0.47319
3283.2,0.46962
3285.3,0.46595
3287.3,0.46222
3289.4,0.45863
3291.5,0.45443
3293.6,0.44933
3295.7,0.44319
3297.8,0.43649
3299.9,0.42905
3302.0,0.42026
3304.1,0.41054
3306.2,0.40045
3308.3,0.38942
3310.4,0.37749
3312.5,0.36447
3314.7,0.35058
3316.8,0.3367
3318.9,0.32211
3321.0,0.3077
3323.2,0.29402
3325.3,0.27986
3327.4,0.26622
3329.6,0.25352
3331.7,0.24221
3333.8,0.2323
3336.0,0.22436
3338.1,0.21833
3340.3,0.21356
3342.4,0.21004
3344.6,0.20684
3346.8,0.20494
3348.9,0.20464
3351.1,0.2068
3353.3,0.21321
3355.4,0.22292
3357.6,0.2347
3359.8,0.24755
3362.0,0.26028
3364.1,0.2714
3366.3,0.28046
3368.5,0.28831
3370.7,0.29524
3372.9,0.30266
3375.1,0.31052
3377.3,0.31735
3379.5,0.32226
3381.7,0.32595
3383.9,0.32725
3386.1,0.32457
3388.3,0.31899
3390.5,0.31121
3392.8,0.3017
3395.0,0.29326
3397.2,0.2872
3399.4,0.28552
3401.7,0.28991
3403.9,0.29817
3406.1,0.30805
3408.4,0.31796
3410.6,0.32761
3412.9,0.33674
3415.1,0.34548
3417.4,0.35407
3419.6,0.36123
3421.9,0.3669
3424.1,0.3699
3426.4,0.36963
3428.7,0.3673
3430.9,0.3636
3433.2,0.35827
3435.5,0.35209
3437.8,0.34701
3440.0,0.34575
3442.3,0.34872
3444.6,0.35406
3446.9,0.36167
3449.2,0.37059
3451.5,0.3787
3453.8,0.38634
3456.1,0.39358
3458.4,0.3999
3460.7,0.40408
3463.0,0.40649
3465.3,0.40769
3467.6,0.40698
3470.0,0.40468
3472.3,0.40168
3474.6,0.3985
3477.0,0.39645
3479.3,0.39785
3481.6,0.4017
3484.0,0.40779
3486.3,0.41511
3488.7,0.42202
3491.0,0.42795
3493.4,0.43253
3495.7,0.43639
3498.1,0.43949
3500.4,0.44202
3502.8,0.44425
3505.2,0.44625
3507.5,0.44768
3509.9,0.4481
3512.3,0.44882
3514.7,0.44944
3517.1,0.44938
3519.4,0.44998
3521.8,0.45131
3524.2,0.45183
3526.6,0.45241
3529.0,0.45366
3531.4,0.45508
3533.8,0.45626
3536.2,0.45649
3538.7,0.45726
3541.1,0.45874
3543.5,0.45877
3545.9,0.45866
3548.3,0.45966
3550.8,0.46065
3553.2,0.46181
3555.6,0.46261
3558.1,0.46317
3560.5,0.46431
3563.0,0.46531
3565.4,0.46645
3567.9,0.46753
3570.3,0.46838
3572.8,0.4693
3575.3,0.46983
3577.7,0.46993
3580.2,0.47028
3582.7,0.4706
3585.2,0.47115
3587.6,0.47187
3590.1,0.47194
3592.6,0.47151
3595.1,0.47143
3597.6,0.47141
3600.1,0.47201
3602.6,0.47302
3605.1,0.47335
3607.6,0.4733
3610.1,0.4741
3612.6,0.47577
3615.2,0.47591
3617.7,0.47654
3620.2,0.47812
3622.7,0.4786
3625.3,0.47879
3627.8,0.47959
3630.3,0.48024
3632.9,0.48052
3635.4,0.48124
3638.0,0.48185
3640.5,0.48266
3643.1,0.48343
3645.7,0.48389
3648.2,0.4842
3650.8,0.48494
3653.4,0.48587
3655.9,0.4861
3658.5,0.48668
3661.1,0.48783
3663.7,0.48928
3666.3,0.49012
3668.9,0.49034
3671.5,0.49137
3674.1,0.49269
3676.7,0.4939
3679.3,0.49454
3681.9,0.49506
3684.5,0.49578
3687.2,0.49698
3689.8,0.4982
3692.4,0.49902
3695.0,0.49939
3697.7,0.49996
3700.3,0.50069
3703.0,0.50173
3705.6,0.503
3708.3,0.50336
3710.9,0.5036
3713.6,0.50473
3716.2,0.50574
3718.9,0.50612
3721.6,0.50634
3724.2,0.50691
3726.9,0.50794
3729.6,0.50844
3732.3,0.50862
3735.0,0.50924
3737.7,0.50945
3740.4,0.5098
3743.1,0.51042
3745.8,0.51102
3748.5,0.51235
3751.2,0.51349
3753.9,0.51343
3756.6,0.51376
3759.3,0.51457
3762.1,0.51512
3764.8,0.51557
3767.5,0.51587
3770.3,0.51607
3773.0,0.51634
3775.8,0.51682
3778.5,0.51771
3781.3,0.51807
3784.0,0.51786
3786.8,0.51797
3789.6,0.51829
3792.3,0.51913
3795.1,0.52001
3797.9,0.52027
3800.7,0.51996
3803.5,0.52035
3806.3,0.52106
3809.1,0.52117
3811.9,0.52122
3814.7,0.52133
3817.5,0.52147
3820.3,0.522
3823.1,0.52196
3825.9,0.52132
3828.8,0.52227
3831.6,0.52368
3834.4,0.52402
3837.3,0.52436
3840.1,0.52471
3842.9,0.52526
3845.8,0.52607
3848.7,0.52652
3851.5,0.52774
3854.4,0.52896
3857.2,0.52966
3860.1,0.53038
3863.0,0.53168
3865.9,0.53278
3868.8,0.53337
3871.6,0.53425
3874.5,0.53521
3877.4,0.53572
3880.3,0.53609
3883.2,0.53679
3886.2,0.53709
3889.1,0.53732
3892.0,0.53798
3894.9,0.53834
3897.8,0.53871
3900.8,0.53904
3903.7,0.5393
3906.7,0.53924
3909.6,0.53922
3912.6,0.53958
3915.5,0.5399
3918.5,0.5399
3921.4,0.5398
3924.4,0.53956
3927.4,0.53905
3930.4,0.5394
3933.3,0.53953
3936.3,0.5391
3939.3,0.53904
3942.3,0.53915
3945.3,0.53843
3948.3,0.53849
3951.3,0.53939
3954.3,0.53873
3957.4,0.53808
3960.4,0.53765
3963.4,0.53719
3966.4,0.5369
3969.5,0.53648
3972.5,0.53602
3975.6,0.53543
3978.6,0.53453
3981.7,0.53358
3984.7,0.53346
3987.8,0.5334
3990.9,0.53283
3993.9,0.53174
3997.0,0.53133
4000.1,0.53042
4003.2,0.52943
4006.3,0.5286
4009.4,0.52687
4012.5,0.52616
4015.6,0.52548
4018.7,0.52419
4021.8,0.52302
4024.9,0.52191
4028.1,0.52066
4031.2,0.51985
4034.3,0.51911
4037.5,0.51809
4040.6,0.51746
4043.8,0.51682
4046.9,0.51533
4050.1,0.51393
4053.3,0.51317
4056.4,0.51267
4059.6,0.51199
4062.8,0.51068
4066.0,0.51012
4069.2,0.50969
4072.4,0.50891
4075.6,0.50815
4078.8,0.5072
4082.0,0.50583
4085.2,0.50467
4088.4,0.50385
4091.7,0.5027
4094.9,0.50144
4098.1,0.49985
4101.4,0.49816
4104.6,0.49672
4107.9,0.49512
4111.1,0.4936
4114.4,0.49189
4117.7,0.49029
4120.9,0.48852
4124.2,0.4865
4127.5,0.48471
4130.8,0.48267
4134.1,0.48055
4137.4,0.47836
4140.7,0.47611
4144.0,0.47404
4147.3,0.47171
4150.6,0.46914
4154.0,0.46693
4157.3,0.46496
4160.6,0.46272
4164.0,0.46015
4167.3,0.45813
4170.7,0.4559
4174.0,0.45356
4177.4,0.45166
4180.8,0.44971
4184.1,0.44788
4187.5,0.44579
4190.9,0.44367
4194.3,0.44165
4197.7,0.44014
4201.1,0.43813
4204.5,0.43539
4207.9,0.43312
4211.3,0.4308
4214.7,0.42863
4218.2,0.42627
4221.6,0.42402
4225.0,0.42203
4228.5,0.41957
4231.9,0.41681
4235.4,0.41385
4238.9,0.41168
4242.3,0.40934
4245.8,0.40645
4249.3,0.40348
4252.8,0.40088
4256.3,0.39952
4259.8,0.39849
4263.3,0.39546
4266.8,0.3917
4270.3,0.38911
4273.8,0.38618
4277.3,0.3833
4280.9,0.3801
4284.4,0.37756
4288.0,0.37541
4291.5,0.37189
4295.1,0.36893
4298.6,0.36649
4302.2,0.36322
4305.8,0.3601
4309.3,0.3569
4312.9,0.35345
4316.5,0.35068
4320.1,0.34763
4323.7,0.34469
4327.3,0.34176
4330.9,0.33833
4334.6,0.33492
4338.2,0.33133
4341.8,0.32795
4345.5,0.32486
4349.1,0.32126
4352.8,0.31777
4356.4,0.31433
4360.1,0.31055
4363.8,0.30664
4367.4,0.30271
4371.1,0.29852
4374.8,0.29489
4378.5,0.29124
4382.2,0.28675
4385.9,0.28252
4389.6,0.27875
4393.3,0.27453
4397.1,0.2695
4400.8,0.26454
4404.5,0.25977
4408.3,0.255
4412.0,0.25051
4415.8,0.24546
4419.6,0.23942
4423.3,0.23368
4427.1,0.22751
4430.9,0.22105
4434.7,0.21462
4438.5,0.20789
4442.3,0.20115
4446.1,0.1951
4449.9,0.19017
4453.7,0.18712
4457.6,0.18612
4461.4,0.18629
4465.2,0.18621
4469.1,0.18506
4472.9,0.18285
4476.8,0.17975
4480.7,0.17656
4484.5,0.17324
4488.4,0.16947
4492.3,0.16582
4496.2,0.1622
4500.1,0.15847
4504.0,0.15462
4507.9,0.1508
4511.9,0.14737
4515.8,0.14353
4519.7,0.13977
4523.7,0.13601
4527.6,0.13226
4531.6,0.12882
4535.6,0.12545
4539.5,0.12185
4543.5,0.11841
4547.5,0.115
4551.5,0.11165
4555.5,0.10837
4559.5,0.10483
4563.5,0.10193
4567.5,0.0989
4571.5,0.09576
4575.6,0.0931
4579.6,0.0902
4583.7,0.08752
4587.7,0.08502
4591.8,0.0822
4595.9,0.07976
4599.9,0.07742
4604.0,0.07486
4608.1,0.07256
4612.2,0.07045
4616.3,0.06815
4620.4,0.0657
4624.6,0.06353
4628.7,0.06174
4632.8,0.06013
4637.0,0.05794
4641.1,0.05543
4645.3,0.05346
4649.4,0.05197
4653.6,0.05056
4657.8,0.04879
4662.0,0.04721
4666.2,0.04626
4670.4,0.04488
4674.6,0.04336
4678.8,0.04192
4683.0,0.04047
4687.3,0.03918
4691.5,0.03802
4695.8,0.03689
4700.0,0.03565
4704.3,0.0347
4708.6,0.03379
4712.8,0.03278
4717.1,0.03164
4721.4,0.03072
4725.7,0.03014
4730.0,0.02938
4734.4,0.02828
4738.7,0.02748
4743.0,0.0267
4747.4,0.02597
4751.7,0.02561
4756.1,0.02481
4760.5,0.02411
4764.8,0.02373
4769.2,0.02327
4773.6,0.02264
4778.0,0.02216
4782.4,0.02202
4786.8,0.0217
4791.3,0.02093
4795.7,0.02049
4800.1,0.02022
4804.6,0.01985
4809.0,0.01942
4813.5,0.019
4818.0,0.01857
4822.5,0.01847
4826.9,0.01875
4831.4,0.01856
4835.9,0.01813
4840.5,0.01796
4845.0,0.01765
4849.5,0.01702
4854.1,0.01688
4858.6,0.01688
4863.2,0.01646
4867.7,0.01612
4872.3,0.01617
4876.9,0.01607
4881.5,0.01569
4886.1,0.01525
4890.7,0.01507
4895.3,0.01488
4899.9,0.01446
4904.6,0.01422
4909.2,0.0137
4913.9,0.0131
4918.5,0.01285
4923.2,0.01256
4927.9,0.01229
4932.6,0.01161
4937.3,0.0111
4942.0,0.01099
4946.7,0.01057
4951.4,0.0101
4956.2,0.00984
4960.9,0.00959
4965.6,0.00907
4970.4,0.00877
4975.2,0.00869
4980.0,0.008
4984.7,0.00729
4989.5,0.00707
4994.3,0.00672
4999.2,0.00659
5004.0,0.00663
5008.8,0.00629
5013.7,0.00536
5018.5,0.00515
5023.4,0.00528
5028.3,0.00475
5033.1,0.00451
5038.0,0.0039
5042.9,0.00339
5047.8,0.0036
5052.8,0.00341
5057.7,0.0029
5062.6,0.00262
5067.6,0.00259
5072.5,0.00241
5077.5,0.0024
5082.5,0.00255
5087.5,0.00215
5092.5,0.00184
5097.5,0.0019
5102.5,0.00185
5107.5,0.00167
5112.6,0.00156
5117.6,0.00146
5122.7,0.00161
5127.7,0.00179
5132.8,0.00138
5137.9,0.00132
5143.0,0.00153
5148.1,0.00097
5153.2,0.00058
5158.3,0.00093
5163.5,0.00109
5168.6,0.00085
5173.8,0.00063
5179.0,0.00052
5184.1,0.00053
5189.3,0.00054
5194.5,0.00052
5199.7,0.00045
5205.0,0.00046
5210.2,0.00049
5215.4,0.00043
5220.7,0.00041
5225.9,0.00019
5231.2,0.00034
5236.5,0.00063
5241.8,0.00051
5247.1,0.00062
5252.4,0.00072
5257.7,0.00061
5263.1,0.00053
5268.4,0.00052
5273.8,0.00055
5279.2,0.00048
5284.5,0.00048
5289.9,0.00049
5295.3,0.00045
5300.8,0.00049
5306.2,0.00047
5311.6,0.00042
5317.1,0.00056
5322.5,0.00058
5328.0,0.00065
5333.5,0.00059
5339.0,0.00049
5344.5,0.00056
5350.0,0.00031
5355.5,0.00021
5361.0,0.00047
5366.6,0.00045
5372.2,0.00017
5377.7,0.00019
5383.3,0.00022
5388.9,8e-05
5394.5,-5e-05
5400.1,1e-05
5405.8,-3e-05
5411.4,-0.00018
5417.1,-0.00016
5422.7,-0.0002
5428.4,8e-05
5434.1,0.00034
5439.8,0.00034
5445.5,0.00017
5451.2,8e-05
5457.0,0.00022
5462.7,0.00019
5468.5,7e-05
5474.3,3e-05
5480.1,0.00012
5485.9,7e-05
5491.7,-0.00015
5497.5,-5e-05
5503.3,0.00011
5509.2,0.0004
5515.0,0.00041
5520.9,0.00036
5526.8,0.00052
5532.7,0.00053
5538.6,0.00028
5544.5,-4e-05
5550.5,4e-05
5556.4,5e-05
5562.4,6e-05
5568.4,0.00034
5574.3,0.00039
5580.3,0.0004
5586.4,0.00033
5592.4,0.00011
5598.4,0.00013
5604.5,0.00031
5610.5,0.00029
5616.6,0.00019
5622.7,0.00037
5628.8,0.00032
5634.9,0.00014
5641.1,0.00036
5647.2,0.00039
5653.4,0.0005
5659.5,0.00055
5665.7,0.00027
5671.9,0.00011
5678.1,0.00026
5684.4,0.00046
5690.6,0.00056
5696.9,0.00064
5703.1,0.00033
5709.4,0.00024
5715.7,0.0003
5722.0,0.0003
5728.3,0.00046
5734.7,0.00051
5741.0,0.00031
5747.4,0.00031
5753.8,0.00028
5760.1,0.0001
5766.6,0.00019
5773.0,0.00017
5779.4,0.00017
5785.9,6e-05
5792.3,-2e-05
5798.8,0.00015
5805.3,0.00037
5811.8,0.00055
5818.3,0.00016
5824.9,-0.00011
5831.4,0.00023
5838.0,0.00014
5844.6,-9e-05
5851.2,-2e-05
5857.8,-0.0001
5864.4,0.00014
5871.0,0.00055
5877.7,0.00047
5884.4,0.00013
5891.1,0.00017
5897.8,0.00031
5904.5,0.00035
5911.2,0.00048
5918.0,0.00027
5924.7,0.00027
5931.5,0.00027
5938.3,0.0002
5945.1,6e-05
5951.9,-0.00016
5958.8,-5e-05
5965.6,-6e-05
5972.5,-1e-05
5979.4,0.00011
5986.3,-0.00012
5993.2,-0.00021
6000.2,0.00018
6007.1,0.00039
6014.1,0.00037
6021.1,0.00028
6028.1,0.00014
6035.1,0.0001
6042.1,-2e-05
6049.2,-0.00025
6056.2,-2e-05
6063.3,0.00015
6070.4,0.00014
6077.5,0.00047
6084.7,0.00037
6091.8,0.00011
6099.0,9e-05
6106.2,0.0003
6113.4,0.00038
6120.6,-0.00016
6127.8,-0.00013
6135.1,0.00016
6142.3,0.00018
6149.6,0.00023
6156.9,0.00021
6164.3,0.00022
6171.6,0.00033
6178.9,0.00035
6186.3,0.00026
6193.7,0.0004
6201.1,0.00049
6208.5,0.00047
6216.0,0.0004
6223.5,0.00031
6230.9,0.00026
6238.4,0.00035
6245.9,0.00055
6253.5,0.0005
6261.0,0.00045
6268.6,0.00058
6276.2,0.00059
6283.8,0.00031
6291.4,0.0002
6299.1,0.00028
6306.7,0.00039
6314.4,0.00041
6322.1,0.00028
6329.8,0.0003
6337.6,0.00031
6345.3,0.00029
6353.1,4e-05
6360.9,5e-05
6368.7,0.00043
6376.5,0.00059
6384.4,0.00012
6392.3,-3e-05
6400.2,0.00046
6408.1,0.00044
6416.0,4e-05
6424.0,-5e-05
6431.9,0.0001
6439.9,-0.00011
6447.9,6e-05
6456.0,0.00022
6464.0,0.00022
6472.1,0.00034
6480.2,0.00031
6488.3,0.00041
6496.4,0.00035
6504.6,0.00056
6512.7,0.00049
6520.9,0.00033
6529.1,0.00036
6537.4,0.0002
6545.6,0.0002
6553.9,0.00029
6562.2,0.0
6570.5,5e-05
6578.9,0.00016
6587.2,0.00011
6595.6,0.00044
6604.0,0.00029
6612.4,8e-05
6620.9,0.00013
6629.3,0.00027
6637.8,0.00031
6646.3,0.00021
6654.9,0.00035
6663.4,0.00028
6672.0,0.00019
6680.6,0.00024
6689.2,0.00025
6697.8,0.00038
6706.5,0.00018
6715.2,-0.0001
6723.9,-0.00012
6732.6,-0.00023
6741.4,-0.00016
6750.2,0.00014
6759.0,0.00035
6767.8,0.00016
6776.6,0.0
6785.5,0.00021
6794.4,0.00011
6803.3,-6e-05
6812.3,0.00031
6821.2,0.00041
6830.2,0.00035
6839.2,0.00051
6848.3,0.00063
6857.3,0.00062
6866.4,0.00044
6875.5,0.00022
6884.6,0.00038
6893.8,0.00029
6903.0,-0.0001
6912.2,0.00018
6921.4,0.00052
6930.7,0.00044
6939.9,0.0005
6949.2,0.00052
6958.6,0.00053
6967.9,0.00061
6977.3,0.00054
6986.7,0.00038
6996.1,0.00021
7005.6,0.00037
7015.1,0.00054
7024.6,0.00043
7034.1,0.00043
7043.7,0.00049
7053.2,0.00055
7062.9,0.00033
7072.5,0.00023
7082.2,0.00023
7091.8,0.00027
7101.6,0.00036
7111.3,0.00017
7121.1,5e-05
7130.9,0.00025
7140.7,0.00043
7150.5,0.00046
7160.4,0.0006
7170.3,0.00085
7180.2,0.00074
7190.2,0.00043
7200.2,0.00024
7210.2,0.00025
7220.2,0.00048
7230.3,0.00031
7240.4,0.0004
7250.5,0.00041
7260.7,0.0003
7270.9,0.00047
7281.1,0.00045
7291.3,0.00046
7301.6,0.00032
7311.9,0.00028
7322.2,0.00033
7332.6,0.0002
7343.0,0.00018
7353.4,0.0002
7363.8,0.00033
7374.3,0.00035
7384.8,0.00041
7395.3,0.00036
7405.9,0.00027
7416.5,0.0005
7427.1,0.00059
7437.8,0.0004
7448.5,0.00037
7459.2,0.0004
7469.9,0.00032
7480.7,0.00038
7491.5,0.00044
7502.4,0.00038
7513.2,0.00026
7524.1,0.00019
7535.1,9e-05
7546.0,0.00027
7557.0,0.00039
7568.1,0.00017
7579.1,0.00023
7590.2,0.0004
7601.4,9e-05
7612.5,5e-05
7623.7,0.00027
7635.0,0.00031
7646.2,0.00042
7657.5,0.00037
7668.8,0.00016
7680.2,7e-05
7691.6,-4e-05
7703.0,-0.00018
7714.5,-3e-05
7726.0,0.00022
7737.5,0.00039
7749.1,0.00051
7760.7,0.00022
7772.3,-6e-05
7784.0,3e-05
7795.7,-6e-05
7807.4,-3e-05
7819.2,0.0001
7831.0,0.00019
7842.9,0.00028
7854.7,0.00026
7866.7,0.00039
7878.6,0.0003
7890.6,0.00035
7902.6,0.00045
7914.7,0.00031
7926.8,0.00026
7939.0,8e-05
7951.1,0.00011
7963.3,0.00038
7975.6,0.00044
7987.9,0.00034
8000.2,0.00028
8012.6,0.00019
8025.0,0.00021
8037.4,0.00018
8049.9,5e-05
8062.4,4e-05
8075.0,0.00027
8087.6,0.00018
8100.2,7e-05
8112.9,0.00013
8125.6,6e-05
8138.4,-2e-05
8151.2,-5e-05
8164.0,-7e-05
8176.9,1e-05
8189.8,0.00015
8202.7,0.00037
8215.7,0.00035
8228.8,0.00031
8241.9,0.00038
8255.0,0.00033
8268.2,0.00031
8281.4,-4e-05
8294.6,8e-05
8307.9,0.00015
8321.2,0.00013
8334.6,0.00027
8348.0,0.00024
8361.5,-9e-05
8375.0,-0.00041
8388.6,-0.0002
8402.2,0.0002
8415.8,0.00028
8429.5,4e-05
8443.2,-1e-05
8457.0,0.00029
8470.8,0.00042
8484.7,0.00024
8498.6,0.00028
8512.5,0.00037
8526.5,0.00047
8540.6,0.00029
8554.7,0.00011
8568.8,0.00016
8583.0,0.0003
8597.2,0.00055
8611.5,0.0005
8625.8,0.00018
8640.2,5e-05
8654.6,0.0002
8669.1,0.00019
8683.6,0.0001
8698.2,0.00021
8712.8,-0.00022
8727.5,-0.00052
8742.2,-0.00012
8757.0,4e-05
8771.8,0.00022
8786.7,0.00032
8801.6,0.00013
8816.6,0.00013
8831.6,0.00038
8846.6,0.0004
8861.8,9e-05
8876.9,-0.00014
8892.2,6e-05
8907.4,0.00015
8922.8,0.00019
8938.2,0.0004
8953.6,0.00033
8969.1,0.0002
8984.6,8e-05
9000.2,6e-05
9015.9,0.00019
9031.6,8e-05
9047.4,0.00033
9063.2,0.00063
9079.0,0.00058
9095.0,0.00037
9111.0,0.00029
9127.0,0.00039
9143.1,0.00049
9159.2,0.00058
9175.5,0.00045
9191.7,0.00024
9208.1,0.00022
9224.4,0.00012
9240.9,0.00024
9257.4,0.00054
9273.9,0.00013
9290.6,-6e-05
9307.2,0.0
9324.0,3e-05
9340.8,0.00019
9357.6,7e-05
9374.6,0.00036
9391.5,0.00019
9408.6,3e-05
9425.7,0.00035
9442.9,0.00029
9460.1,0.00024
9477.4,0.00031
9494.8,0.00035
9512.2,0.00034
9529.7,0.00013
9547.2,0.00018
9564.8,0.00047
9582.5,0.00039
9600.3,-0.0001
9618.1,3e-05
9635.9,0.00033
9653.9,0.00017
9671.9,0.00013
9690.0,0.00032
9708.1,0.0004
9726.3,0.00026
9744.6,8e-05
9763.0,-2e-05
9781.4,-0.0001
9799.9,-0.00035
9818.4,-0.00035
9837.1,0.00014
9855.8,0.00045
9874.5,0.00023
9893.4,0.0003
9912.3,0.00043
9931.3,0.00014
9950.4,0.00021
9969.5,0.00038
9988.7,0.00055
10008.0,0.00062
10027.3,8e-05
10046.8,-0.00011
10066.3,0.00013
10085.9,0.00021
10105.5,0.00016
10125.3,4e-05
10145.1,0.00011
10165.0,0.00061
10184.9,0.00046
10205.0,0.00017
10225.1,0.00036
10245.3,0.0005
10265.6,0.00051
10286.0,0.00058
10306.4,0.00085
10327.0,0.00063
10347.6,0.00039
10368.3,0.00047
10389.0,0.00022
10409.9,2e-05
10430.9,-0.0001
10451.9,-0.00034
10473.0,-0.00041
10494.2,0.00045
10515.5,0.00064
10536.9,0.00021
10558.3,0.00028
10579.9,0.00036
10601.5,0.00072
10623.2,0.00085
10645.0,0.00033
10666.9,0.00012
10688.9,0.00064
10711.0,0.00076
10733.2,0.00068
10755.5,0.00057
10777.8,0.00026
10800.3,6e-05
10822.8,7e-05
10845.5,0.00015
10868.2,1e-05
10891.0,-0.00022
10914.0,-0.00014
10937.0,0.00016
10960.1,-5e-05
10983.3,-5e-05
11006.7,0.00016
11030.1,0.00034
11053.6,0.00043
11077.2,0.00017
11100.9,-3e-05
11124.8,0.00013
11148.7,0.00053
11172.7,0.00051
11196.8,0.00034
11221.1,0.00012
11245.4,-9e-05
11269.9,0.00011
11294.4,0.00041
11319.1,0.00023
11343.8,6e-05
11368.7,0.0001
11393.7,4e-05
11418.8,8e-05
11444.0,6e-05
11469.3,0.00016
11494.8,0.00019
11520.3,-7e-05
11546.0,-2e-05
11571.7,-6e-05
11597.6,-0.00012
11623.6,0.00019
11649.7,0.00025
11676.0,0.00027
11702.3,0.00027
11728.8,0.00015
11755.4,8e-05
11782.1,-8e-05
11809.0,-0.0001
11835.9,4e-05
11863.0,-0.00013
11890.2,-0.00021
11917.6,0.0003
11945.0,0.0006
11972.6,0.00015
12000.3,-2e-05
12028.2,0.00033
12056.1,0.00056
12084.2,0.00033
12112.5,0.00019
12140.8,0.00029
12169.3,0.00022
12198.0,-2e-05
12226.7,6e-05
12255.6,0.00013
12284.7,2e-05
12313.9,0.00019
12343.2,0.00044
12372.6,0.00032
12402.2,0.00012
12432.0,0.00039
12461.9,0.00018
12491.9,-0.00045
12522.1,-0.00017
12552.4,0.00016
12582.9,0.00014
12613.5,0.00035
12644.2,0.00028
12675.1,-1e-05
12706.2,-8e-05
12737.4,-0.00011
12768.8,0.00018
12800.3,0.00112
12832.0,0.00085
12863.9,8e-05
12895.9,0.0001
12928.0,0.00066
12960.3,0.00076
12992.8,0.00024
13025.5,9e-05
13058.3,0.0004
13091.3,0.00064
13124.4,0.00069
13157.7,0.00051
13191.2,0.00024
13224.8,0.00055
13258.7,0.00054
13292.7,0.0003
13326.8,0.00037
13361.2,0.00081
13395.7,0.00103
13430.4,0.00043
13465.3,3e-05
13500.4,0.00035
13535.6,0.00055
13571.0,0.00038
13606.7,0.00056
13642.5,0.00054
13678.5,0.0003
13714.6,0.00041
13751.0,0.0007
13787.6,0.00082
13824.4,0.00085
13861.3,0.00074
13898.5,-0.00013
13935.8,-0.00028
13973.4,-0.00018
14011.2,-0.00051
14049.1,-0.00029
14087.3,-0.00053
14125.7,-0.00044
14164.3,-4e-05
14203.1,-1e-05
14242.1,0.00034
14281.4,0.00031
14320.8,0.00039
14360.5,0.00067
14400.4,7e-05
14440.5,0.0
14480.8,0.00058
14521.4,0.00074
14562.2,0.00047
14603.2,3e-05
14644.4,0.00037
14685.9,0.00032
14727.7,2e-05
14769.6,0.00068
14811.8,0.00077
14854.3,0.00073
14896.9,0.00119
14939.9,0.00086
14983.0,0.00083
15026.5,0.00071
15070.2,8e-05
15114.1,0.00032
15158.3,9e-05
15202.7,-0.00046
15247.5,-0.00047
15292.4,-6e-05
15337.7,2e-05
15383.2,0.00012
15429.0,0.00028
15475.0,-3e-05
15521.4,9e-05
15568.0,0.0002
15614.9,0.00013
15662.0,-6e-05
15709.5,-0.00013
15757.2,-3e-05
15805.3,1e-05
15853.6,0.00033
15902.3,0.00083
15951.2,0.00093
16000.4,0.00029
16050.0,0.00066
16099.8,0.00153
16150.0,0.00119
16200.4,0.00021
16251.2,-9e-05
16302.3,-4e-05
16353.7,0.00075
16405.5,0.00105
16457.6,0.00056
16510.0,0.00096
16562.7,0.00119
16615.8,0.00098
16669.2,0.00029
16723.0,2e-05
16777.1,-7e-05
16831.6,6e-05
16886.4,-0.0001
16941.6,-0.00058
16997.2,0.00018
17053.1,0.00036
17109.4,3e-05
17166.0,0.0003
17223.0,0.00021
17280.4,0.00046
17338.2,0.00084
17396.4,0.00072
17455.0,0.00097
17514.0,0.00146
17573.3,0.001
17633.1,0.00016
17693.3,0.00049
17753.9,0.00126
17814.9,0.00107
17876.3,0.00113
17938.2,0.00183
18000.5,0.00106
18063.2,0.0007
18126.3,0.00065
18189.9,0.00036
18254.0,0.00127
18318.5,0.00119
18383.5,0.00066
18448.9,0.00111
18514.8,0.00136
18581.1,-0.00021
18648.0,-0.0007
18715.3,0.00035
18783.1,0.00123
18851.4,0.00162
18920.2,0.00162
18989.5,0.00139
19059.3,0.00064
19129.6,0.00136
19200.5,0.00056
19271.9,-0.0001
19343.8,0.00098
19416.2,0.00119
19489.2,0.00122
19562.8,0.00114
19636.9,-0.0004
19711.5,-0.0011
19786.8,8e-05
19862.6,0.00087
19939.0,0.00096
20016.0,0.00095
20093.5,0.00114
20171.7,0.00171
20250.5,0.00202
20329.9,0.00107
20410.0,0.00033
20490.7,0.0
20572.0,0.00083
20653.9,0.00344
20736.5,0.00325
20819.8,0.0025
20903.8,0.00242
20988.4,-0.00027
21073.7,-0.00014
21159.7,0.0026
21246.5,0.00293
21333.9,0.0032
21422.0,0.00335
21510.9,0.0032
21600.6,0.00181
21690.9,0.00231
21782.1,0.00205
21874.0,-0.00077
21966.7,5e-05
22060.1,0.00107
22154.4,0.00231
22249.5,0.00123
22345.4,-0.00076
22442.1,-0.00037
22539.7,0.00019
22638.1,0.00287
22737.4,0.00503
22837.6,0.00494
22938.7,0.00442
23040.6,0.00367
23143.5,0.00383
23247.2,0.00588
23352.0,0.00748
23457.6,0.00433
23564.3,0.00308
23671.8,0.00507
23780.4,0.00249
23890.0,-0.00102
24000.6,-0.00078
24112.3,0.00565
24224.9,0.01189
24338.7,0.0064
24453.5,0.00027
24569.4,0.0051
24686.4,0.00881
24804.5,0.00447
24923.7,0.00641
25044.1,0.00901
25165.7,0.00385
25288.5,0.00734
25412.4,0.01445
25537.6,0.01675
25664.0,0.0093
25791.7,0.00459
25920.7,0.01002
