Composition,
Date Added,1994-11-27
Formula,
Grain Size Description,<0.0um
Grain Size,Unknown
Locality,Sexchelle Islands 
Minimum Wavelength,1800
Sample Name,SE-1
Maximum Wavelength,25920
Database of Origin,RELAB
Other Information,Tar Ball
References,
Resolution,9.0
Material class,Organic
Sample Description,
Sample ID,N1TB01
Original Sample ID,TB-EAC-001
Viewing Geometry,Unknown
Wavelength,Response
1800.0,0.09481
1800.7,0.09525
1801.3,0.09491
1801.9,0.0942
1802.6,0.09446
1803.2,0.09392
1803.8,0.09363
1804.4,0.09388
1805.1,0.09462
1805.7,0.09482
1806.3,0.09526
1806.9,0.09502
1807.6,0.0945
1808.2,0.09473
1808.8,0.09504
1809.5,0.09568
1810.1,0.09549
1810.7,0.0949
1811.4,0.09482
1812.0,0.09515
1812.6,0.09486
1813.3,0.09464
1813.9,0.09508
1814.5,0.09473
1815.2,0.09484
1815.8,0.0951
1816.4,0.09514
1817.1,0.09455
1817.7,0.0947
1818.4,0.09519
1819.0,0.09445
1819.6,0.09389
1820.3,0.09423
1820.9,0.09475
1821.6,0.09526
1822.2,0.0955
1822.8,0.09545
1823.5,0.09512
1824.1,0.09536
1824.8,0.09558
1825.4,0.09595
1826.0,0.09593
1826.7,0.09498
1827.3,0.09486
1828.0,0.09532
1828.6,0.09508
1829.3,0.09526
1829.9,0.09582
1830.6,0.0959
1831.2,0.09578
1831.8,0.09529
1832.5,0.09496
1833.1,0.09547
1833.8,0.09615
1834.4,0.09583
1835.1,0.09548
1835.7,0.09554
1836.4,0.0953
1837.0,0.09531
1837.7,0.09549
1838.3,0.0958
1839.0,0.0958
1839.7,0.09542
1840.3,0.09589
1841.0,0.0965
1841.6,0.09599
1842.3,0.09544
1842.9,0.09588
1843.6,0.09611
1844.2,0.09544
1844.9,0.09558
1845.5,0.09586
1846.2,0.09608
1846.9,0.09606
1847.5,0.09567
1848.2,0.09543
1848.8,0.09577
1849.5,0.09598
1850.2,0.09641
1850.8,0.09663
1851.5,0.096
1852.1,0.09575
1852.8,0.09617
1853.5,0.0961
1854.1,0.096
1854.8,0.09611
1855.5,0.09673
1856.1,0.09699
1856.8,0.09677
1857.4,0.09664
1858.1,0.09668
1858.8,0.0969
1859.4,0.09677
1860.1,0.0964
1860.8,0.09682
1861.4,0.09742
1862.1,0.09704
1862.8,0.09655
1863.5,0.09614
1864.1,0.09606
1864.8,0.09649
1865.5,0.09679
1866.1,0.09727
1866.8,0.09713
1867.5,0.09723
1868.2,0.09723
1868.8,0.09733
1869.5,0.09709
1870.2,0.09707
1870.9,0.09718
1871.5,0.09704
1872.2,0.09713
1872.9,0.09721
1873.6,0.09735
1874.2,0.0973
1874.9,0.09702
1875.6,0.0973
1876.3,0.09759
1876.9,0.09756
1877.6,0.09763
1878.3,0.09755
1879.0,0.09741
1879.7,0.09779
1880.4,0.09782
1881.0,0.09785
1881.7,0.09759
1882.4,0.09757
1883.1,0.09795
1883.8,0.09824
1884.5,0.09752
1885.1,0.09707
1885.8,0.0976
1886.5,0.09771
1887.2,0.09735
1887.9,0.09753
1888.6,0.09736
1889.3,0.09703
1890.0,0.09707
1890.6,0.09769
1891.3,0.09791
1892.0,0.09737
1892.7,0.09745
1893.4,0.09772
1894.1,0.09755
1894.8,0.09749
1895.5,0.09727
1896.2,0.09763
1896.9,0.09807
1897.6,0.09786
1898.3,0.09767
1899.0,0.09741
1899.6,0.09726
1900.3,0.09763
1901.0,0.09817
1901.7,0.0984
1902.4,0.09815
1903.1,0.09817
1903.8,0.09808
1904.5,0.0979
1905.2,0.09766
1905.9,0.0979
1906.6,0.09816
1907.3,0.09784
1908.0,0.09794
1908.7,0.09837
1909.4,0.09837
1910.1,0.09829
1910.8,0.09776
1911.6,0.09774
1912.3,0.09814
1913.0,0.09796
1913.7,0.09815
1914.4,0.09867
1915.1,0.09868
1915.8,0.09856
1916.5,0.09846
1917.2,0.09851
1917.9,0.09871
1918.6,0.09884
1919.3,0.09894
1920.0,0.09821
1920.8,0.09789
1921.5,0.09847
1922.2,0.09871
1922.9,0.09844
1923.6,0.0983
1924.3,0.09822
1925.0,0.09857
1925.8,0.09871
1926.5,0.09808
1927.2,0.09806
1927.9,0.09826
1928.6,0.09866
1929.3,0.09924
1930.1,0.09896
1930.8,0.09869
1931.5,0.09884
1932.2,0.09879
1932.9,0.09903
1933.7,0.09886
1934.4,0.09862
1935.1,0.09857
1935.8,0.09897
1936.5,0.0988
1937.3,0.09854
1938.0,0.09874
1938.7,0.09884
1939.4,0.0988
1940.2,0.09863
1940.9,0.09877
1941.6,0.09931
1942.4,0.09935
1943.1,0.09904
1943.8,0.09895
1944.5,0.09909
1945.3,0.09904
1946.0,0.09871
1946.7,0.0988
1947.5,0.0991
1948.2,0.0992
1948.9,0.09892
1949.7,0.09911
1950.4,0.09953
1951.1,0.09925
1951.9,0.09916
1952.6,0.09976
1953.3,0.09991
1954.1,0.09945
1954.8,0.0993
1955.5,0.09988
1956.3,0.10036
1957.0,0.10017
1957.8,0.09997
1958.5,0.10003
1959.2,0.09979
1960.0,0.09954
1960.7,0.09956
1961.5,0.0994
1962.2,0.09919
1962.9,0.09961
1963.7,0.09992
1964.4,0.09953
1965.2,0.09947
1965.9,0.09923
1966.7,0.09931
1967.4,0.09912
1968.2,0.09909
1968.9,0.09929
1969.7,0.09953
1970.4,0.09963
1971.2,0.09961
1971.9,0.09944
1972.7,0.09943
1973.4,0.09934
1974.2,0.09914
1974.9,0.09923
1975.7,0.09946
1976.4,0.0998
1977.2,0.10009
1977.9,0.10001
1978.7,0.0999
1979.4,0.10032
1980.2,0.10055
1980.9,0.10018
1981.7,0.09978
1982.5,0.09986
1983.2,0.10008
1984.0,0.1001
1984.7,0.10013
1985.5,0.10007
1986.3,0.09988
1987.0,0.09998
1987.8,0.10049
1988.5,0.10042
1989.3,0.10017
1990.1,0.10011
1990.8,0.10002
1991.6,0.1001
1992.4,0.10031
1993.1,0.09981
1993.9,0.09976
1994.7,0.10004
1995.4,0.10025
1996.2,0.10069
1997.0,0.10045
1997.7,0.10032
1998.5,0.10039
1999.3,0.10036
2000.1,0.10049
2000.8,0.10038
2001.6,0.10034
2002.4,0.10039
2003.1,0.10045
2003.9,0.10039
2004.7,0.09996
2005.5,0.09972
2006.2,0.09983
2007.0,0.09981
2007.8,0.10021
2008.6,0.10062
2009.4,0.10057
2010.1,0.1006
2010.9,0.10062
2011.7,0.1004
2012.5,0.10044
2013.3,0.10073
2014.0,0.10074
2014.8,0.10043
2015.6,0.10013
2016.4,0.10052
2017.2,0.10055
2018.0,0.1003
2018.7,0.10053
2019.5,0.10108
2020.3,0.10089
2021.1,0.10042
2021.9,0.10042
2022.7,0.10064
2023.5,0.10072
2024.3,0.10074
2025.1,0.10085
2025.8,0.10072
2026.6,0.10072
2027.4,0.10105
2028.2,0.10091
2029.0,0.10086
2029.8,0.10098
2030.6,0.10087
2031.4,0.10086
2032.2,0.10115
2033.0,0.10119
2033.8,0.10139
2034.6,0.10147
2035.4,0.10152
2036.2,0.10172
2037.0,0.1013
2037.8,0.10112
2038.6,0.10104
2039.4,0.10117
2040.2,0.10127
2041.0,0.1012
2041.8,0.10098
2042.6,0.10122
2043.4,0.10148
2044.2,0.10135
2045.0,0.1014
2045.8,0.10152
2046.6,0.10144
2047.4,0.10149
2048.3,0.10121
2049.1,0.10098
2049.9,0.10123
2050.7,0.1015
2051.5,0.10142
2052.3,0.10128
2053.1,0.10138
2053.9,0.10159
2054.8,0.10151
2055.6,0.10143
2056.4,0.10186
2057.2,0.10211
2058.0,0.10157
2058.8,0.10147
2059.6,0.10166
2060.5,0.1019
2061.3,0.10179
2062.1,0.10144
2062.9,0.10154
2063.7,0.10193
2064.6,0.10212
2065.4,0.10208
2066.2,0.10177
2067.0,0.10152
2067.9,0.10179
2068.7,0.10201
2069.5,0.10212
2070.3,0.10194
2071.2,0.10196
2072.0,0.10197
2072.8,0.10194
2073.7,0.10222
2074.5,0.10219
2075.3,0.10196
2076.1,0.10189
2077.0,0.10225
2077.8,0.1022
2078.6,0.10198
2079.5,0.10199
2080.3,0.10209
2081.1,0.10235
2082.0,0.10233
2082.8,0.10216
2083.7,0.10192
2084.5,0.10172
2085.3,0.10193
2086.2,0.10233
2087.0,0.10245
2087.9,0.10231
2088.7,0.10235
2089.5,0.10233
2090.4,0.10225
2091.2,0.10233
2092.1,0.1026
2092.9,0.10257
2093.8,0.10215
2094.6,0.10217
2095.4,0.10251
2096.3,0.1026
2097.1,0.10279
2098.0,0.10276
2098.8,0.10236
2099.7,0.10224
2100.5,0.10269
2101.4,0.10268
2102.2,0.10278
2103.1,0.10274
2104.0,0.10291
2104.8,0.10292
2105.7,0.10285
2106.5,0.10298
2107.4,0.10323
2108.2,0.10308
2109.1,0.10317
2109.9,0.10358
2110.8,0.10382
2111.7,0.10377
2112.5,0.10317
2113.4,0.10293
2114.2,0.10306
2115.1,0.10312
2116.0,0.1036
2116.8,0.10371
2117.7,0.10347
2118.6,0.10345
2119.4,0.10374
2120.3,0.10377
2121.2,0.10371
2122.0,0.10365
2122.9,0.10376
2123.8,0.10353
2124.6,0.10321
2125.5,0.10335
2126.4,0.10358
2127.3,0.10336
2128.1,0.10306
2129.0,0.10303
2129.9,0.1032
2130.8,0.10348
2131.6,0.10343
2132.5,0.10342
2133.4,0.10344
2134.3,0.1036
2135.1,0.10351
2136.0,0.10356
2136.9,0.10353
2137.8,0.10356
2138.7,0.10338
2139.6,0.10307
2140.4,0.10314
2141.3,0.10335
2142.2,0.10343
2143.1,0.10352
2144.0,0.10358
2144.9,0.10378
2145.8,0.10364
2146.6,0.10327
2147.5,0.10309
2148.4,0.10315
2149.3,0.10305
2150.2,0.10298
2151.1,0.10311
2152.0,0.10291
2152.9,0.10302
2153.8,0.10318
2154.7,0.103
2155.6,0.10304
2156.5,0.10322
2157.4,0.10272
2158.3,0.10259
2159.2,0.10256
2160.1,0.10251
2161.0,0.10261
2161.9,0.10273
2162.8,0.10266
2163.7,0.10261
2164.6,0.10269
2165.5,0.10249
2166.4,0.10266
2167.3,0.1027
2168.2,0.10266
2169.1,0.1028
2170.0,0.10289
2170.9,0.10284
2171.8,0.10282
2172.7,0.10271
2173.6,0.10261
2174.6,0.10259
2175.5,0.103
2176.4,0.10315
2177.3,0.10279
2178.2,0.1024
2179.1,0.10249
2180.0,0.1026
2181.0,0.10275
2181.9,0.10292
2182.8,0.10286
2183.7,0.10293
2184.6,0.10298
2185.6,0.10291
2186.5,0.10284
2187.4,0.10272
2188.3,0.10284
2189.2,0.1029
2190.2,0.10284
2191.1,0.10293
2192.0,0.10294
2193.0,0.10298
2193.9,0.10301
2194.8,0.10323
2195.7,0.10322
2196.7,0.10305
2197.6,0.10287
2198.5,0.10282
2199.5,0.1033
2200.4,0.10354
2201.3,0.10328
2202.3,0.10311
2203.2,0.10308
2204.1,0.10301
2205.1,0.10299
2206.0,0.10295
2207.0,0.10312
2207.9,0.10305
2208.8,0.10307
2209.8,0.10316
2210.7,0.10296
2211.7,0.10286
2212.6,0.10296
2213.6,0.10314
2214.5,0.10333
2215.4,0.10345
2216.4,0.10308
2217.3,0.10269
2218.3,0.10309
2219.2,0.10323
2220.2,0.10306
2221.1,0.10296
2222.1,0.10296
2223.0,0.10279
2224.0,0.10274
2225.0,0.10272
2225.9,0.10286
2226.9,0.10286
2227.8,0.10282
2228.8,0.10292
2229.7,0.10292
2230.7,0.10287
2231.7,0.10272
2232.6,0.10255
2233.6,0.10262
2234.5,0.10269
2235.5,0.10238
2236.5,0.10217
2237.4,0.10229
2238.4,0.10234
2239.4,0.10247
2240.3,0.10285
2241.3,0.1027
2242.3,0.10214
2243.2,0.10185
2244.2,0.10176
2245.2,0.10183
2246.2,0.10192
2247.1,0.10198
2248.1,0.102
2249.1,0.10162
2250.1,0.10146
2251.0,0.10159
2252.0,0.10145
2253.0,0.10136
2254.0,0.1012
2255.0,0.10093
2255.9,0.1008
2256.9,0.10058
2257.9,0.10016
2258.9,0.10003
2259.9,0.09975
2260.9,0.09964
2261.8,0.09963
2262.8,0.09937
2263.8,0.09927
2264.8,0.09906
2265.8,0.09871
2266.8,0.09848
2267.8,0.09841
2268.8,0.09826
2269.8,0.0982
2270.8,0.09789
2271.8,0.09753
2272.7,0.09738
2273.7,0.09729
2274.7,0.09714
2275.7,0.09693
2276.7,0.09668
2277.7,0.09649
2278.7,0.09676
2279.7,0.09687
2280.7,0.09673
2281.7,0.09654
2282.8,0.0963
2283.8,0.09623
2284.8,0.09631
2285.8,0.0963
2286.8,0.09617
2287.8,0.09612
2288.8,0.09622
2289.8,0.09623
2290.8,0.0963
2291.8,0.09617
2292.9,0.09587
2293.9,0.09564
2294.9,0.09549
2295.9,0.09549
2296.9,0.09529
2297.9,0.09512
2299.0,0.09491
2300.0,0.0945
2301.0,0.09445
2302.0,0.09426
2303.0,0.09407
2304.1,0.094
2305.1,0.09405
2306.1,0.0938
2307.1,0.09353
2308.2,0.09357
2309.2,0.09355
2310.2,0.09354
2311.3,0.09374
2312.3,0.0938
2313.3,0.0937
2314.3,0.09394
2315.4,0.09427
2316.4,0.09449
2317.4,0.09467
2318.5,0.09498
2319.5,0.09526
2320.6,0.09547
2321.6,0.09554
2322.6,0.09534
2323.7,0.0954
2324.7,0.09573
2325.8,0.0959
2326.8,0.096
2327.9,0.09598
2328.9,0.09598
2329.9,0.09625
2331.0,0.09634
2332.0,0.09623
2333.1,0.09603
2334.1,0.09576
2335.2,0.09574
2336.2,0.09584
2337.3,0.09601
2338.4,0.09596
2339.4,0.09586
2340.5,0.09558
2341.5,0.09526
2342.6,0.09508
2343.6,0.09491
2344.7,0.09497
2345.8,0.09494
2346.8,0.09478
2347.9,0.09463
2349.0,0.09445
2350.0,0.09455
2351.1,0.0947
2352.1,0.09451
2353.2,0.09461
2354.3,0.09506
2355.4,0.09544
2356.4,0.09561
2357.5,0.09573
2358.6,0.09586
2359.6,0.09591
2360.7,0.09584
2361.8,0.09583
2362.9,0.09602
2363.9,0.09614
2365.0,0.0961
2366.1,0.09605
2367.2,0.09621
2368.3,0.09633
2369.3,0.09626
2370.4,0.09615
2371.5,0.09617
2372.6,0.0962
2373.7,0.09625
2374.8,0.09608
2375.9,0.09589
2377.0,0.09587
2378.0,0.09587
2379.1,0.09605
2380.2,0.09617
2381.3,0.09611
2382.4,0.09605
2383.5,0.09603
2384.6,0.096
2385.7,0.09608
2386.8,0.09627
2387.9,0.09626
2389.0,0.09638
2390.1,0.0965
2391.2,0.09627
2392.3,0.09602
2393.4,0.09607
2394.5,0.0962
2395.6,0.09621
2396.7,0.09624
2397.8,0.09632
2399.0,0.0964
2400.1,0.09631
2401.2,0.09626
2402.3,0.0963
2403.4,0.09627
2404.5,0.09625
2405.6,0.09629
2406.7,0.09626
2407.9,0.09621
2409.0,0.0963
2410.1,0.0964
2411.2,0.09635
2412.3,0.0964
2413.5,0.09653
2414.6,0.09658
2415.7,0.09667
2416.8,0.09664
2418.0,0.09652
2419.1,0.09652
2420.2,0.09666
2421.4,0.09676
2422.5,0.09686
2423.6,0.09697
2424.8,0.09689
2425.9,0.09678
2427.0,0.0968
2428.2,0.0967
2429.3,0.09679
2430.4,0.09699
2431.6,0.0971
2432.7,0.09712
2433.9,0.09706
2435.0,0.09714
2436.2,0.09726
2437.3,0.09735
2438.4,0.09736
2439.6,0.09734
2440.7,0.09723
2441.9,0.09709
2443.0,0.09716
2444.2,0.0972
2445.3,0.09732
2446.5,0.09733
2447.7,0.09731
2448.8,0.09728
2450.0,0.09722
2451.1,0.09738
2452.3,0.09746
2453.4,0.0974
2454.6,0.09726
2455.8,0.09717
2456.9,0.0972
2458.1,0.0971
2459.3,0.09703
2460.4,0.0972
2461.6,0.09732
2462.8,0.09717
2463.9,0.09714
2465.1,0.09739
2466.3,0.09753
2467.5,0.09748
2468.6,0.09752
2469.8,0.0976
2471.0,0.09764
2472.2,0.09776
2473.3,0.09782
2474.5,0.09809
2475.7,0.09838
2476.9,0.09844
2478.1,0.09832
2479.3,0.09818
2480.4,0.09829
2481.6,0.09841
2482.8,0.09845
2484.0,0.09859
2485.2,0.09879
2486.4,0.09895
2487.6,0.09895
2488.8,0.09893
2490.0,0.09882
2491.2,0.09879
2492.4,0.09884
2493.6,0.09893
2494.8,0.09892
2496.0,0.09884
2497.2,0.09891
2498.4,0.09893
2499.6,0.0989
2500.8,0.0989
2502.0,0.09892
2503.2,0.09889
2504.4,0.09891
2505.6,0.09887
2506.8,0.09895
2508.0,0.09905
2509.3,0.09907
2510.5,0.09909
2511.7,0.0992
2512.9,0.0993
2514.1,0.09937
2515.3,0.09947
2516.6,0.09956
2517.8,0.09955
2519.0,0.09961
2520.2,0.09963
2521.5,0.09962
2522.7,0.09951
2523.9,0.0994
2525.2,0.0995
2526.4,0.09968
2527.6,0.09967
2528.8,0.09954
2530.1,0.09962
2531.3,0.09968
2532.6,0.09973
2533.8,0.09969
2535.0,0.09968
2536.3,0.09974
2537.5,0.09973
2538.8,0.09986
2540.0,0.09994
2541.2,0.09995
2542.5,0.1
2543.7,0.09996
2545.0,0.09985
2546.2,0.1
2547.5,0.09998
2548.7,0.0999
2550.0,0.09996
2551.2,0.10007
2552.5,0.10004
2553.8,0.09997
2555.0,0.10017
2556.3,0.10034
2557.5,0.10017
2558.8,0.10007
2560.1,0.10001
2561.3,0.09996
2562.6,0.09996
2563.9,0.10025
2565.1,0.10036
2566.4,0.10035
2567.7,0.1004
2568.9,0.10036
2570.2,0.10016
2571.5,0.10021
2572.8,0.10026
2574.0,0.10004
2575.3,0.10026
2576.6,0.10071
2577.9,0.10062
2579.2,0.10058
2580.5,0.10049
2581.7,0.10035
2583.0,0.10046
2584.3,0.10039
2585.6,0.10054
2586.9,0.10074
2588.2,0.10049
2589.5,0.10075
2590.8,0.1008
2592.1,0.10059
2593.4,0.10037
2594.7,0.10013
2596.0,0.09998
2597.3,0.10095
2598.6,0.10115
2599.9,0.1008
2601.2,0.10066
2602.5,0.10048
2603.8,0.10049
2605.1,0.10061
2606.4,0.10065
2607.7,0.10095
2609.0,0.10112
2610.3,0.10096
2611.7,0.10085
2613.0,0.1009
2614.3,0.10088
2615.6,0.1009
2616.9,0.10078
2618.3,0.10067
2619.6,0.10103
2620.9,0.10082
2622.2,0.10083
2623.6,0.10107
2624.9,0.10088
2626.2,0.1007
2627.5,0.10061
2628.9,0.10101
2630.2,0.1012
2631.5,0.10103
2632.9,0.10129
2634.2,0.10137
2635.6,0.10131
2636.9,0.10136
2638.2,0.10135
2639.6,0.10126
2640.9,0.10133
2642.3,0.10125
2643.6,0.10116
2645.0,0.10129
2646.3,0.10131
2647.7,0.10132
2649.0,0.10139
2650.4,0.10133
2651.7,0.1013
2653.1,0.1014
2654.4,0.10147
2655.8,0.10141
2657.2,0.10128
2658.5,0.10138
2659.9,0.10134
2661.3,0.10148
2662.6,0.10156
2664.0,0.10154
2665.4,0.10122
2666.7,0.10129
2668.1,0.10168
2669.5,0.10189
2670.9,0.10145
2672.2,0.10152
2673.6,0.10197
2675.0,0.10183
2676.4,0.10154
2677.8,0.10132
2679.1,0.10169
2680.5,0.10185
2681.9,0.10191
2683.3,0.10167
2684.7,0.10147
2686.1,0.10151
2687.5,0.1015
2688.9,0.10164
2690.3,0.10172
2691.7,0.1016
2693.1,0.10127
2694.5,0.10103
2695.9,0.10136
2697.3,0.10176
2698.7,0.10172
2700.1,0.10141
2701.5,0.10127
2702.9,0.10142
2704.3,0.10158
2705.7,0.10142
2707.1,0.10113
2708.5,0.10103
2710.0,0.10103
2711.4,0.10112
2712.8,0.10127
2714.2,0.10137
2715.6,0.10116
2717.1,0.10103
2718.5,0.10079
2719.9,0.10081
2721.3,0.10085
2722.8,0.10119
2724.2,0.10122
2725.6,0.10087
2727.1,0.10105
2728.5,0.10111
2729.9,0.10078
2731.4,0.10055
2732.8,0.10044
2734.2,0.10026
2735.7,0.10003
2737.1,0.10019
2738.6,0.10025
2740.0,0.10001
2741.5,0.10001
2742.9,0.10023
2744.4,0.10036
2745.8,0.10015
2747.3,0.09985
2748.7,0.0997
2750.2,0.09969
2751.7,0.09963
2753.1,0.09944
2754.6,0.09934
2756.1,0.09908
2757.5,0.09925
2759.0,0.09948
2760.5,0.09922
2761.9,0.09897
2763.4,0.09883
2764.9,0.09897
2766.3,0.09903
2767.8,0.09871
2769.3,0.09848
2770.8,0.09855
2772.3,0.09851
2773.7,0.0986
2775.2,0.09853
2776.7,0.09837
2778.2,0.09833
2779.7,0.09834
2781.2,0.09831
2782.7,0.0984
2784.2,0.0985
2785.7,0.09849
2787.2,0.09848
2788.7,0.09853
2790.2,0.09869
2791.7,0.09861
2793.2,0.09836
2794.7,0.09828
2796.2,0.0984
2797.7,0.09828
2799.2,0.09822
2800.7,0.09825
2802.2,0.09819
2803.8,0.09802
2805.3,0.09811
2806.8,0.09824
2808.3,0.09813
2809.8,0.09802
2811.4,0.09797
2812.9,0.09795
2814.4,0.09794
2815.9,0.09795
2817.5,0.09786
2819.0,0.09765
2820.5,0.09744
2822.1,0.09758
2823.6,0.09772
2825.1,0.09763
2826.7,0.09745
2828.2,0.0973
2829.8,0.0973
2831.3,0.0973
2832.9,0.09733
2834.4,0.09735
2836.0,0.09725
2837.5,0.09736
2839.1,0.09743
2840.6,0.09731
2842.2,0.0972
2843.7,0.09716
2845.3,0.09712
2846.9,0.09719
2848.4,0.09718
2850.0,0.09699
2851.6,0.09709
2853.1,0.09724
2854.7,0.09708
2856.3,0.09692
2857.8,0.09694
2859.4,0.09698
2861.0,0.09692
2862.6,0.0968
2864.2,0.09679
2865.7,0.09688
2867.3,0.09675
2868.9,0.09669
2870.5,0.09679
2872.1,0.09677
2873.7,0.09683
2875.3,0.09679
2876.9,0.09677
2878.5,0.0967
2880.1,0.0967
2881.7,0.09661
2883.3,0.09652
2884.9,0.09654
2886.5,0.09649
2888.1,0.09649
2889.7,0.09653
2891.3,0.09653
2892.9,0.09654
2894.5,0.09654
2896.2,0.09641
2897.8,0.09638
2899.4,0.09635
2901.0,0.09639
2902.7,0.09654
2904.3,0.09661
2905.9,0.09649
2907.5,0.09642
2909.2,0.09626
2910.8,0.09613
2912.4,0.09629
2914.1,0.09626
2915.7,0.09624
2917.4,0.09635
2919.0,0.09637
2920.6,0.09636
2922.3,0.09617
2923.9,0.09611
2925.6,0.09619
2927.2,0.09629
2928.9,0.09631
2930.5,0.09622
2932.2,0.09612
2933.9,0.09632
2935.5,0.0963
2937.2,0.09617
2938.9,0.09612
2940.5,0.09611
2942.2,0.09612
2943.9,0.09619
2945.5,0.09635
2947.2,0.09622
2948.9,0.09606
2950.6,0.09611
2952.2,0.09623
2953.9,0.09627
2955.6,0.0962
2957.3,0.09601
2959.0,0.09602
2960.7,0.09609
2962.4,0.09613
2964.1,0.09624
2965.8,0.09615
2967.4,0.09614
2969.1,0.09625
2970.9,0.09611
2972.6,0.09598
2974.3,0.096
2976.0,0.09607
2977.7,0.09606
2979.4,0.09604
2981.1,0.09606
2982.8,0.0962
2984.5,0.09634
2986.3,0.09618
2988.0,0.09609
2989.7,0.0961
2991.4,0.09605
2993.1,0.09613
2994.9,0.09613
2996.6,0.09613
2998.3,0.09618
3000.1,0.09616
3001.8,0.0961
3003.6,0.09618
3005.3,0.09614
3007.0,0.09601
3008.8,0.09591
3010.5,0.09597
3012.3,0.0961
3014.0,0.09603
3015.8,0.09594
3017.5,0.09596
3019.3,0.0959
3021.1,0.09593
3022.8,0.09597
3024.6,0.09589
3026.3,0.09582
3028.1,0.09578
3029.9,0.09582
3031.7,0.09587
3033.4,0.09582
3035.2,0.09571
3037.0,0.09581
3038.8,0.09587
3040.5,0.09584
3042.3,0.09582
3044.1,0.09568
3045.9,0.09558
3047.7,0.09558
3049.5,0.0957
3051.3,0.09569
3053.1,0.09565
3054.9,0.0956
3056.7,0.0955
3058.5,0.09543
3060.3,0.09543
3062.1,0.09539
3063.9,0.09546
3065.7,0.09552
3067.5,0.09555
3069.4,0.09567
3071.2,0.0956
3073.0,0.09555
3074.8,0.09553
3076.6,0.09545
3078.5,0.09538
3080.3,0.09537
3082.1,0.09539
3084.0,0.0954
3085.8,0.09539
3087.6,0.0955
3089.5,0.09545
3091.3,0.0953
3093.2,0.09536
3095.0,0.09533
3096.9,0.09539
3098.7,0.09537
3100.6,0.09518
3102.4,0.0952
3104.3,0.09534
3106.1,0.09531
3108.0,0.09521
3109.9,0.09538
3111.7,0.0954
3113.6,0.09539
3115.5,0.09544
3117.3,0.09531
3119.2,0.09532
3121.1,0.09537
3123.0,0.09528
3124.9,0.09514
3126.7,0.09506
3128.6,0.09506
3130.5,0.09515
3132.4,0.09525
3134.3,0.0953
3136.2,0.09509
3138.1,0.09501
3140.0,0.09509
3141.9,0.09503
3143.8,0.09511
3145.7,0.09519
3147.6,0.09507
3149.5,0.09508
3151.4,0.09511
3153.4,0.095
3155.3,0.09502
3157.2,0.09505
3159.1,0.095
3161.1,0.09496
3163.0,0.09491
3164.9,0.09496
3166.9,0.09502
3168.8,0.095
3170.7,0.09492
3172.7,0.09484
3174.6,0.0948
3176.6,0.09481
3178.5,0.09481
3180.5,0.09484
3182.4,0.0949
3184.4,0.09488
3186.3,0.09472
3188.3,0.09472
3190.2,0.0949
3192.2,0.09496
3194.2,0.09487
3196.1,0.09475
3198.1,0.09468
3200.1,0.09467
3202.1,0.09468
3204.0,0.09459
3206.0,0.09451
3208.0,0.0945
3210.0,0.09442
3212.0,0.09433
3214.0,0.09437
3216.0,0.09438
3218.0,0.09429
3220.0,0.09419
3222.0,0.09421
3224.0,0.09423
3226.0,0.09417
3228.0,0.09407
3230.0,0.09393
3232.0,0.09391
3234.0,0.09397
3236.0,0.09389
3238.1,0.09371
3240.1,0.09356
3242.1,0.09343
3244.1,0.09331
3246.2,0.09332
3248.2,0.09325
3250.2,0.09303
3252.3,0.09296
3254.3,0.09296
3256.4,0.09292
3258.4,0.09275
3260.5,0.09254
3262.5,0.0925
3264.6,0.09252
3266.6,0.09234
3268.7,0.09218
3270.7,0.09215
3272.8,0.09211
3274.9,0.09205
3277.0,0.09195
3279.0,0.09183
3281.1,0.09182
3283.2,0.09184
3285.3,0.09169
3287.3,0.09151
3289.4,0.09148
3291.5,0.09141
3293.6,0.09126
3295.7,0.09114
3297.8,0.09108
3299.9,0.091
3302.0,0.09083
3304.1,0.09066
3306.2,0.09052
3308.3,0.09038
3310.4,0.09024
3312.5,0.09008
3314.7,0.08998
3316.8,0.08986
3318.9,0.08969
3321.0,0.0895
3323.2,0.08934
3325.3,0.08913
3327.4,0.08896
3329.6,0.08876
3331.7,0.08848
3333.8,0.08825
3336.0,0.08808
3338.1,0.08782
3340.3,0.0875
3342.4,0.08717
3344.6,0.08687
3346.8,0.08656
3348.9,0.08614
3351.1,0.08571
3353.3,0.08522
3355.4,0.08479
3357.6,0.08439
3359.8,0.08397
3362.0,0.08347
3364.1,0.08295
3366.3,0.0826
3368.5,0.08235
3370.7,0.0821
3372.9,0.0821
3375.1,0.0824
3377.3,0.08264
3379.5,0.08297
3381.7,0.08355
3383.9,0.08404
3386.1,0.08442
3388.3,0.08463
3390.5,0.08454
3392.8,0.08422
3395.0,0.08373
3397.2,0.08315
3399.4,0.08255
3401.7,0.08219
3403.9,0.08219
3406.1,0.08269
3408.4,0.08389
3410.6,0.08591
3412.9,0.08862
3415.1,0.09186
3417.4,0.0958
3419.6,0.10015
3421.9,0.10445
3424.1,0.10818
3426.4,0.11087
3428.7,0.11252
3430.9,0.1134
3433.2,0.11335
3435.5,0.11255
3437.8,0.11158
3440.0,0.11068
3442.3,0.10985
3444.6,0.1092
3446.9,0.10862
3449.2,0.10811
3451.5,0.10763
3453.8,0.10724
3456.1,0.10695
3458.4,0.10652
3460.7,0.10598
3463.0,0.10541
3465.3,0.10475
3467.6,0.10409
3470.0,0.10343
3472.3,0.10269
3474.6,0.10196
3477.0,0.10133
3479.3,0.10076
3481.6,0.10038
3484.0,0.10023
3486.3,0.10009
3488.7,0.09978
3491.0,0.09943
3493.4,0.09913
3495.7,0.09911
3498.1,0.09946
3500.4,0.10045
3502.8,0.10239
3505.2,0.10509
3507.5,0.10808
3509.9,0.11074
3512.3,0.11263
3514.7,0.11349
3517.1,0.11327
3519.4,0.11245
3521.8,0.11143
3524.2,0.11044
3526.6,0.10968
3529.0,0.10897
3531.4,0.10825
3533.8,0.10767
3536.2,0.10717
3538.7,0.10671
3541.1,0.10631
3543.5,0.10599
3545.9,0.10564
3548.3,0.10533
3550.8,0.10507
3553.2,0.10481
3555.6,0.10468
3558.1,0.10452
3560.5,0.10432
3563.0,0.10411
3565.4,0.10393
3567.9,0.10381
3570.3,0.10368
3572.8,0.10351
3575.3,0.10339
3577.7,0.10338
3580.2,0.10338
3582.7,0.10331
3585.2,0.10315
3587.6,0.10299
3590.1,0.10291
3592.6,0.10289
3595.1,0.10286
3597.6,0.10277
3600.1,0.10268
3602.6,0.10265
3605.1,0.10262
3607.6,0.10257
3610.1,0.10247
3612.6,0.10241
3615.2,0.10247
3617.7,0.10244
3620.2,0.10237
3622.7,0.10233
3625.3,0.10227
3627.8,0.10216
3630.3,0.10208
3632.9,0.10198
3635.4,0.10195
3638.0,0.10196
3640.5,0.10191
3643.1,0.10185
3645.7,0.10184
3648.2,0.10179
3650.8,0.10167
3653.4,0.10162
3655.9,0.10157
3658.5,0.10151
3661.1,0.10152
3663.7,0.10147
3666.3,0.10147
3668.9,0.1014
3671.5,0.1014
3674.1,0.10146
3676.7,0.10143
3679.3,0.1014
3681.9,0.10139
3684.5,0.10142
3687.2,0.10145
3689.8,0.10143
3692.4,0.10138
3695.0,0.10134
3697.7,0.10134
3700.3,0.10138
3703.0,0.10135
3705.6,0.10126
3708.3,0.1012
3710.9,0.10115
3713.6,0.10112
3716.2,0.10108
3718.9,0.10106
3721.6,0.10105
3724.2,0.10098
3726.9,0.10093
3729.6,0.10091
3732.3,0.10089
3735.0,0.1009
3737.7,0.1009
3740.4,0.1009
3743.1,0.10089
3745.8,0.10083
3748.5,0.10082
3751.2,0.10086
3753.9,0.10091
3756.6,0.10095
3759.3,0.10095
3762.1,0.10094
3764.8,0.10094
3767.5,0.10095
3770.3,0.10096
3773.0,0.10095
3775.8,0.10093
3778.5,0.10096
3781.3,0.10103
3784.0,0.10098
3786.8,0.10092
3789.6,0.10095
3792.3,0.10096
3795.1,0.10097
3797.9,0.10099
3800.7,0.10098
3803.5,0.10098
3806.3,0.10099
3809.1,0.10101
3811.9,0.10103
3814.7,0.10109
3817.5,0.10111
3820.3,0.10112
3823.1,0.10112
3825.9,0.10116
3828.8,0.10116
3831.6,0.10112
3834.4,0.10114
3837.3,0.10118
3840.1,0.10123
3842.9,0.10127
3845.8,0.10127
3848.7,0.10125
3851.5,0.10123
3854.4,0.10127
3857.2,0.10129
3860.1,0.10131
3863.0,0.10138
3865.9,0.1014
3868.8,0.1014
3871.6,0.10143
3874.5,0.10146
3877.4,0.10151
3880.3,0.10156
3883.2,0.10154
3886.2,0.10157
3889.1,0.10167
3892.0,0.10169
3894.9,0.10172
3897.8,0.10176
3900.8,0.10179
3903.7,0.10181
3906.7,0.10181
3909.6,0.10183
3912.6,0.10189
3915.5,0.1019
3918.5,0.1019
3921.4,0.10189
3924.4,0.1019
3927.4,0.1019
3930.4,0.10188
3933.3,0.10185
3936.3,0.10183
3939.3,0.10187
3942.3,0.10194
3945.3,0.10196
3948.3,0.10193
3951.3,0.10189
3954.3,0.10189
3957.4,0.10192
3960.4,0.10194
3963.4,0.10197
3966.4,0.10201
3969.5,0.10203
3972.5,0.10206
3975.6,0.10207
3978.6,0.10207
3981.7,0.1021
3984.7,0.10209
3987.8,0.10211
3990.9,0.10214
3993.9,0.10215
3997.0,0.10216
4000.1,0.1022
4003.2,0.10224
4006.3,0.10227
4009.4,0.10226
4012.5,0.10227
4015.6,0.10229
4018.7,0.10229
4021.8,0.10226
4024.9,0.10227
4028.1,0.10229
4031.2,0.10231
4034.3,0.10236
4037.5,0.10238
4040.6,0.10238
4043.8,0.10242
4046.9,0.10243
4050.1,0.10242
4053.3,0.10242
4056.4,0.10245
4059.6,0.10243
4062.8,0.10239
4066.0,0.10237
4069.2,0.10236
4072.4,0.10235
4075.6,0.10235
4078.8,0.10233
4082.0,0.10231
4085.2,0.10232
4088.4,0.10238
4091.7,0.10233
4094.9,0.1023
4098.1,0.10232
4101.4,0.10231
4104.6,0.10229
4107.9,0.10227
4111.1,0.10224
4114.4,0.10224
4117.7,0.10225
4120.9,0.10227
4124.2,0.10223
4127.5,0.10219
4130.8,0.10223
4134.1,0.10229
4137.4,0.10228
4140.7,0.10224
4144.0,0.10221
4147.3,0.10218
4150.6,0.10219
4154.0,0.10223
4157.3,0.10224
4160.6,0.10223
4164.0,0.10224
4167.3,0.10223
4170.7,0.10218
4174.0,0.10221
4177.4,0.10228
4180.8,0.10231
4184.1,0.10227
4187.5,0.10225
4190.9,0.10225
4194.3,0.10227
4197.7,0.10228
4201.1,0.10227
4204.5,0.10231
4207.9,0.10235
4211.3,0.10236
4214.7,0.10241
4218.2,0.10246
4221.6,0.10253
4225.0,0.10261
4228.5,0.10262
4231.9,0.10265
4235.4,0.10268
4238.9,0.1027
4242.3,0.10276
4245.8,0.1028
4249.3,0.1028
4252.8,0.10278
4256.3,0.10272
4259.8,0.10254
4263.3,0.10233
4266.8,0.10238
4270.3,0.10254
4273.8,0.10253
4277.3,0.10254
4280.9,0.10257
4284.4,0.10257
4288.0,0.10255
4291.5,0.10256
4295.1,0.10257
4298.6,0.10259
4302.2,0.10253
4305.8,0.10249
4309.3,0.10252
4312.9,0.10253
4316.5,0.10248
4320.1,0.10248
4323.7,0.10248
4327.3,0.10245
4330.9,0.10241
4334.6,0.10238
4338.2,0.10236
4341.8,0.10239
4345.5,0.10243
4349.1,0.10243
4352.8,0.10244
4356.4,0.10245
4360.1,0.10249
4363.8,0.10251
4367.4,0.10246
4371.1,0.10246
4374.8,0.1025
4378.5,0.10254
4382.2,0.1025
4385.9,0.10247
4389.6,0.10251
4393.3,0.10258
4397.1,0.10264
4400.8,0.10265
4404.5,0.10262
4408.3,0.1026
4412.0,0.10261
4415.8,0.10264
4419.6,0.1027
4423.3,0.10267
4427.1,0.10263
4430.9,0.10274
4434.7,0.10278
4438.5,0.10275
4442.3,0.10274
4446.1,0.10278
4449.9,0.1028
4453.7,0.10281
4457.6,0.1028
4461.4,0.10278
4465.2,0.10279
4469.1,0.10282
4472.9,0.10282
4476.8,0.1028
4480.7,0.10283
4484.5,0.10289
4488.4,0.1029
4492.3,0.10289
4496.2,0.10286
4500.1,0.10283
4504.0,0.10284
4507.9,0.10286
4511.9,0.10286
4515.8,0.10286
4519.7,0.10283
4523.7,0.10286
4527.6,0.10287
4531.6,0.10282
4535.6,0.10281
4539.5,0.10286
4543.5,0.10291
4547.5,0.1029
4551.5,0.1029
4555.5,0.1029
4559.5,0.10289
4563.5,0.10286
4567.5,0.10287
4571.5,0.10285
4575.6,0.10282
4579.6,0.10279
4583.7,0.10277
4587.7,0.10281
4591.8,0.10284
4595.9,0.10285
4599.9,0.10285
4604.0,0.10285
4608.1,0.10287
4612.2,0.10289
4616.3,0.10291
4620.4,0.10289
4624.6,0.10289
4628.7,0.10291
4632.8,0.10292
4637.0,0.10294
4641.1,0.10298
4645.3,0.10302
4649.4,0.10297
4653.6,0.10294
4657.8,0.10295
4662.0,0.10298
4666.2,0.10303
4670.4,0.10312
4674.6,0.10313
4678.8,0.10314
4683.0,0.1032
4687.3,0.10321
4691.5,0.10321
4695.8,0.10321
4700.0,0.10324
4704.3,0.1033
4708.6,0.10335
4712.9,0.10333
4717.1,0.10331
4721.4,0.10333
4725.7,0.10337
4730.1,0.10337
4734.4,0.10336
4738.7,0.1034
4743.0,0.1034
4747.4,0.10337
4751.7,0.10339
4756.1,0.10339
4760.5,0.10336
4764.8,0.10339
4769.2,0.10341
4773.6,0.10342
4778.0,0.10339
4782.4,0.1034
4786.8,0.10344
4791.3,0.10344
4795.7,0.10341
4800.1,0.10338
4804.6,0.10338
4809.0,0.10336
4813.5,0.10334
4818.0,0.10334
4822.5,0.10331
4826.9,0.1033
4831.4,0.10327
4835.9,0.10326
4840.5,0.10325
4845.0,0.10322
4849.5,0.10321
4854.1,0.10319
4858.6,0.10318
4863.2,0.10316
4867.7,0.10312
4872.3,0.10313
4876.9,0.1031
4881.5,0.10307
4886.1,0.10307
4890.7,0.10307
4895.3,0.10304
4899.9,0.10302
4904.6,0.10303
4909.2,0.10303
4913.9,0.10297
4918.5,0.1029
4923.2,0.10287
4927.9,0.10289
4932.6,0.10293
4937.3,0.10298
4942.0,0.10296
4946.7,0.10295
4951.4,0.10299
4956.2,0.10303
4960.9,0.10306
4965.6,0.10309
4970.4,0.10314
4975.2,0.10321
4980.0,0.10327
4984.7,0.1033
4989.5,0.10335
4994.3,0.10341
4999.2,0.10342
5004.0,0.10346
5008.8,0.1035
5013.7,0.10353
5018.5,0.10352
5023.4,0.10354
5028.3,0.10358
5033.1,0.10357
5038.0,0.10354
5042.9,0.10354
5047.8,0.10359
5052.8,0.10358
5057.7,0.10357
5062.6,0.10359
5067.6,0.10364
5072.5,0.10368
5077.5,0.10367
5082.5,0.10361
5087.5,0.10361
5092.5,0.1036
5097.5,0.10357
5102.5,0.10356
5107.5,0.10351
5112.6,0.10354
5117.6,0.10355
5122.7,0.10355
5127.7,0.1035
5132.8,0.10344
5137.9,0.10339
5143.0,0.10341
5148.1,0.10339
5153.2,0.10337
5158.3,0.10335
5163.5,0.10328
5168.6,0.10325
5173.8,0.10321
5179.0,0.10319
5184.1,0.10317
5189.3,0.10318
5194.5,0.10311
5199.7,0.10303
5205.0,0.10301
5210.2,0.10303
5215.4,0.10295
5220.7,0.10295
5225.9,0.10293
5231.2,0.10281
5236.5,0.10273
5241.8,0.10271
5247.1,0.10271
5252.4,0.1027
5257.7,0.1027
5263.1,0.10265
5268.4,0.10268
5273.8,0.10273
5279.2,0.10274
5284.5,0.10276
5289.9,0.10275
5295.3,0.10273
5300.8,0.10277
5306.2,0.10277
5311.6,0.10276
5317.1,0.10273
5322.5,0.10272
5328.0,0.10276
5333.5,0.10277
5339.0,0.10273
5344.5,0.10271
5350.0,0.1027
5355.5,0.10278
5361.0,0.10292
5366.6,0.10286
5372.2,0.10281
5377.7,0.1028
5383.3,0.10283
5388.9,0.10283
5394.5,0.1028
5400.1,0.10279
5405.8,0.1028
5411.4,0.10281
5417.1,0.10285
5422.7,0.10282
5428.4,0.10291
5434.1,0.103
5439.8,0.10283
5445.5,0.10277
5451.2,0.1028
5457.0,0.10283
5462.7,0.1028
5468.5,0.10282
5474.3,0.10292
5480.1,0.10283
5485.9,0.10278
5491.7,0.10278
5497.5,0.10267
5503.3,0.10265
5509.2,0.1026
5515.0,0.10255
5520.9,0.10249
5526.8,0.10248
5532.7,0.10246
5538.6,0.10241
5544.5,0.1023
5550.5,0.1022
5556.4,0.10216
5562.4,0.10213
5568.4,0.10199
5574.3,0.10189
5580.3,0.10177
5586.4,0.10181
5592.4,0.10182
5598.4,0.10162
5604.5,0.10147
5610.5,0.10146
5616.6,0.1014
5622.7,0.10132
5628.8,0.10127
5634.9,0.10118
5641.1,0.10112
5647.2,0.10114
5653.4,0.10136
5659.5,0.10124
5665.7,0.10121
5671.9,0.10116
5678.1,0.10104
5684.4,0.10112
5690.6,0.10116
5696.9,0.10107
5703.1,0.10112
5709.4,0.10098
5715.7,0.10092
5722.0,0.1011
5728.3,0.10113
5734.7,0.10107
5741.0,0.10099
5747.4,0.10092
5753.8,0.10087
5760.1,0.10095
5766.6,0.10065
5773.0,0.10074
5779.4,0.10104
5785.9,0.10083
5792.3,0.10066
5798.8,0.10052
5805.3,0.10047
5811.8,0.10048
5818.3,0.10038
5824.9,0.10034
5831.4,0.10071
5838.0,0.10084
5844.6,0.10079
5851.2,0.10074
5857.8,0.10075
5864.4,0.1008
5871.0,0.10091
5877.7,0.101
5884.4,0.10086
5891.1,0.10146
5897.8,0.10142
5904.5,0.10135
5911.2,0.10149
5918.0,0.10127
5924.7,0.10125
5931.5,0.10122
5938.3,0.10108
5945.1,0.10144
5951.9,0.10172
5958.8,0.10145
5965.6,0.10138
5972.5,0.10131
5979.4,0.10156
5986.3,0.10155
5993.2,0.10151
6000.2,0.1017
6007.1,0.1017
6014.1,0.10153
6021.1,0.10157
6028.1,0.10165
6035.1,0.10156
6042.1,0.10153
6049.2,0.10136
6056.2,0.10164
6063.3,0.10215
6070.4,0.10178
6077.5,0.10162
6084.7,0.10182
6091.8,0.10174
6099.0,0.10152
6106.2,0.10148
6113.4,0.10141
6120.6,0.1015
6127.8,0.10171
6135.1,0.10147
6142.3,0.10127
6149.6,0.10132
6156.9,0.10136
6164.3,0.10129
6171.6,0.10139
6178.9,0.10134
6186.3,0.10116
6193.7,0.10132
6201.1,0.10145
6208.5,0.10125
6216.0,0.1012
6223.5,0.1012
6230.9,0.10122
6238.4,0.10126
6245.9,0.10134
6253.5,0.10138
6261.0,0.10145
6268.6,0.10147
6276.2,0.10148
6283.8,0.10151
6291.4,0.10159
6299.1,0.10166
6306.7,0.1017
6314.4,0.10175
6322.1,0.10184
6329.8,0.10184
6337.6,0.10188
6345.3,0.10187
6353.1,0.10212
6360.9,0.10234
6368.7,0.1022
6376.5,0.10222
6384.4,0.10245
6392.3,0.10239
6400.2,0.10238
6408.1,0.10237
6416.0,0.10227
6424.0,0.10284
6431.9,0.10305
6439.9,0.1027
6447.9,0.10262
6456.0,0.10254
6464.0,0.10257
6472.1,0.10249
6480.2,0.10246
6488.3,0.10256
6496.4,0.10261
6504.6,0.10281
6512.7,0.10277
6520.9,0.10245
6529.1,0.10238
6537.4,0.10242
6545.6,0.10223
6553.9,0.10216
6562.2,0.10212
6570.5,0.10207
6578.9,0.10194
6587.2,0.1021
6595.6,0.10194
6604.0,0.10182
6612.4,0.10163
6620.9,0.10145
6629.3,0.10143
6637.8,0.10135
6646.3,0.10148
6654.9,0.10151
6663.4,0.10114
6672.0,0.10089
6680.6,0.10082
6689.2,0.10079
6697.8,0.10071
6706.5,0.10049
6715.2,0.10033
6723.9,0.10027
6732.6,0.10006
6741.4,0.09978
6750.2,0.09941
6759.0,0.09903
6767.8,0.09869
6776.6,0.09824
6785.5,0.09771
6794.4,0.0972
6803.3,0.09716
6812.3,0.09734
6821.2,0.09798
6830.2,0.0993
6839.2,0.10103
6848.3,0.10245
6857.3,0.1034
6866.4,0.10422
6875.5,0.10554
6884.6,0.10629
6893.8,0.10638
6903.0,0.10643
6912.2,0.10652
6921.4,0.1067
6930.7,0.10676
6939.9,0.10678
6949.2,0.10686
6958.6,0.10684
6967.9,0.10689
6977.3,0.10708
6986.7,0.1069
6996.1,0.10669
7005.6,0.10654
7015.1,0.10639
7024.6,0.10621
7034.1,0.10613
7043.7,0.10599
7053.2,0.1059
7062.9,0.106
7072.5,0.10583
7082.2,0.10563
7091.8,0.10552
7101.6,0.10545
7111.3,0.10534
7121.1,0.10524
7130.9,0.10516
7140.7,0.1051
7150.5,0.10497
7160.4,0.10491
7170.3,0.10478
7180.2,0.10457
7190.2,0.10435
7200.2,0.10401
7210.2,0.10375
7220.2,0.10358
7230.3,0.10343
7240.4,0.10328
7250.5,0.10336
7260.7,0.10385
7270.9,0.1047
7281.1,0.10544
7291.3,0.10591
7301.6,0.10598
7311.9,0.10586
7322.2,0.10589
7332.6,0.10598
7343.0,0.10602
7353.4,0.10609
7363.8,0.10602
7374.3,0.10586
7384.8,0.10582
7395.3,0.10584
7405.9,0.10586
7416.5,0.10592
7427.1,0.106
7437.8,0.10602
7448.5,0.10604
7459.2,0.10606
7469.9,0.1061
7480.7,0.10616
7491.5,0.10618
7502.4,0.10617
7513.2,0.1061
7524.1,0.10606
7535.1,0.10608
7546.0,0.10605
7557.0,0.10598
7568.1,0.10597
7579.1,0.10596
7590.2,0.10597
7601.4,0.10594
7612.5,0.10591
7623.7,0.10591
7635.0,0.10589
7646.2,0.10587
7657.5,0.10586
7668.8,0.1059
7680.2,0.10592
7691.6,0.10592
7703.0,0.10603
7714.5,0.10617
7726.0,0.10626
7737.5,0.10633
7749.1,0.10637
7760.7,0.10635
7772.3,0.10632
7784.0,0.1063
7795.7,0.10631
7807.4,0.10636
7819.2,0.10641
7831.0,0.10644
7842.9,0.10646
7854.8,0.10656
7866.7,0.10668
7878.6,0.10678
7890.6,0.10694
7902.6,0.10718
7914.7,0.10738
7926.8,0.10739
7939.0,0.10734
7951.1,0.1073
7963.3,0.10721
7975.6,0.10706
7987.9,0.10692
8000.2,0.10683
8012.6,0.10672
8025.0,0.10667
8037.4,0.10664
8049.9,0.10661
8062.4,0.10656
8075.0,0.10646
8087.6,0.10634
8100.2,0.10628
8112.9,0.10624
8125.6,0.10619
8138.4,0.10618
8151.2,0.10619
8164.0,0.10623
8176.9,0.10628
8189.8,0.10631
8202.7,0.10637
8215.7,0.10649
8228.8,0.10656
8241.9,0.10658
8255.0,0.10655
8268.2,0.10652
8281.4,0.10656
8294.6,0.10661
8307.9,0.10663
8321.2,0.1067
8334.6,0.10677
8348.0,0.10682
8361.5,0.10688
8375.0,0.10695
8388.6,0.10698
8402.2,0.10702
8415.8,0.10707
8429.5,0.10709
8443.2,0.10706
8457.0,0.10708
8470.8,0.10713
8484.7,0.10712
8498.6,0.10705
8512.5,0.10703
8526.5,0.10708
8540.6,0.10707
8554.7,0.10705
8568.8,0.10712
8583.0,0.10718
8597.2,0.1072
8611.5,0.10722
8625.8,0.10724
8640.2,0.10727
8654.6,0.10736
8669.1,0.10747
8683.6,0.10758
8698.2,0.10767
8712.8,0.10768
8727.5,0.1077
8742.2,0.10776
8757.0,0.10784
8771.8,0.10784
8786.7,0.10784
8801.6,0.10792
8816.6,0.10803
8831.6,0.10807
8846.6,0.10806
8861.8,0.10812
8876.9,0.10821
8892.2,0.10824
8907.4,0.10831
8922.8,0.1084
8938.2,0.10849
8953.6,0.10853
8969.1,0.10855
8984.6,0.1086
9000.2,0.10867
9015.9,0.10873
9031.6,0.10876
9047.4,0.10877
9063.2,0.10879
9079.0,0.10877
9095.0,0.10874
9111.0,0.10874
9127.0,0.10872
9143.1,0.10873
9159.3,0.10874
9175.5,0.10875
9191.7,0.10875
9208.1,0.10874
9224.4,0.10872
9240.9,0.10875
9257.4,0.10881
9273.9,0.10885
9290.6,0.10885
9307.2,0.10884
9324.0,0.1089
9340.8,0.10894
9357.6,0.10892
9374.6,0.1089
9391.5,0.10895
9408.6,0.10903
9425.7,0.10906
9442.9,0.10902
9460.1,0.10901
9477.4,0.10904
9494.8,0.10911
9512.2,0.10914
9529.7,0.10914
9547.2,0.10913
9564.8,0.10918
9582.5,0.10919
9600.3,0.10915
9618.1,0.10922
9635.9,0.10931
9653.9,0.10931
9671.9,0.10935
9690.0,0.10945
9708.1,0.10952
9726.3,0.10957
9744.6,0.10964
9763.0,0.10973
9781.4,0.1098
9799.9,0.10981
9818.4,0.10984
9837.1,0.10991
9855.8,0.11001
9874.5,0.11001
9893.4,0.10996
9912.3,0.1099
9931.3,0.10987
9950.4,0.10992
9969.5,0.10989
9988.7,0.1098
10008.0,0.10977
10027.3,0.10984
10046.8,0.10986
10066.3,0.10985
10085.9,0.10988
10105.5,0.10994
10125.3,0.10992
10145.1,0.10988
10165.0,0.10992
10184.9,0.11
10205.0,0.11
10225.1,0.10991
10245.3,0.10985
10265.6,0.10981
10286.0,0.10978
10306.4,0.10982
10327.0,0.10986
10347.6,0.10979
10368.3,0.10971
10389.0,0.10964
10409.9,0.10962
10430.9,0.10963
10451.9,0.10964
10473.0,0.10965
10494.2,0.1097
10515.5,0.10974
10536.9,0.10975
10558.3,0.10977
10579.9,0.10978
10601.5,0.10977
10623.2,0.10973
10645.0,0.10975
10666.9,0.10978
10688.9,0.10981
10711.0,0.10976
10733.2,0.10968
10755.5,0.10965
10777.8,0.10962
10800.3,0.10964
10822.8,0.10961
10845.5,0.10965
10868.2,0.10972
10891.0,0.10966
10914.0,0.10958
10937.0,0.10954
10960.1,0.10959
10983.3,0.10961
11006.7,0.10962
11030.1,0.10966
11053.6,0.10969
11077.2,0.10965
11100.9,0.10963
11124.8,0.10967
11148.7,0.10968
11172.7,0.10963
11196.8,0.10958
11221.1,0.10961
11245.4,0.10967
11269.9,0.10973
11294.4,0.1098
11319.1,0.1098
11343.8,0.10982
11368.7,0.10991
11393.7,0.10994
11418.8,0.10998
11444.0,0.11007
11469.3,0.11015
11494.8,0.11025
11520.3,0.11027
11546.0,0.11022
11571.7,0.11021
11597.6,0.11023
11623.6,0.1102
11649.7,0.11023
11676.0,0.11021
11702.3,0.11013
11728.8,0.11008
11755.4,0.11001
11782.1,0.10989
11809.0,0.10975
11835.9,0.10963
11863.0,0.10949
11890.2,0.10941
11917.6,0.10939
11945.0,0.10939
11972.6,0.10932
12000.3,0.10922
12028.2,0.10919
12056.1,0.10926
12084.2,0.10926
12112.5,0.10922
12140.8,0.10932
12169.3,0.10942
12198.0,0.10947
12226.7,0.10958
12255.6,0.10966
12284.7,0.10964
12313.9,0.10965
12343.2,0.10973
12372.6,0.10977
12402.2,0.1098
12432.0,0.10985
12461.9,0.10986
12491.9,0.10981
12522.1,0.10971
12552.4,0.10968
12582.9,0.1097
12613.5,0.1096
12644.2,0.10955
12675.1,0.10951
12706.2,0.10941
12737.4,0.10922
12768.8,0.10911
12800.3,0.1091
12832.0,0.10908
12863.9,0.10907
12895.9,0.10897
12928.0,0.10897
12960.3,0.10903
12992.8,0.10896
13025.5,0.10888
13058.3,0.10883
13091.3,0.10883
13124.4,0.10888
13157.7,0.10886
13191.2,0.10882
13224.8,0.10886
13258.7,0.10891
13292.7,0.10884
13326.8,0.1089
13361.2,0.10897
13395.7,0.10903
13430.4,0.10924
13465.3,0.1094
13500.4,0.10944
13535.6,0.10949
13571.0,0.1095
13606.7,0.10946
13642.5,0.10935
13678.5,0.10912
13714.6,0.10914
13751.0,0.10947
13787.6,0.10978
13824.4,0.10998
13861.3,0.11019
13898.5,0.11057
13935.8,0.11124
13973.4,0.11189
14011.2,0.1122
14049.1,0.11231
14087.3,0.11225
14125.7,0.11218
14164.3,0.11214
14203.1,0.11212
14242.1,0.11209
14281.4,0.1121
14320.8,0.11208
14360.5,0.1121
14400.4,0.11212
14440.5,0.11204
14480.8,0.11193
14521.4,0.11193
14562.2,0.11199
14603.2,0.11201
14644.4,0.11202
14685.9,0.11186
14727.7,0.11169
14769.6,0.11162
14811.8,0.11141
14854.3,0.11132
14896.9,0.11133
14939.9,0.11124
14983.0,0.11145
15026.5,0.11144
15070.2,0.11107
15114.1,0.11085
15158.3,0.11075
15202.7,0.11072
15247.5,0.11066
15292.4,0.11051
15337.7,0.11049
15383.2,0.1105
15429.0,0.11041
15475.0,0.11045
15521.4,0.11045
15568.0,0.1104
15614.9,0.11035
15662.0,0.11032
15709.5,0.11028
15757.2,0.11027
15805.3,0.11057
15853.6,0.11066
15902.3,0.11045
15951.2,0.11054
16000.4,0.11058
16050.0,0.11049
16099.8,0.11031
16150.0,0.11025
16200.4,0.11039
16251.2,0.11051
16302.3,0.11037
16353.7,0.11024
16405.5,0.1102
16457.6,0.11015
16510.0,0.11028
16562.7,0.11054
16615.8,0.11073
16669.2,0.11088
16723.0,0.11109
16777.1,0.11128
16831.6,0.11132
16886.4,0.11128
16941.6,0.11106
16997.2,0.11084
17053.1,0.11073
17109.4,0.11043
17166.0,0.11027
17223.0,0.11035
17280.5,0.11034
17338.2,0.11032
17396.4,0.1103
17455.0,0.11024
17514.0,0.11027
17573.3,0.11034
17633.1,0.11032
17693.3,0.11022
17753.9,0.11032
17814.9,0.11045
17876.3,0.11033
17938.2,0.11008
18000.5,0.10991
18063.2,0.11
18126.3,0.11014
18189.9,0.11009
18254.0,0.11017
18318.5,0.11039
18383.5,0.11029
18448.9,0.11017
18514.8,0.11017
18581.1,0.11021
18648.0,0.11023
18715.3,0.11018
18783.1,0.11009
18851.4,0.11007
18920.2,0.11027
18989.5,0.11036
19059.3,0.11044
19129.7,0.11043
19200.5,0.11038
19271.9,0.11038
19343.8,0.11044
19416.2,0.11063
19489.2,0.11056
19562.8,0.11051
19636.9,0.11051
19711.5,0.11032
19786.8,0.11039
19862.6,0.11042
19939.0,0.1104
20016.0,0.11051
20093.5,0.11036
20171.7,0.11028
20250.5,0.11028
20329.9,0.1103
20410.0,0.11033
20490.7,0.11056
20572.0,0.11071
20653.9,0.11062
20736.5,0.11045
20819.8,0.11045
20903.8,0.11066
20988.4,0.11069
21073.7,0.11052
21159.7,0.11042
21246.5,0.11029
21333.9,0.11052
21422.0,0.11054
21510.9,0.11
21600.6,0.11018
21690.9,0.11072
21782.1,0.11097
21874.0,0.11107
21966.7,0.11119
22060.1,0.11108
22154.4,0.11097
22249.5,0.11101
22345.4,0.11166
22442.1,0.11216
22539.7,0.11189
22638.1,0.11138
22737.4,0.11143
22837.6,0.11154
22938.7,0.11137
23040.6,0.11152
23143.5,0.11202
23247.2,0.11227
23352.0,0.11233
23457.6,0.11209
23564.3,0.11204
23671.8,0.11275
23780.4,0.11331
23890.0,0.1132
24000.6,0.11259
24112.3,0.11193
24224.9,0.11192
24338.7,0.11222
24453.5,0.11225
24569.4,0.112
24686.4,0.11329
24804.5,0.11384
24923.7,0.11233
25044.1,0.11239
25165.7,0.11339
25288.5,0.11438
25412.4,0.11412
25537.6,0.11392
25664.0,0.11391
25791.7,0.11321
25920.7,0.11284
