Composition,
Date Added,2004-08-04
Formula,
Grain Size Description,<150.0um
Grain Size,"(0.0, 150.0)"
Locality,"Jhalawan, Baluchistan, Pakistan"
Minimum Wavelength,1667
Sample Name,Karkh
Maximum Wavelength,25050
Database of Origin,RELAB
Other Information,L6
References,
Resolution,4.0
Material class,Rock
Sample Description,"Ordinary chondrite powder studied by Jarosevich, Meteoritics, 323-337, 1990.  Almost all metal removed.  USNM 7073"
Sample ID,BMR1TB137
Original Sample ID,TB-TJM-137
Viewing Geometry,unknown
Wavelength,Response
1666.7,0.12333
1667.3,0.1234
1667.8,0.12343
1668.3,0.12342
1668.9,0.12335
1669.4,0.12328
1670.0,0.12335
1670.5,0.12323
1671.0,0.12332
1671.6,0.12334
1672.1,0.12331
1672.7,0.12342
1673.2,0.12351
1673.7,0.12346
1674.3,0.12333
1674.8,0.12327
1675.4,0.12331
1675.9,0.12318
1676.4,0.12303
1677.0,0.12305
1677.5,0.12314
1678.1,0.12323
1678.6,0.12323
1679.2,0.12322
1679.7,0.12323
1680.3,0.1231
1680.8,0.12299
1681.3,0.12318
1681.9,0.1232
1682.4,0.12316
1683.0,0.1233
1683.5,0.12339
1684.1,0.12326
1684.6,0.12313
1685.2,0.12312
1685.7,0.12315
1686.3,0.12306
1686.8,0.12304
1687.3,0.1232
1687.9,0.12316
1688.4,0.12297
1689.0,0.12294
1689.6,0.12308
1690.1,0.12303
1690.7,0.12292
1691.2,0.1228
1691.8,0.12291
1692.3,0.1231
1692.9,0.12295
1693.4,0.12286
1694.0,0.12301
1694.5,0.12306
1695.1,0.12302
1695.6,0.12312
1696.2,0.12302
1696.7,0.12281
1697.3,0.12281
1697.8,0.123
1698.4,0.12308
1699.0,0.12304
1699.5,0.12289
1700.1,0.12275
1700.6,0.12274
1701.2,0.1229
1701.8,0.12303
1702.3,0.1231
1702.9,0.12296
1703.4,0.12267
1704.0,0.12259
1704.6,0.12263
1705.1,0.1227
1705.7,0.12279
1706.2,0.12277
1706.8,0.12261
1707.4,0.12256
1707.9,0.12272
1708.5,0.12281
1709.1,0.1227
1709.6,0.1226
1710.2,0.12256
1710.7,0.12251
1711.3,0.12262
1711.9,0.12274
1712.4,0.12267
1713.0,0.12269
1713.6,0.12266
1714.1,0.1226
1714.7,0.12262
1715.3,0.12264
1715.8,0.12262
1716.4,0.12254
1717.0,0.12258
1717.5,0.1226
1718.1,0.12253
1718.7,0.12256
1719.3,0.12261
1719.8,0.1226
1720.4,0.12255
1721.0,0.12244
1721.5,0.12251
1722.1,0.12263
1722.7,0.12259
1723.3,0.1225
1723.8,0.12244
1724.4,0.12245
1725.0,0.12241
1725.5,0.12245
1726.1,0.12252
1726.7,0.12249
1727.3,0.12242
1727.8,0.12235
1728.4,0.12231
1729.0,0.12243
1729.6,0.12238
1730.2,0.12231
1730.7,0.12227
1731.3,0.12232
1731.9,0.12245
1732.5,0.12239
1733.0,0.1223
1733.6,0.12237
1734.2,0.12237
1734.8,0.12228
1735.4,0.12213
1735.9,0.12207
1736.5,0.12218
1737.1,0.12214
1737.7,0.12198
1738.3,0.12203
1738.8,0.12217
1739.4,0.12228
1740.0,0.12229
1740.6,0.1222
1741.2,0.12204
1741.8,0.12199
1742.4,0.12198
1742.9,0.12201
1743.5,0.12209
1744.1,0.12213
1744.7,0.12214
1745.3,0.12217
1745.9,0.12206
1746.5,0.12202
1747.1,0.12204
1747.6,0.12208
1748.2,0.12201
1748.8,0.12195
1749.4,0.12197
1750.0,0.122
1750.6,0.12191
1751.2,0.12195
1751.8,0.12197
1752.4,0.12194
1753.0,0.12192
1753.6,0.12186
1754.2,0.12183
1754.7,0.12194
1755.3,0.12178
1755.9,0.12184
1756.5,0.12188
1757.1,0.12181
1757.7,0.12169
1758.3,0.12174
1758.9,0.12182
1759.5,0.12179
1760.1,0.12168
1760.7,0.12171
1761.3,0.12185
1761.9,0.12191
1762.5,0.1219
1763.1,0.12188
1763.7,0.12185
1764.3,0.12186
1764.9,0.12175
1765.5,0.1217
1766.1,0.12171
1766.7,0.12168
1767.3,0.12169
1767.9,0.12176
1768.5,0.12172
1769.1,0.12164
1769.7,0.12165
1770.3,0.12161
1770.9,0.12164
1771.5,0.1216
1772.1,0.12148
1772.7,0.12147
1773.3,0.12154
1773.9,0.12153
1774.6,0.12152
1775.2,0.12155
1775.8,0.12159
1776.4,0.12167
1777.0,0.12175
1777.6,0.12163
1778.2,0.12163
1778.8,0.12157
1779.4,0.12154
1780.0,0.12162
1780.7,0.12162
1781.3,0.12142
1781.9,0.1213
1782.5,0.12139
1783.1,0.12141
1783.7,0.12151
1784.3,0.1216
1784.9,0.12148
1785.6,0.12132
1786.2,0.12123
1786.8,0.12133
1787.4,0.12142
1788.0,0.12149
1788.6,0.12168
1789.3,0.12165
1789.9,0.12145
1790.5,0.12136
1791.1,0.12147
1791.7,0.12142
1792.3,0.12131
1793.0,0.12127
1793.6,0.12133
1794.2,0.12139
1794.8,0.12141
1795.4,0.12137
1796.1,0.12133
1796.7,0.12124
1797.3,0.12123
1797.9,0.12132
1798.6,0.12141
1799.2,0.12143
1799.8,0.12126
1800.4,0.12115
1801.1,0.12117
1801.7,0.12111
1802.3,0.12113
1802.9,0.12111
1803.6,0.12107
1804.2,0.12111
1804.8,0.1212
1805.5,0.12129
1806.1,0.12134
1806.7,0.12123
1807.3,0.12122
1808.0,0.12129
1808.6,0.12127
1809.2,0.12115
1809.9,0.12111
1810.5,0.12114
1811.1,0.12103
1811.8,0.12103
1812.4,0.12109
1813.0,0.12113
1813.7,0.12115
1814.3,0.12113
1814.9,0.12105
1815.6,0.12106
1816.2,0.12115
1816.8,0.12104
1817.5,0.12091
1818.1,0.12088
1818.8,0.12096
1819.4,0.12097
1820.0,0.12097
1820.7,0.12106
1821.3,0.12106
1821.9,0.12109
1822.6,0.12115
1823.2,0.12103
1823.9,0.12086
1824.5,0.1209
1825.2,0.12109
1825.8,0.12112
1826.4,0.12093
1827.1,0.12092
1827.7,0.12102
1828.4,0.121
1829.0,0.1209
1829.7,0.12077
1830.3,0.12076
1831.0,0.12089
1831.6,0.1209
1832.3,0.12089
1832.9,0.1209
1833.6,0.12078
1834.2,0.12083
1834.8,0.12094
1835.5,0.12101
1836.2,0.12115
1836.8,0.12103
1837.4,0.12097
1838.1,0.12097
1838.8,0.12078
1839.4,0.12083
1840.1,0.12095
1840.7,0.12083
1841.4,0.12075
1842.0,0.12073
1842.7,0.12073
1843.3,0.12085
1844.0,0.12094
1844.6,0.1209
1845.3,0.12084
1845.9,0.12083
1846.6,0.12076
1847.3,0.12076
1847.9,0.12077
1848.6,0.1208
1849.3,0.12072
1849.9,0.12072
1850.6,0.12079
1851.2,0.12071
1851.9,0.12068
1852.6,0.12079
1853.2,0.12078
1853.9,0.12073
1854.5,0.12069
1855.2,0.12069
1855.9,0.12082
1856.5,0.12086
1857.2,0.12077
1857.9,0.12078
1858.5,0.12078
1859.2,0.12079
1859.9,0.12082
1860.5,0.12071
1861.2,0.12065
1861.9,0.12071
1862.5,0.12069
1863.2,0.12066
1863.9,0.12068
1864.5,0.12072
1865.2,0.12078
1865.9,0.12081
1866.6,0.1208
1867.2,0.12076
1867.9,0.1207
1868.6,0.12065
1869.3,0.12065
1869.9,0.12062
1870.6,0.12071
1871.3,0.12073
1871.9,0.12067
1872.6,0.12071
1873.3,0.1207
1874.0,0.12066
1874.7,0.12065
1875.3,0.12065
1876.0,0.12067
1876.7,0.12067
1877.4,0.12063
1878.1,0.1206
1878.7,0.12055
1879.4,0.12054
1880.1,0.12051
1880.8,0.12051
1881.5,0.12053
1882.1,0.12062
1882.8,0.12076
1883.5,0.12078
1884.2,0.12065
1884.9,0.12053
1885.6,0.1205
1886.3,0.12048
1886.9,0.12054
1887.6,0.12069
1888.3,0.12069
1889.0,0.1205
1889.7,0.12046
1890.4,0.12063
1891.1,0.1206
1891.8,0.12052
1892.4,0.12056
1893.1,0.12065
1893.8,0.12063
1894.5,0.12061
1895.2,0.12055
1895.9,0.12047
1896.6,0.12045
1897.3,0.12049
1898.0,0.12056
1898.7,0.12053
1899.4,0.12057
1900.1,0.12056
1900.8,0.12049
1901.5,0.12049
1902.2,0.12051
1902.9,0.12045
1903.6,0.12039
1904.3,0.12043
1905.0,0.1205
1905.7,0.12044
1906.4,0.12038
1907.1,0.12038
1907.8,0.12039
1908.5,0.12039
1909.2,0.12035
1909.9,0.12035
1910.6,0.12042
1911.3,0.12044
1912.0,0.12047
1912.7,0.12049
1913.4,0.12041
1914.1,0.12045
1914.8,0.1205
1915.5,0.12044
1916.2,0.12043
1916.9,0.12043
1917.6,0.1204
1918.3,0.12043
1919.1,0.12035
1919.8,0.12029
1920.5,0.12037
1921.2,0.12042
1921.9,0.12038
1922.6,0.1204
1923.3,0.12043
1924.1,0.12047
1924.8,0.12047
1925.5,0.12045
1926.2,0.12039
1926.9,0.12045
1927.6,0.1205
1928.3,0.12052
1929.1,0.12045
1929.8,0.12032
1930.5,0.12039
1931.2,0.1205
1931.9,0.12048
1932.7,0.1205
1933.4,0.12047
1934.1,0.12043
1934.8,0.12039
1935.5,0.12045
1936.3,0.12047
1937.0,0.12036
1937.7,0.12036
1938.4,0.12044
1939.2,0.12048
1939.9,0.12048
1940.6,0.12046
1941.3,0.12041
1942.1,0.12047
1942.8,0.12052
1943.5,0.12047
1944.3,0.12041
1945.0,0.12037
1945.7,0.12031
1946.4,0.12041
1947.2,0.12052
1947.9,0.12049
1948.6,0.12046
1949.4,0.12044
1950.1,0.12045
1950.8,0.12048
1951.6,0.12055
1952.3,0.12065
1953.0,0.12069
1953.8,0.1206
1954.5,0.12053
1955.3,0.12053
1956.0,0.1206
1956.7,0.12064
1957.5,0.12064
1958.2,0.1206
1958.9,0.12052
1959.7,0.12056
1960.4,0.12071
1961.2,0.12069
1961.9,0.12063
1962.7,0.12061
1963.4,0.12062
1964.1,0.12056
1964.9,0.12065
1965.6,0.12068
1966.4,0.1206
1967.1,0.1206
1967.9,0.12059
1968.6,0.12058
1969.4,0.12059
1970.1,0.12058
1970.8,0.12064
1971.6,0.12065
1972.3,0.12063
1973.1,0.12067
1973.8,0.12072
1974.6,0.12076
1975.4,0.12077
1976.1,0.12075
1976.9,0.12074
1977.6,0.12072
1978.4,0.12071
1979.1,0.12069
1979.9,0.12073
1980.6,0.12075
1981.4,0.12071
1982.2,0.1207
1982.9,0.12076
1983.7,0.12071
1984.4,0.12071
1985.2,0.12077
1985.9,0.12077
1986.7,0.12079
1987.5,0.12079
1988.2,0.12079
1989.0,0.12083
1989.8,0.12085
1990.5,0.12083
1991.3,0.12071
1992.1,0.12067
1992.8,0.12079
1993.6,0.12091
1994.3,0.12092
1995.1,0.12089
1995.9,0.12088
1996.7,0.1209
1997.4,0.12091
1998.2,0.12099
1999.0,0.12097
1999.7,0.12089
2000.5,0.12087
2001.3,0.12093
2002.1,0.12097
2002.8,0.12093
2003.6,0.12095
2004.4,0.12099
2005.2,0.12099
2005.9,0.12099
2006.7,0.12101
2007.5,0.12105
2008.3,0.12098
2009.0,0.12097
2009.8,0.12102
2010.6,0.12101
2011.4,0.12101
2012.2,0.12102
2012.9,0.12099
2013.7,0.12102
2014.5,0.12104
2015.3,0.12105
2016.1,0.12108
2016.8,0.12112
2017.6,0.12106
2018.4,0.12108
2019.2,0.12116
2020.0,0.12112
2020.8,0.12102
2021.6,0.12105
2022.4,0.12108
2023.2,0.1211
2023.9,0.12117
2024.7,0.12122
2025.5,0.12118
2026.3,0.1212
2027.1,0.12125
2027.9,0.12124
2028.7,0.12118
2029.5,0.12118
2030.3,0.12123
2031.1,0.12127
2031.9,0.12124
2032.7,0.12118
2033.5,0.12119
2034.3,0.12126
2035.1,0.1213
2035.9,0.12132
2036.7,0.12135
2037.5,0.1214
2038.3,0.12141
2039.1,0.12135
2039.9,0.12136
2040.7,0.12137
2041.5,0.12133
2042.3,0.12126
2043.1,0.12133
2043.9,0.12141
2044.7,0.12139
2045.5,0.12141
2046.3,0.12142
2047.1,0.12137
2047.9,0.12139
2048.7,0.12137
2049.5,0.12135
2050.4,0.12143
2051.2,0.12148
2052.0,0.12158
2052.8,0.12159
2053.6,0.12159
2054.4,0.12164
2055.2,0.12164
2056.0,0.1216
2056.9,0.1216
2057.7,0.12165
2058.5,0.12171
2059.3,0.12167
2060.1,0.12163
2060.9,0.1216
2061.8,0.12162
2062.6,0.12174
2063.4,0.12176
2064.2,0.12165
2065.1,0.12162
2065.9,0.12168
2066.7,0.12177
2067.5,0.12177
2068.3,0.12175
2069.2,0.12174
2070.0,0.12178
2070.8,0.12175
2071.6,0.1217
2072.5,0.1217
2073.3,0.12171
2074.1,0.12175
2075.0,0.12183
2075.8,0.12183
2076.6,0.12186
2077.5,0.12187
2078.3,0.12188
2079.1,0.12189
2080.0,0.1219
2080.8,0.12194
2081.6,0.12197
2082.5,0.12191
2083.3,0.1219
2084.1,0.12197
2085.0,0.12201
2085.8,0.12201
2086.7,0.12203
2087.5,0.12201
2088.3,0.12199
2089.2,0.12204
2090.0,0.1221
2090.9,0.12214
2091.7,0.12215
2092.6,0.12211
2093.4,0.12209
2094.2,0.12211
2095.1,0.12213
2095.9,0.1221
2096.8,0.12211
2097.6,0.1222
2098.5,0.12224
2099.3,0.12223
2100.2,0.12224
2101.0,0.12224
2101.9,0.12227
2102.7,0.1223
2103.6,0.12234
2104.4,0.12234
2105.3,0.12239
2106.1,0.12244
2107.0,0.12243
2107.9,0.12244
2108.7,0.1224
2109.6,0.12234
2110.4,0.12244
2111.3,0.12251
2112.2,0.12246
2113.0,0.12245
2113.9,0.12246
2114.7,0.1225
2115.6,0.12254
2116.5,0.12258
2117.3,0.12254
2118.2,0.12247
2119.1,0.12254
2119.9,0.12259
2120.8,0.12262
2121.7,0.12262
2122.5,0.12259
2123.4,0.12266
2124.3,0.12267
2125.1,0.12273
2126.0,0.12271
2126.9,0.12265
2127.8,0.12261
2128.6,0.12264
2129.5,0.12273
2130.4,0.1228
2131.3,0.12277
2132.1,0.12276
2133.0,0.1228
2133.9,0.12278
2134.8,0.12278
2135.6,0.12278
2136.5,0.1228
2137.4,0.12281
2138.3,0.12281
2139.2,0.1228
2140.1,0.12289
2140.9,0.12293
2141.8,0.12295
2142.7,0.123
2143.6,0.12299
2144.5,0.12293
2145.4,0.1229
2146.3,0.12292
2147.1,0.12295
2148.0,0.12295
2148.9,0.12294
2149.8,0.123
2150.7,0.12303
2151.6,0.12303
2152.5,0.12304
2153.4,0.12302
2154.3,0.12307
2155.2,0.12311
2156.1,0.12309
2157.0,0.12304
2157.9,0.12306
2158.8,0.12312
2159.7,0.12314
2160.6,0.12316
2161.5,0.12318
2162.4,0.12322
2163.3,0.12324
2164.2,0.12323
2165.1,0.12324
2166.0,0.12328
2166.9,0.12324
2167.8,0.12319
2168.7,0.12324
2169.6,0.12324
2170.5,0.1233
2171.4,0.12328
2172.3,0.12325
2173.3,0.12327
2174.2,0.12327
2175.1,0.12328
2176.0,0.12329
2176.9,0.12331
2177.8,0.12341
2178.7,0.12339
2179.6,0.12336
2180.6,0.12335
2181.5,0.12335
2182.4,0.12337
2183.3,0.12343
2184.2,0.12345
2185.1,0.12348
2186.1,0.12345
2187.0,0.12343
2187.9,0.12349
2188.8,0.12352
2189.8,0.12346
2190.7,0.12346
2191.6,0.12349
2192.6,0.1236
2193.5,0.12363
2194.4,0.12358
2195.3,0.12358
2196.3,0.12356
2197.2,0.12357
2198.1,0.12362
2199.1,0.12359
2200.0,0.12361
2200.9,0.1237
2201.9,0.12373
2202.8,0.1237
2203.7,0.1237
2204.7,0.12374
2205.6,0.12376
2206.5,0.12373
2207.5,0.12369
2208.4,0.12371
2209.4,0.12378
2210.3,0.12376
2211.3,0.12377
2212.2,0.12382
2213.1,0.12385
2214.1,0.12386
2215.0,0.12386
2216.0,0.12385
2216.9,0.12386
2217.9,0.12387
2218.8,0.12388
2219.8,0.12391
2220.7,0.12388
2221.7,0.12388
2222.6,0.12391
2223.6,0.12388
2224.5,0.12392
2225.5,0.12394
2226.4,0.12396
2227.4,0.12402
2228.4,0.12402
2229.3,0.12398
2230.3,0.12399
2231.2,0.12401
2232.2,0.12408
2233.1,0.12414
2234.1,0.12408
2235.1,0.12404
2236.0,0.12405
2237.0,0.12407
2238.0,0.12412
2238.9,0.12416
2239.9,0.12418
2240.9,0.12415
2241.8,0.12412
2242.8,0.12413
2243.8,0.12415
2244.8,0.12415
2245.7,0.12418
2246.7,0.1242
2247.7,0.12426
2248.6,0.12431
2249.6,0.12429
2250.6,0.12428
2251.6,0.12436
2252.6,0.12437
2253.5,0.12437
2254.5,0.12437
2255.5,0.12436
2256.5,0.12431
2257.5,0.12432
2258.4,0.1243
2259.4,0.12431
2260.4,0.12442
2261.4,0.12448
2262.4,0.1244
2263.4,0.12442
2264.4,0.12447
2265.4,0.12447
2266.3,0.12443
2267.3,0.12442
2268.3,0.12448
2269.3,0.12452
2270.3,0.12449
2271.3,0.12448
2272.3,0.1245
2273.3,0.12459
2274.3,0.12458
2275.3,0.12459
2276.3,0.12467
2277.3,0.12467
2278.3,0.12463
2279.3,0.12464
2280.3,0.12466
2281.3,0.12469
2282.3,0.12468
2283.3,0.12465
2284.3,0.12467
2285.3,0.12471
2286.3,0.12467
2287.3,0.12464
2288.4,0.12463
2289.4,0.12468
2290.4,0.12475
2291.4,0.12478
2292.4,0.12478
2293.4,0.1248
2294.4,0.12478
2295.4,0.1248
2296.5,0.12484
2297.5,0.12482
2298.5,0.12477
2299.5,0.12478
2300.5,0.1248
2301.6,0.12484
2302.6,0.12486
2303.6,0.12487
2304.6,0.1249
2305.6,0.12488
2306.7,0.12487
2307.7,0.12489
2308.7,0.12488
2309.8,0.12489
2310.8,0.12489
2311.8,0.12494
2312.9,0.12502
2313.9,0.12504
2314.9,0.12505
2315.9,0.12509
2317.0,0.12506
2318.0,0.12497
2319.1,0.12498
2320.1,0.12503
2321.1,0.12507
2322.2,0.12512
2323.2,0.12513
2324.3,0.12511
2325.3,0.12515
2326.3,0.12516
2327.4,0.12513
2328.4,0.12513
2329.5,0.12514
2330.5,0.12509
2331.6,0.12509
2332.6,0.12516
2333.7,0.12521
2334.7,0.12523
2335.8,0.12523
2336.8,0.12523
2337.9,0.12524
2338.9,0.12526
2340.0,0.12525
2341.0,0.12523
2342.1,0.12525
2343.2,0.12523
2344.2,0.12525
2345.3,0.12532
2346.3,0.12532
2347.4,0.1253
2348.5,0.12534
2349.5,0.12536
2350.6,0.12531
2351.7,0.12529
2352.7,0.12529
2353.8,0.1253
2354.9,0.12534
2355.9,0.12542
2357.0,0.12547
2358.1,0.12544
2359.1,0.12543
2360.2,0.12544
2361.3,0.12546
2362.4,0.12544
2363.4,0.12541
2364.5,0.12545
2365.6,0.1255
2366.7,0.12547
2367.8,0.12546
2368.9,0.12549
2369.9,0.12549
2371.0,0.12552
2372.1,0.12556
2373.2,0.12556
2374.3,0.12556
2375.4,0.12554
2376.4,0.12553
2377.5,0.12554
2378.6,0.12554
2379.7,0.12558
2380.8,0.12562
2381.9,0.1256
2383.0,0.12559
2384.1,0.12558
2385.2,0.12559
2386.3,0.12562
2387.4,0.12564
2388.5,0.12565
2389.6,0.12568
2390.7,0.12569
2391.8,0.12565
2392.9,0.12568
2394.0,0.12572
2395.1,0.12573
2396.2,0.1257
2397.3,0.1257
2398.4,0.1257
2399.6,0.12575
2400.7,0.12579
2401.8,0.12581
2402.9,0.12583
2404.0,0.1258
2405.1,0.12575
2406.2,0.12575
2407.4,0.12577
2408.5,0.12583
2409.6,0.12588
2410.7,0.12592
2411.8,0.1259
2412.9,0.12591
2414.1,0.12592
2415.2,0.12591
2416.3,0.12593
2417.4,0.12594
2418.6,0.12592
2419.7,0.12594
2420.8,0.12594
2422.0,0.1259
2423.1,0.12593
2424.2,0.12601
2425.4,0.12601
2426.5,0.12601
2427.6,0.126
2428.8,0.12602
2429.9,0.12602
2431.1,0.12602
2432.2,0.12604
2433.3,0.12605
2434.5,0.12603
2435.6,0.12602
2436.8,0.12605
2437.9,0.12607
2439.1,0.12609
2440.2,0.12612
2441.4,0.12615
2442.5,0.12617
2443.6,0.12613
2444.8,0.12613
2446.0,0.12616
2447.1,0.12613
2448.3,0.1261
2449.4,0.12615
2450.6,0.12616
2451.7,0.12612
2452.9,0.12609
2454.1,0.12612
2455.2,0.12617
2456.4,0.12619
2457.6,0.12618
2458.7,0.12616
2459.9,0.12617
2461.1,0.12619
2462.2,0.12619
2463.4,0.12623
2464.6,0.12628
2465.7,0.12629
2466.9,0.1263
2468.1,0.12634
2469.3,0.12634
2470.4,0.1263
2471.6,0.1263
2472.8,0.1263
2474.0,0.12631
2475.1,0.12633
2476.3,0.12635
2477.5,0.12635
2478.7,0.12635
2479.9,0.12639
2481.1,0.12641
2482.3,0.12641
2483.4,0.12642
2484.6,0.12643
2485.8,0.12642
2487.0,0.12646
2488.2,0.12649
2489.4,0.12647
2490.6,0.12646
2491.8,0.12651
2493.0,0.1265
2494.2,0.12648
2495.4,0.1265
2496.6,0.12654
2497.8,0.12658
2499.0,0.12656
2500.2,0.12651
2501.4,0.12651
2502.6,0.12657
2503.8,0.12661
2505.0,0.12661
2506.3,0.12661
2507.5,0.12662
2508.7,0.12662
2509.9,0.12661
2511.1,0.12663
2512.3,0.12663
2513.5,0.12662
2514.8,0.12662
2516.0,0.12665
2517.2,0.12663
2518.4,0.12667
2519.6,0.12671
2520.9,0.12669
2522.1,0.12669
2523.3,0.12672
2524.6,0.12672
2525.8,0.12671
2527.0,0.1267
2528.3,0.12672
2529.5,0.12676
2530.7,0.1268
2531.9,0.1268
2533.2,0.12684
2534.4,0.12681
2535.7,0.1268
2536.9,0.1268
2538.1,0.12679
2539.4,0.12683
2540.6,0.12685
2541.9,0.12687
2543.1,0.12692
2544.4,0.12688
2545.6,0.12682
2546.9,0.12687
2548.1,0.12693
2549.4,0.12689
2550.6,0.1269
2551.9,0.12695
2553.1,0.12695
2554.4,0.12687
2555.7,0.12687
2556.9,0.12688
2558.2,0.1269
2559.4,0.12698
2560.7,0.1271
2562.0,0.12715
2563.2,0.12719
2564.5,0.12716
2565.8,0.127
2567.1,0.12695
2568.3,0.12707
2569.6,0.12715
2570.9,0.12702
2572.1,0.12706
2573.4,0.12724
2574.7,0.1271
2576.0,0.12713
2577.3,0.12721
2578.5,0.12709
2579.8,0.12711
2581.1,0.12718
2582.4,0.12717
2583.7,0.12733
2585.0,0.12723
2586.3,0.12719
2587.5,0.12729
2588.8,0.12724
2590.1,0.12714
2591.4,0.12709
2592.7,0.12723
2594.0,0.12761
2595.3,0.12772
2596.6,0.12733
2597.9,0.12717
2599.2,0.12709
2600.5,0.12712
2601.8,0.12724
2603.1,0.12733
2604.4,0.12743
2605.8,0.12746
2607.1,0.12734
2608.4,0.12731
2609.7,0.12733
2611.0,0.12727
2612.3,0.12727
2613.6,0.12727
2614.9,0.12724
2616.3,0.12745
2617.6,0.12743
2618.9,0.12733
2620.2,0.1275
2621.6,0.12735
2622.9,0.1272
2624.2,0.1272
2625.5,0.12736
2626.9,0.12747
2628.2,0.12725
2629.5,0.12744
2630.9,0.12755
2632.2,0.12731
2633.5,0.12733
2634.9,0.12727
2636.2,0.12717
2637.6,0.12718
2638.9,0.12719
2640.2,0.12723
2641.6,0.12727
2642.9,0.12726
2644.3,0.12725
2645.6,0.12731
2647.0,0.12723
2648.3,0.12716
2649.7,0.12719
2651.0,0.12727
2652.4,0.12731
2653.8,0.12721
2655.1,0.12722
2656.5,0.12718
2657.8,0.12715
2659.2,0.12727
2660.6,0.12728
2661.9,0.12725
2663.3,0.12726
2664.7,0.12747
2666.0,0.12758
2667.4,0.12743
2668.8,0.12736
2670.1,0.12763
2671.5,0.12731
2672.9,0.127
2674.3,0.12701
2675.7,0.12717
2677.0,0.12721
2678.4,0.12707
2679.8,0.127
2681.2,0.12689
2682.6,0.12695
2684.0,0.12698
2685.4,0.12692
2686.8,0.1269
2688.1,0.12686
2689.5,0.12685
2690.9,0.12684
2692.3,0.12697
2693.7,0.12711
2695.1,0.12704
2696.5,0.12686
2697.9,0.12669
2699.3,0.12668
2700.8,0.12676
2702.1,0.12669
2703.6,0.12657
2705.0,0.12653
2706.4,0.12643
2707.8,0.12647
2709.2,0.1266
2710.6,0.12649
2712.1,0.12618
2713.5,0.12602
2714.9,0.12592
2716.3,0.12584
2717.7,0.12586
2719.2,0.12596
2720.6,0.12604
2722.0,0.12554
2723.4,0.12536
2724.9,0.12525
2726.3,0.12481
2727.7,0.12451
2729.2,0.12436
2730.6,0.12413
2732.1,0.1239
2733.5,0.12379
2734.9,0.12371
2736.4,0.12338
2737.8,0.12325
2739.3,0.12329
2740.7,0.12308
2742.2,0.12264
2743.6,0.12223
2745.1,0.12199
2746.5,0.12178
2748.0,0.12157
2749.4,0.12138
2750.9,0.12122
2752.4,0.12099
2753.8,0.12084
2755.3,0.12087
2756.7,0.12039
2758.2,0.11996
2759.7,0.11976
2761.1,0.11966
2762.6,0.11958
2764.1,0.11934
2765.6,0.11906
2767.0,0.11889
2768.5,0.11869
2770.0,0.11853
2771.5,0.11836
2773.0,0.11805
2774.4,0.1178
2775.9,0.11765
2777.4,0.11748
2778.9,0.11726
2780.4,0.11713
2781.9,0.11701
2783.4,0.11679
2784.9,0.11668
2786.4,0.11662
2787.9,0.11637
2789.4,0.11603
2790.9,0.11584
2792.4,0.11571
2793.9,0.11562
2795.4,0.11548
2796.9,0.11533
2798.4,0.1152
2799.9,0.11503
2801.4,0.11496
2802.9,0.11497
2804.4,0.11474
2806.0,0.11449
2807.5,0.11436
2809.0,0.11425
2810.5,0.11411
2812.1,0.114
2813.6,0.1139
2815.1,0.11378
2816.6,0.11362
2818.2,0.11354
2819.7,0.11341
2821.2,0.11325
2822.8,0.11315
2824.3,0.11309
2825.9,0.11299
2827.4,0.11285
2828.9,0.11276
2830.5,0.11272
2832.0,0.11263
2833.6,0.11252
2835.1,0.11241
2836.7,0.11228
2838.2,0.11216
2839.8,0.11209
2841.3,0.11203
2842.9,0.11196
2844.4,0.11188
2846.0,0.11178
2847.6,0.11174
2849.1,0.1117
2850.7,0.11161
2852.3,0.11153
2853.8,0.11144
2855.4,0.11131
2857.0,0.11123
2858.6,0.11117
2860.1,0.11114
2861.7,0.11109
2863.3,0.11102
2864.9,0.11092
2866.5,0.1108
2868.1,0.11071
2869.6,0.11068
2871.2,0.11067
2872.8,0.11059
2874.4,0.11052
2876.0,0.11047
2877.6,0.11043
2879.2,0.11039
2880.8,0.11032
2882.4,0.11021
2884.0,0.11013
2885.6,0.11011
2887.2,0.11012
2888.8,0.11008
2890.4,0.11001
2892.0,0.10997
2893.6,0.10996
2895.3,0.10993
2896.9,0.10988
2898.5,0.10983
2900.1,0.10981
2901.8,0.10979
2903.4,0.10977
2905.0,0.10972
2906.6,0.10965
2908.3,0.10958
2909.9,0.10948
2911.5,0.10945
2913.2,0.10946
2914.8,0.10943
2916.4,0.10941
2918.1,0.10944
2919.7,0.10941
2921.4,0.10939
2923.0,0.10937
2924.7,0.10936
2926.3,0.10936
2928.0,0.10932
2929.6,0.10924
2931.3,0.10923
2932.9,0.1092
2934.6,0.10917
2936.3,0.10919
2937.9,0.10915
2939.6,0.10906
2941.3,0.10902
2942.9,0.10909
2944.6,0.10913
2946.3,0.10911
2947.9,0.10904
2949.6,0.10901
2951.3,0.10908
2953.0,0.10908
2954.7,0.10905
2956.3,0.10908
2958.0,0.10908
2959.7,0.10907
2961.4,0.10911
2963.1,0.10911
2964.8,0.1091
2966.5,0.10904
2968.2,0.10898
2969.9,0.10901
2971.6,0.1091
2973.3,0.10914
2975.0,0.10913
2976.7,0.10912
2978.4,0.10917
2980.1,0.1092
2981.9,0.10919
2983.6,0.10915
2985.3,0.10915
2987.0,0.10924
2988.7,0.10927
2990.4,0.10925
2992.2,0.10923
2993.9,0.10923
2995.6,0.10923
2997.4,0.10926
2999.1,0.10926
3000.8,0.10927
3002.6,0.1093
3004.3,0.1093
3006.1,0.10927
3007.8,0.10926
3009.5,0.1093
3011.3,0.10929
3013.0,0.10927
3014.8,0.10928
3016.5,0.10928
3018.3,0.10927
3020.1,0.10925
3021.8,0.10919
3023.6,0.10912
3025.3,0.10909
3027.1,0.10917
3028.9,0.10926
3030.6,0.10928
3032.4,0.10925
3034.2,0.1092
3036.0,0.10916
3037.7,0.10913
3039.5,0.10918
3041.3,0.10922
3043.1,0.10919
3044.9,0.10917
3046.7,0.10917
3048.5,0.10915
3050.3,0.10914
3052.1,0.10911
3053.8,0.10909
3055.6,0.10905
3057.4,0.10897
3059.3,0.10897
3061.1,0.109
3062.9,0.10901
3064.7,0.10896
3066.5,0.10895
3068.3,0.10896
3070.1,0.10892
3071.9,0.10889
3073.8,0.10892
3075.6,0.10892
3077.4,0.10889
3079.2,0.10885
3081.1,0.10885
3082.9,0.10888
3084.7,0.10888
3086.6,0.10885
3088.4,0.10886
3090.2,0.10885
3092.1,0.10879
3093.9,0.10879
3095.8,0.10886
3097.6,0.10886
3099.5,0.10886
3101.3,0.10888
3103.2,0.10893
3105.1,0.10895
3106.9,0.10892
3108.8,0.1089
3110.6,0.10896
3112.5,0.109
3114.4,0.10902
3116.2,0.10905
3118.1,0.10906
3120.0,0.10909
3121.9,0.10913
3123.8,0.10916
3125.6,0.10921
3127.5,0.10923
3129.4,0.10925
3131.3,0.10928
3133.2,0.10929
3135.1,0.10932
3137.0,0.10939
3138.9,0.10945
3140.8,0.1095
3142.7,0.10953
3144.6,0.10958
3146.5,0.10966
3148.4,0.10974
3150.3,0.10977
3152.2,0.10981
3154.1,0.10987
3156.1,0.10993
3158.0,0.10999
3159.9,0.11005
3161.8,0.1101
3163.8,0.11015
3165.7,0.11023
3167.6,0.11032
3169.6,0.11036
3171.5,0.11036
3173.5,0.11044
3175.4,0.1106
3177.3,0.1107
3179.3,0.11079
3181.2,0.11089
3183.2,0.11095
3185.1,0.11097
3187.1,0.11106
3189.1,0.11121
3191.0,0.11133
3193.0,0.11141
3195.0,0.11147
3196.9,0.11156
3198.9,0.11169
3200.9,0.11183
3202.9,0.11191
3204.8,0.11192
3206.8,0.112
3208.8,0.11212
3210.8,0.11228
3212.8,0.11243
3214.8,0.11251
3216.8,0.11261
3218.8,0.11278
3220.8,0.1129
3222.8,0.113
3224.8,0.1131
3226.8,0.1132
3228.8,0.11333
3230.8,0.11343
3232.8,0.11352
3234.8,0.11361
3236.8,0.11373
3238.9,0.11385
3240.9,0.11393
3242.9,0.11402
3244.9,0.11414
3247.0,0.11421
3249.0,0.11428
3251.1,0.11443
3253.1,0.11458
3255.1,0.1147
3257.2,0.11481
3259.2,0.11488
3261.3,0.11496
3263.3,0.11508
3265.4,0.11518
3267.4,0.11532
3269.5,0.11541
3271.6,0.11546
3273.6,0.11554
3275.7,0.11564
3277.8,0.11569
3279.8,0.11579
3281.9,0.11589
3284.0,0.11597
3286.1,0.11605
3288.2,0.11614
3290.2,0.11626
3292.3,0.11637
3294.4,0.11641
3296.5,0.11648
3298.6,0.11658
3300.7,0.11665
3302.8,0.11675
3304.9,0.11681
3307.0,0.11686
3309.1,0.11694
3311.3,0.11702
3313.4,0.11707
3315.5,0.11712
3317.6,0.11716
3319.7,0.1172
3321.9,0.11731
3324.0,0.11745
3326.1,0.11754
3328.3,0.11758
3330.4,0.11763
3332.5,0.1177
3334.7,0.11776
3336.8,0.11782
3339.0,0.11788
3341.1,0.11791
3343.3,0.11798
3345.4,0.11805
3347.6,0.11809
3349.8,0.11815
3351.9,0.11819
3354.1,0.1182
3356.3,0.11821
3358.4,0.11826
3360.6,0.11828
3362.8,0.11824
3365.0,0.11821
3367.2,0.11816
3369.4,0.11807
3371.5,0.11799
3373.7,0.11798
3375.9,0.11798
3378.1,0.11802
3380.3,0.11812
3382.5,0.11827
3384.7,0.11837
3386.9,0.11845
3389.2,0.11854
3391.4,0.11856
3393.6,0.1185
3395.8,0.11843
3398.1,0.11835
3400.3,0.1183
3402.5,0.11821
3404.7,0.11804
3407.0,0.11783
3409.2,0.11763
3411.5,0.11742
3413.7,0.11725
3416.0,0.11716
3418.2,0.11717
3420.5,0.11729
3422.7,0.1175
3425.0,0.11777
3427.3,0.11807
3429.5,0.11837
3431.8,0.11862
3434.1,0.11888
3436.3,0.11911
3438.6,0.11927
3440.9,0.11941
3443.2,0.11953
3445.5,0.11966
3447.8,0.11978
3450.1,0.11989
3452.4,0.11998
3454.6,0.12005
3456.9,0.12018
3459.3,0.12028
3461.6,0.12037
3463.9,0.12045
3466.2,0.1205
3468.5,0.12052
3470.8,0.12052
3473.2,0.12053
3475.5,0.12057
3477.8,0.12059
3480.1,0.12056
3482.5,0.12058
3484.8,0.12061
3487.2,0.12061
3489.5,0.12056
3491.9,0.12047
3494.2,0.12037
3496.6,0.12024
3498.9,0.12014
3501.3,0.12009
3503.7,0.12013
3506.0,0.12027
3508.4,0.12049
3510.8,0.12077
3513.2,0.12104
3515.5,0.12129
3517.9,0.1215
3520.3,0.12162
3522.7,0.12168
3525.1,0.1218
3527.5,0.12192
3529.9,0.12202
3532.3,0.12209
3534.7,0.12213
3537.1,0.12218
3539.5,0.12225
3541.9,0.12233
3544.4,0.12236
3546.8,0.12241
3549.2,0.12247
3551.7,0.12253
3554.1,0.12259
3556.5,0.12261
3559.0,0.12263
3561.4,0.1227
3563.9,0.12273
3566.3,0.12275
3568.8,0.12281
3571.2,0.12286
3573.7,0.12285
3576.1,0.12287
3578.6,0.12294
3581.1,0.12298
3583.6,0.12297
3586.0,0.12297
3588.5,0.12301
3591.0,0.12309
3593.5,0.12315
3596.0,0.12318
3598.5,0.12319
3601.0,0.1232
3603.5,0.12321
3606.0,0.12326
3608.5,0.12332
3611.0,0.12336
3613.5,0.12337
3616.1,0.12339
3618.6,0.12343
3621.1,0.12346
3623.6,0.12348
3626.2,0.12349
3628.7,0.1235
3631.3,0.12355
3633.8,0.12359
3636.3,0.12361
3638.9,0.12363
3641.4,0.12366
3644.0,0.12369
3646.6,0.12372
3649.1,0.12375
3651.7,0.12377
3654.3,0.12379
3656.9,0.12382
3659.4,0.12386
3662.0,0.12387
3664.6,0.12388
3667.2,0.1239
3669.8,0.12395
3672.4,0.12399
3675.0,0.12401
3677.6,0.12405
3680.2,0.12409
3682.8,0.1241
3685.4,0.12412
3688.1,0.12416
3690.7,0.12419
3693.3,0.12423
3695.9,0.12426
3698.6,0.12428
3701.2,0.12432
3703.9,0.12434
3706.5,0.12435
3709.2,0.12439
3711.8,0.12443
3714.5,0.12445
3717.1,0.12445
3719.8,0.12447
3722.5,0.12448
3725.2,0.12451
3727.8,0.12454
3730.5,0.12456
3733.2,0.12457
3735.9,0.12457
3738.6,0.12462
3741.3,0.12464
3744.0,0.12467
3746.7,0.12468
3749.4,0.1247
3752.1,0.12473
3754.8,0.12474
3757.6,0.12473
3760.3,0.12474
3763.0,0.12477
3765.7,0.12477
3768.5,0.12476
3771.2,0.12478
3774.0,0.1248
3776.7,0.12483
3779.5,0.12486
3782.2,0.12488
3785.0,0.12486
3787.7,0.12486
3790.5,0.12487
3793.3,0.12488
3796.1,0.12491
3798.8,0.12492
3801.6,0.12493
3804.4,0.12495
3807.2,0.12494
3810.0,0.12492
3812.8,0.12494
3815.6,0.12494
3818.4,0.12495
3821.2,0.12497
3824.1,0.12499
3826.9,0.125
3829.7,0.12501
3832.5,0.12502
3835.4,0.12502
3838.2,0.12503
3841.1,0.12506
3843.9,0.12507
3846.8,0.12508
3849.6,0.1251
3852.5,0.12511
3855.3,0.12512
3858.2,0.12511
3861.1,0.12511
3863.9,0.12512
3866.8,0.12513
3869.7,0.12514
3872.6,0.12515
3875.5,0.12517
3878.4,0.1252
3881.3,0.12522
3884.2,0.12522
3887.1,0.12522
3890.0,0.12521
3893.0,0.12523
3895.9,0.12524
3898.8,0.12525
3901.7,0.12526
3904.7,0.12528
3907.6,0.12528
3910.6,0.12528
3913.5,0.12527
3916.5,0.12527
3919.4,0.12529
3922.4,0.12529
3925.4,0.1253
3928.4,0.12529
3931.3,0.12529
3934.3,0.12529
3937.3,0.12528
3940.3,0.12526
3943.3,0.12523
3946.3,0.12524
3949.3,0.12525
3952.3,0.12525
3955.3,0.12526
3958.3,0.12527
3961.4,0.12525
3964.4,0.12524
3967.4,0.12524
3970.5,0.12524
3973.5,0.12525
3976.6,0.12527
3979.6,0.12526
3982.6,0.12526
3985.7,0.12524
3988.8,0.12522
3991.9,0.12521
3994.9,0.12521
3998.0,0.12517
4001.1,0.12516
4004.2,0.12515
4007.3,0.12515
4010.4,0.12515
4013.5,0.12514
4016.6,0.12512
4019.7,0.12511
4022.8,0.12512
4025.9,0.12511
4029.1,0.12511
4032.2,0.12511
4035.3,0.12509
4038.5,0.12508
4041.6,0.12506
4044.8,0.12504
4047.9,0.12505
4051.1,0.12504
4054.3,0.12503
4057.4,0.12503
4060.6,0.12502
4063.8,0.12502
4067.0,0.12502
4070.2,0.125
4073.4,0.12498
4076.6,0.12497
4079.8,0.12495
4083.0,0.12493
4086.2,0.12491
4089.4,0.12492
4092.7,0.1249
4095.9,0.12487
4099.1,0.12486
4102.4,0.12485
4105.6,0.12483
4108.9,0.12481
4112.1,0.12478
4115.4,0.12475
4118.7,0.12474
4122.0,0.12474
4125.2,0.12471
4128.5,0.12467
4131.8,0.12464
4135.1,0.12463
4138.4,0.12462
4141.7,0.1246
4145.0,0.12457
4148.3,0.12454
4151.6,0.12452
4155.0,0.12451
4158.3,0.12449
4161.6,0.12446
4165.0,0.12442
4168.3,0.12438
4171.7,0.12438
4175.0,0.12438
4178.4,0.12437
4181.8,0.12435
4185.2,0.1243
4188.5,0.12426
4191.9,0.12426
4195.3,0.12426
4198.7,0.12422
4202.1,0.12417
4205.5,0.12412
4208.9,0.12404
4212.4,0.12397
4215.8,0.12392
4219.2,0.12383
4222.6,0.12377
4226.1,0.12372
4229.5,0.12367
4233.0,0.12363
4236.5,0.12361
4239.9,0.12358
4243.4,0.12356
4246.9,0.12353
4250.3,0.12355
4253.8,0.1236
4257.3,0.12364
4260.8,0.1236
4264.3,0.12352
4267.8,0.12346
4271.3,0.12343
4274.9,0.12337
4278.4,0.12334
4281.9,0.12333
4285.5,0.12333
4289.0,0.1233
4292.6,0.12328
4296.1,0.12327
4299.7,0.12323
4303.3,0.1232
4306.8,0.12322
4310.4,0.12323
4314.0,0.12325
4317.6,0.12325
4321.2,0.12325
4324.8,0.12322
4328.4,0.12321
4332.0,0.12319
4335.6,0.12317
4339.3,0.12315
4342.9,0.12314
4346.5,0.12309
4350.2,0.12304
4353.8,0.12299
4357.5,0.12297
4361.1,0.12294
4364.8,0.12294
4368.5,0.12291
4372.2,0.12288
4375.9,0.12285
4379.6,0.12283
4383.3,0.12281
4387.0,0.12277
4390.7,0.12273
4394.4,0.12271
4398.1,0.12266
4401.9,0.12262
4405.6,0.12259
4409.4,0.12257
4413.1,0.12253
4416.9,0.12249
4420.6,0.12242
4424.4,0.12238
4428.2,0.12233
4432.0,0.12228
4435.8,0.12224
4439.6,0.12224
4443.4,0.12223
4447.2,0.1222
4451.0,0.12213
4454.8,0.12208
4458.6,0.12205
4462.5,0.12203
4466.3,0.12198
4470.2,0.12194
4474.0,0.1219
4477.9,0.12186
4481.8,0.12183
4485.6,0.12181
4489.5,0.12175
4493.4,0.12171
4497.3,0.12166
4501.2,0.12163
4505.1,0.1216
4509.0,0.12157
4513.0,0.12153
4516.9,0.12149
4520.9,0.12142
4524.8,0.12136
4528.7,0.12131
4532.7,0.12128
4536.7,0.12122
4540.6,0.12118
4544.6,0.12112
4548.6,0.12106
4552.6,0.12098
4556.6,0.12094
4560.6,0.12088
4564.6,0.1208
4568.6,0.12073
4572.7,0.12069
4576.7,0.12061
4580.8,0.12053
4584.8,0.12045
4588.9,0.12039
4592.9,0.1203
4597.0,0.12021
4601.1,0.12012
4605.2,0.12004
4609.3,0.11995
4613.4,0.11988
4617.5,0.1198
4621.6,0.11971
4625.7,0.11962
4629.8,0.11953
4634.0,0.11943
4638.1,0.11934
4642.3,0.11921
4646.4,0.11911
4650.6,0.11901
4654.8,0.11891
4659.0,0.11881
4663.1,0.11872
4667.3,0.11862
4671.5,0.11855
4675.8,0.11843
4680.0,0.11832
4684.2,0.11822
4688.4,0.11815
4692.7,0.11806
4696.9,0.11797
4701.2,0.11789
4705.5,0.11781
4709.7,0.11771
4714.0,0.11761
4718.3,0.11752
4722.6,0.11745
4726.9,0.11737
4731.2,0.11727
4735.5,0.11718
4739.9,0.11711
4744.2,0.11702
4748.5,0.11695
4752.9,0.11686
4757.3,0.11677
4761.6,0.11666
4766.0,0.11657
4770.4,0.11646
4774.8,0.11636
4779.2,0.11624
4783.6,0.11614
4788.0,0.11602
4792.4,0.11589
4796.9,0.11574
4801.3,0.11562
4805.8,0.11547
4810.2,0.11534
4814.7,0.11522
4819.1,0.11509
4823.6,0.11494
4828.1,0.11483
4832.6,0.11471
4837.1,0.11458
4841.6,0.11445
4846.2,0.11433
4850.7,0.11421
4855.3,0.11409
4859.8,0.11395
4864.4,0.11383
4868.9,0.1137
4873.5,0.11355
4878.1,0.11342
4882.7,0.11329
4887.3,0.11311
4891.9,0.11295
4896.5,0.11277
4901.1,0.11258
4905.8,0.11236
4910.4,0.11214
4915.1,0.11191
4919.7,0.11166
4924.4,0.1114
4929.1,0.11116
4933.8,0.11091
4938.5,0.11069
4943.2,0.11045
4947.9,0.11023
4952.6,0.11001
4957.4,0.10979
4962.1,0.10957
4966.9,0.10939
4971.6,0.10922
4976.4,0.10908
4981.2,0.10898
4986.0,0.10887
4990.8,0.10877
4995.6,0.10872
5000.4,0.10864
5005.2,0.10855
5010.0,0.10846
5014.9,0.10841
5019.8,0.10835
5024.6,0.10827
5029.5,0.10819
5034.4,0.10811
5039.3,0.10801
5044.2,0.10791
5049.1,0.10781
5054.0,0.1077
5058.9,0.10756
5063.9,0.10744
5068.8,0.10732
5073.8,0.10718
5078.8,0.10708
5083.7,0.10698
5088.7,0.10682
5093.7,0.10667
5098.7,0.10653
5103.7,0.1064
5108.8,0.10626
5113.8,0.10611
5118.9,0.10595
5123.9,0.1058
5129.0,0.10563
5134.1,0.10546
5139.1,0.10526
5144.3,0.10511
5149.4,0.10493
5154.5,0.10474
5159.6,0.10459
5164.7,0.10445
5169.9,0.1043
5175.0,0.10419
5180.2,0.10408
5185.4,0.104
5190.6,0.10395
5195.8,0.10392
5201.0,0.10388
5206.2,0.10382
5211.5,0.10379
5216.7,0.10371
5222.0,0.1036
5227.2,0.10354
5232.5,0.10348
5237.8,0.10346
5243.1,0.10339
5248.4,0.10331
5253.7,0.10327
5259.0,0.10327
5264.4,0.10324
5269.7,0.10325
5275.1,0.10325
5280.5,0.10325
5285.8,0.10328
5291.2,0.10336
5296.6,0.10338
5302.0,0.10338
5307.5,0.10336
5312.9,0.10337
5318.4,0.10338
5323.8,0.10337
5329.3,0.10333
5334.8,0.1033
5340.3,0.10326
5345.8,0.10328
5351.3,0.10323
5356.8,0.10305
5362.4,0.10288
5367.9,0.10275
5373.5,0.10261
5379.0,0.10245
5384.6,0.10226
5390.2,0.10208
5395.8,0.10186
5401.5,0.10165
5407.1,0.10149
5412.7,0.10132
5418.4,0.10119
5424.1,0.10098
5429.7,0.10065
5435.4,0.10044
5441.1,0.10025
5446.8,0.10009
5452.6,0.0999
5458.3,0.09981
5464.1,0.09976
5469.8,0.09959
5475.6,0.09947
5481.4,0.09939
5487.2,0.09927
5493.0,0.09925
5498.8,0.09922
5504.7,0.09918
5510.5,0.09912
5516.4,0.09913
5522.3,0.09909
5528.1,0.09901
5534.0,0.0989
5540.0,0.09878
5545.9,0.09867
5551.8,0.09856
5557.8,0.09831
5563.7,0.09805
5569.7,0.09778
5575.7,0.09752
5581.7,0.0971
5587.7,0.09659
5593.7,0.09615
5599.8,0.09572
5605.8,0.09525
5611.9,0.09486
5618.0,0.0945
5624.1,0.09415
5630.2,0.09388
5636.3,0.09375
5642.4,0.09364
5648.6,0.09345
5654.7,0.09341
5660.9,0.09341
5667.1,0.09349
5673.3,0.09378
5679.5,0.09404
5685.7,0.0943
5692.0,0.09468
5698.2,0.09499
5704.5,0.09536
5710.8,0.09581
5717.1,0.09612
5723.4,0.09641
5729.7,0.09665
5736.0,0.09691
5742.4,0.09714
5748.8,0.09733
5755.1,0.09739
5761.5,0.09763
5768.0,0.09775
5774.4,0.09758
5780.8,0.09745
5787.3,0.09732
5793.7,0.09717
5800.2,0.09704
5806.7,0.09689
5813.2,0.09684
5819.8,0.09681
5826.3,0.09661
5832.8,0.09632
5839.4,0.09604
5846.0,0.09584
5852.6,0.0957
5859.2,0.09556
5865.8,0.09535
5872.5,0.09517
5879.1,0.09521
5885.8,0.09483
5892.5,0.09458
5899.2,0.09425
5905.9,0.09379
5912.6,0.09351
5919.4,0.09319
5926.2,0.09286
5932.9,0.09272
5939.7,0.09229
5946.5,0.0917
5953.4,0.09124
5960.2,0.09085
5967.1,0.09052
5974.0,0.09
5980.8,0.08957
5987.8,0.08925
5994.7,0.08873
6001.6,0.08831
6008.6,0.08807
6015.5,0.08787
6022.5,0.08764
6029.5,0.08754
6036.5,0.08762
6043.6,0.08797
6050.6,0.08822
6057.7,0.0881
6064.8,0.08827
6071.9,0.08853
6079.0,0.08851
6086.1,0.08846
6093.3,0.08846
6100.5,0.08845
6107.6,0.0885
6114.8,0.08845
6122.1,0.08812
6129.3,0.08793
6136.5,0.08784
6143.8,0.08771
6151.1,0.08756
6158.4,0.08746
6165.7,0.08723
6173.1,0.08707
6180.4,0.08709
6187.8,0.08704
6195.2,0.08682
6202.6,0.08674
6210.0,0.08674
6217.5,0.08672
6225.0,0.08668
6232.4,0.0867
6239.9,0.08673
6247.5,0.08677
6255.0,0.0868
6262.5,0.08685
6270.1,0.08692
6277.7,0.08701
6285.3,0.0871
6292.9,0.08724
6300.6,0.08742
6308.3,0.08764
6315.9,0.08786
6323.6,0.0881
6331.4,0.08842
6339.1,0.08883
6346.9,0.08916
6354.6,0.08933
6362.4,0.08963
6370.3,0.09001
6378.1,0.09023
6385.9,0.09047
6393.8,0.09073
6401.7,0.09104
6409.6,0.09161
6417.6,0.09192
6425.5,0.09185
6433.5,0.09194
6441.5,0.09202
6449.5,0.09216
6457.5,0.09226
6465.6,0.09241
6473.6,0.09264
6481.7,0.09283
6489.8,0.09304
6498.0,0.09299
6506.1,0.0928
6514.3,0.09285
6522.5,0.09294
6530.7,0.09285
6539.0,0.09285
6547.2,0.09294
6555.5,0.09296
6563.8,0.09298
6572.1,0.09308
6580.4,0.09295
6588.8,0.09289
6597.2,0.09283
6605.6,0.09275
6614.0,0.09276
6622.5,0.09283
6630.9,0.09304
6639.4,0.09308
6647.9,0.09284
6656.5,0.09279
6665.0,0.09285
6673.6,0.09292
6682.2,0.09289
6690.8,0.09272
6699.5,0.09266
6708.1,0.09269
6716.8,0.09258
6725.5,0.09239
6734.3,0.09224
6743.0,0.09209
6751.8,0.09195
6760.6,0.09178
6769.4,0.09166
6778.3,0.09148
6787.1,0.0913
6796.0,0.09093
6805.0,0.0905
6813.9,0.09024
6822.9,0.09011
6831.9,0.08988
6840.9,0.08964
6849.9,0.08956
6859.0,0.08961
6868.0,0.08935
6877.2,0.08896
6886.3,0.08874
6895.5,0.08859
6904.6,0.08843
6913.8,0.0882
6923.1,0.08798
6932.3,0.08781
6941.6,0.0876
6950.9,0.08748
6960.2,0.08733
6969.6,0.08695
6979.0,0.08663
6988.4,0.08642
6997.8,0.08614
7007.3,0.08579
7016.8,0.08548
7026.3,0.0852
7035.8,0.08496
7045.4,0.08475
7054.9,0.08435
7064.5,0.08396
7074.2,0.08364
7083.9,0.08339
7093.5,0.08309
7103.3,0.08271
7113.0,0.08238
7122.8,0.08218
7132.6,0.08208
7142.4,0.08203
7152.2,0.08179
7162.1,0.0815
7172.0,0.08121
7182.0,0.08097
7191.9,0.08079
7201.9,0.08066
7211.9,0.08036
7222.0,0.07997
7232.0,0.07961
7242.1,0.07935
7252.3,0.07911
7262.4,0.07884
7272.6,0.07859
7282.8,0.07834
7293.1,0.07807
7303.3,0.07782
7313.6,0.07746
7324.0,0.07719
7334.3,0.077
7344.7,0.07678
7355.1,0.07646
7365.6,0.07618
7376.1,0.07588
7386.6,0.07558
7397.1,0.07527
7407.7,0.07499
7418.3,0.07469
7428.9,0.07441
7439.6,0.07411
7450.2,0.07386
7461.0,0.07358
7471.7,0.07327
7482.5,0.07293
7493.3,0.0726
7504.1,0.07228
7515.0,0.07196
7525.9,0.07158
7536.9,0.07127
7547.9,0.07094
7558.9,0.07065
7569.9,0.07037
7581.0,0.07012
7592.0,0.06983
7603.2,0.06961
7614.4,0.06939
7625.5,0.06919
7636.8,0.06898
7648.0,0.06879
7659.3,0.06854
7670.7,0.06835
7682.0,0.0681
7693.4,0.06783
7704.9,0.06753
7716.3,0.06725
7727.8,0.06692
7739.4,0.06661
7750.9,0.06624
7762.5,0.06588
7774.2,0.06547
7785.8,0.06505
7797.5,0.06463
7809.3,0.06427
7821.1,0.06384
7832.9,0.06344
7844.7,0.06301
7856.6,0.06257
7868.5,0.06209
7880.5,0.06163
7892.5,0.06116
7904.5,0.06069
7916.6,0.06013
7928.7,0.05958
7940.8,0.05899
7953.0,0.05839
7965.2,0.05773
7977.5,0.05709
7989.8,0.05641
8002.1,0.05573
8014.5,0.05501
8026.9,0.05429
8039.3,0.05348
8051.8,0.05267
8064.3,0.0518
8076.9,0.05095
8089.5,0.05004
8102.1,0.04916
8114.8,0.04823
8127.5,0.04729
8140.3,0.04633
8153.1,0.04541
8165.9,0.04445
8178.8,0.04357
8191.7,0.04265
8204.7,0.04182
8217.7,0.04097
8230.7,0.04017
8243.8,0.03938
8257.0,0.03868
8270.1,0.03794
8283.3,0.03727
8296.6,0.03664
8309.9,0.03609
8323.2,0.03549
8336.6,0.03499
8350.0,0.03446
8363.5,0.03397
8377.0,0.03347
8390.5,0.0331
8404.2,0.03269
8417.8,0.03231
8431.5,0.0319
8445.2,0.03159
8459.0,0.03128
8472.8,0.03104
8486.7,0.03075
8500.6,0.03057
8514.5,0.03037
8528.5,0.03024
8542.6,0.03009
8556.7,0.03003
8570.8,0.02996
8585.0,0.02994
8599.3,0.0299
8613.5,0.02996
8627.9,0.03004
8642.3,0.03019
8656.7,0.03034
8671.2,0.03056
8685.7,0.03076
8700.3,0.03108
8714.9,0.03134
8729.5,0.03158
8744.3,0.03169
8759.0,0.03168
8773.9,0.03153
8788.7,0.03155
8803.7,0.03173
8818.6,0.03214
8833.7,0.0326
8848.7,0.03304
8863.8,0.03332
8879.0,0.03356
8894.3,0.03371
8909.5,0.03389
8924.9,0.03411
8940.3,0.03447
8955.7,0.03489
8971.2,0.03534
8986.8,0.03571
9002.3,0.03608
9018.0,0.03635
9033.7,0.03662
9049.5,0.03679
9065.3,0.03692
9081.2,0.03697
9097.1,0.03703
9113.1,0.03703
9129.1,0.03707
9145.2,0.03706
9161.4,0.0371
9177.6,0.03716
9193.9,0.03731
9210.2,0.03749
9226.6,0.03771
9243.0,0.03791
9259.5,0.03825
9276.1,0.03862
9292.7,0.03909
9309.4,0.03955
9326.2,0.04008
9343.0,0.04062
9359.8,0.04118
9376.8,0.04172
9393.8,0.04222
9410.8,0.04258
9427.9,0.04287
9445.1,0.04304
9462.3,0.04314
9479.6,0.04311
9497.0,0.04313
9514.4,0.04305
9531.9,0.04289
9549.4,0.04263
9567.0,0.04232
9584.7,0.04193
9602.5,0.04154
9620.3,0.04111
9638.2,0.04071
9656.1,0.04023
9674.2,0.03978
9692.2,0.03934
9710.4,0.03895
9728.6,0.03857
9746.9,0.03827
9765.2,0.03802
9783.7,0.03789
9802.2,0.0378
9820.7,0.03784
9839.4,0.03789
9858.1,0.03797
9876.8,0.03808
9895.7,0.03824
9914.6,0.03835
9933.6,0.03849
9952.7,0.03857
9971.8,0.03865
9991.0,0.03867
10010.3,0.03872
10029.7,0.03881
10049.1,0.03895
10068.6,0.03919
10088.2,0.03955
10107.9,0.03988
10127.6,0.04025
10147.5,0.04062
10167.3,0.04104
10187.3,0.04139
10207.4,0.04163
10227.5,0.04173
10247.7,0.04165
10268.0,0.04135
10288.4,0.04096
10308.8,0.04054
10329.4,0.04027
10350.0,0.04019
10370.7,0.04048
10391.5,0.04099
10412.3,0.04162
10433.3,0.04225
10454.3,0.04273
10475.4,0.04316
10496.7,0.04394
10517.9,0.04509
10539.3,0.04643
10560.8,0.04765
10582.3,0.04862
10604.0,0.04936
10625.7,0.04996
10647.5,0.05043
10669.4,0.05077
10691.4,0.05093
10713.5,0.05104
10735.7,0.05104
10758.0,0.05097
10780.3,0.05082
10802.8,0.05058
10825.4,0.05027
10848.0,0.04993
10870.8,0.04949
10893.6,0.04909
10916.5,0.04868
10939.5,0.04836
10962.7,0.04812
10985.9,0.04792
11009.2,0.04775
11032.7,0.04773
11056.2,0.04772
11079.8,0.04774
11103.5,0.04779
11127.4,0.04797
11151.3,0.04827
11175.3,0.04869
11199.5,0.04912
11223.7,0.04956
11248.0,0.04985
11272.5,0.04993
11297.1,0.0498
11321.7,0.04958
11346.5,0.04914
11371.4,0.04863
11396.4,0.04797
11421.5,0.04716
11446.7,0.04617
11472.0,0.04507
11497.5,0.04381
11523.0,0.04252
11548.7,0.04132
11574.4,0.04035
11600.3,0.03948
11626.3,0.03873
11652.5,0.03809
11678.7,0.0376
11705.1,0.03719
11731.6,0.03689
11758.2,0.0365
11784.9,0.03599
11811.7,0.03539
11838.7,0.03491
11865.8,0.03457
11893.0,0.03455
11920.3,0.03494
11947.8,0.03559
11975.4,0.03624
12003.1,0.03705
12031.0,0.03792
12059.0,0.03878
12087.1,0.03963
12115.3,0.04064
12143.7,0.04157
12172.2,0.04246
12200.8,0.04338
12229.6,0.04429
12258.5,0.04499
12287.6,0.04564
12316.8,0.04626
12346.1,0.04685
12375.5,0.04725
12405.2,0.04762
12434.9,0.04796
12464.8,0.0483
12494.8,0.04857
12525.0,0.04876
12555.3,0.04887
12585.8,0.04899
12616.4,0.04904
12647.2,0.04906
12678.1,0.04904
12709.2,0.04909
12740.4,0.04912
12771.8,0.04903
12803.3,0.04897
12835.0,0.04894
12866.9,0.04884
12898.9,0.04862
12931.1,0.04836
12963.4,0.04811
12995.9,0.04784
13028.5,0.04756
13061.3,0.0472
13094.3,0.04681
13127.5,0.04639
13160.8,0.04602
13194.3,0.04554
13228.0,0.04492
13261.8,0.04425
13295.8,0.04353
13330.0,0.04261
13364.3,0.04159
13398.8,0.04059
13433.6,0.03981
13468.5,0.03918
13503.5,0.03858
13538.8,0.03795
13574.2,0.03729
13609.9,0.03663
13645.7,0.03599
13681.7,0.03532
13717.9,0.03486
13754.3,0.03457
13790.8,0.03437
13827.6,0.0343
13864.6,0.0344
13901.8,0.03448
13939.2,0.03454
13976.7,0.03451
14014.5,0.03445
14052.5,0.03433
14090.7,0.03406
14129.0,0.03364
14167.6,0.03322
14206.5,0.03272
14245.5,0.03215
14284.7,0.03163
14324.2,0.03112
14363.9,0.03069
14403.8,0.03017
14443.9,0.02956
14484.3,0.02895
14524.8,0.02845
14565.6,0.0279
14606.7,0.02738
14647.9,0.02696
14689.4,0.02652
14731.2,0.02608
14773.1,0.02569
14815.3,0.0256
14857.8,0.02553
14900.5,0.02546
14943.4,0.02534
14986.6,0.02502
15030.0,0.02467
15073.7,0.02427
15117.7,0.02375
15161.9,0.02328
15206.3,0.02293
15251.1,0.02266
15296.1,0.02245
15341.3,0.02247
15386.8,0.02249
15432.6,0.02257
15478.7,0.02279
15525.0,0.02308
15571.7,0.02335
15618.6,0.02386
15665.8,0.02429
15713.2,0.02477
15761.0,0.02527
15809.0,0.02563
15857.4,0.02607
15906.0,0.02646
15955.0,0.02677
16004.2,0.02708
16053.8,0.02727
16103.6,0.0274
16153.8,0.02758
16204.3,0.02774
16255.1,0.02779
16306.2,0.02788
16357.6,0.02798
16409.4,0.02799
16461.5,0.0279
16513.9,0.02797
16566.7,0.02801
16619.8,0.02808
16673.2,0.02811
16727.0,0.02805
16781.1,0.02813
16835.6,0.02834
16890.5,0.02847
16945.7,0.02836
17001.2,0.02842
17057.2,0.02883
17113.4,0.02903
17170.1,0.02924
17227.2,0.02971
17284.6,0.03011
17342.4,0.03047
17400.6,0.0307
17459.2,0.03089
17518.2,0.03125
17577.5,0.03174
17637.3,0.03227
17697.5,0.03271
17758.1,0.03306
17819.2,0.03344
17880.6,0.0339
17942.5,0.03489
18004.8,0.03606
18067.5,0.03697
18130.7,0.0378
18194.3,0.03876
18258.4,0.03977
18322.9,0.04045
18387.9,0.04086
18453.3,0.04111
18519.2,0.04082
18585.6,0.0406
18652.4,0.04058
18719.8,0.04053
18787.6,0.04046
18855.9,0.04074
18924.7,0.04115
18994.1,0.04187
19063.9,0.04251
19134.2,0.04343
19205.1,0.0442
19276.5,0.04432
19348.4,0.04426
19420.9,0.04408
19493.9,0.0438
19567.5,0.04339
19641.6,0.04282
19716.3,0.04246
19791.5,0.04214
19867.3,0.04206
19943.8,0.04222
20020.8,0.04215
20098.4,0.0417
20176.6,0.04147
20255.4,0.041
20334.8,0.04011
20414.9,0.03908
20495.6,0.03791
20576.9,0.03687
20658.9,0.036
20741.5,0.03512
20824.8,0.03446
20908.8,0.03356
20993.4,0.03276
21078.8,0.03225
21164.8,0.03222
21251.6,0.03213
21339.0,0.03282
21427.2,0.03325
21516.1,0.03292
21605.8,0.03301
21696.2,0.03339
21787.3,0.03351
21879.3,0.03408
21972.0,0.03408
22065.5,0.03422
22159.7,0.03468
22254.8,0.03514
22350.8,0.03518
22447.5,0.03568
22545.1,0.03658
22643.6,0.03748
22742.9,0.03847
22843.1,0.03965
22944.2,0.04025
23046.2,0.04133
23149.0,0.04279
23252.8,0.04408
23357.6,0.04446
23463.3,0.04576
23569.9,0.04691
23677.5,0.04806
23786.1,0.05031
23895.8,0.05166
24006.4,0.05139
24118.0,0.05263
24230.7,0.05329
24344.5,0.05293
24459.4,0.05312
24575.3,0.05282
24692.3,0.05361
24810.4,0.05435
24929.7,0.05383
25050.2,0.05416
