Composition,
Date Added,2004-07-30
Formula,
Grain Size Description,<150.0um
Grain Size,"(0.0, 150.0)"
Locality,"near Pissila, Upper Volta"
Minimum Wavelength,1667
Sample Name,Guibga
Maximum Wavelength,25050
Database of Origin,RELAB
Other Information,L5
References,
Resolution,4.0
Material class,Rock
Sample Description,"Ordinary chondrite powder studied by Jarosevich, Meteoritics, 323-337, 1990.  Almost all metal removed.  USNM 7073"
Sample ID,BMR1TB134
Original Sample ID,TB-TJM-134
Viewing Geometry,unknown
Wavelength,Response
1666.7,0.16308
1667.3,0.16293
1667.8,0.16292
1668.3,0.16297
1668.9,0.16298
1669.4,0.16292
1670.0,0.16298
1670.5,0.16295
1671.0,0.16294
1671.6,0.16279
1672.1,0.1628
1672.7,0.16272
1673.2,0.16271
1673.7,0.16266
1674.3,0.16252
1674.8,0.16254
1675.4,0.16261
1675.9,0.16251
1676.4,0.16248
1677.0,0.16243
1677.5,0.16232
1678.1,0.16245
1678.6,0.16246
1679.2,0.16243
1679.7,0.16228
1680.3,0.1621
1680.8,0.16218
1681.3,0.16218
1681.9,0.16211
1682.4,0.16184
1683.0,0.16184
1683.5,0.162
1684.1,0.16195
1684.6,0.16168
1685.2,0.16159
1685.7,0.16157
1686.3,0.16153
1686.8,0.16153
1687.3,0.16146
1687.9,0.16152
1688.4,0.16167
1689.0,0.16164
1689.6,0.16162
1690.1,0.16158
1690.7,0.16149
1691.2,0.16133
1691.8,0.16131
1692.3,0.16128
1692.9,0.16125
1693.4,0.16139
1694.0,0.1616
1694.5,0.16135
1695.1,0.16108
1695.6,0.16102
1696.2,0.16111
1696.7,0.16119
1697.3,0.16117
1697.8,0.16108
1698.4,0.16101
1699.0,0.16092
1699.5,0.16084
1700.1,0.16088
1700.6,0.16092
1701.2,0.16075
1701.8,0.1607
1702.3,0.16071
1702.9,0.1607
1703.4,0.16077
1704.0,0.16073
1704.6,0.16059
1705.1,0.16036
1705.7,0.16019
1706.2,0.16017
1706.8,0.16009
1707.4,0.16018
1707.9,0.16023
1708.5,0.16033
1709.1,0.16033
1709.6,0.16008
1710.2,0.16
1710.7,0.16015
1711.3,0.16017
1711.9,0.16015
1712.4,0.15994
1713.0,0.15975
1713.6,0.15968
1714.1,0.1598
1714.7,0.15987
1715.3,0.15976
1715.8,0.15975
1716.4,0.15968
1717.0,0.15958
1717.5,0.15964
1718.1,0.1597
1718.7,0.15974
1719.3,0.15968
1719.8,0.15949
1720.4,0.15936
1721.0,0.15928
1721.5,0.15929
1722.1,0.15938
1722.7,0.15944
1723.3,0.15938
1723.8,0.15926
1724.4,0.1591
1725.0,0.15907
1725.5,0.15912
1726.1,0.15899
1726.7,0.15902
1727.3,0.15903
1727.8,0.15897
1728.4,0.15892
1729.0,0.15889
1729.6,0.15885
1730.2,0.1588
1730.7,0.15885
1731.3,0.15888
1731.9,0.15887
1732.5,0.15873
1733.0,0.15855
1733.6,0.15848
1734.2,0.15848
1734.8,0.15859
1735.4,0.15856
1735.9,0.15848
1736.5,0.15832
1737.1,0.15827
1737.7,0.15837
1738.3,0.1583
1738.8,0.15814
1739.4,0.15821
1740.0,0.15827
1740.6,0.15811
1741.2,0.15793
1741.8,0.1579
1742.4,0.15794
1742.9,0.15796
1743.5,0.15786
1744.1,0.15777
1744.7,0.15772
1745.3,0.15767
1745.9,0.15768
1746.5,0.15774
1747.1,0.1576
1747.6,0.15753
1748.2,0.15755
1748.8,0.1575
1749.4,0.15742
1750.0,0.15742
1750.6,0.15752
1751.2,0.15753
1751.8,0.15737
1752.4,0.15719
1753.0,0.15711
1753.6,0.15708
1754.2,0.15708
1754.7,0.15721
1755.3,0.15714
1755.9,0.15698
1756.5,0.15704
1757.1,0.15716
1757.7,0.15721
1758.3,0.15713
1758.9,0.157
1759.5,0.15694
1760.1,0.15676
1760.7,0.15677
1761.3,0.15672
1761.9,0.15659
1762.5,0.15658
1763.1,0.15663
1763.7,0.15661
1764.3,0.15652
1764.9,0.15655
1765.5,0.15657
1766.1,0.15658
1766.7,0.15657
1767.3,0.15646
1767.9,0.15646
1768.5,0.15651
1769.1,0.1565
1769.7,0.15638
1770.3,0.15627
1770.9,0.15613
1771.5,0.15612
1772.1,0.15615
1772.7,0.1561
1773.3,0.15607
1773.9,0.15603
1774.6,0.15605
1775.2,0.15607
1775.8,0.15598
1776.4,0.15585
1777.0,0.15574
1777.6,0.15578
1778.2,0.1559
1778.8,0.15587
1779.4,0.15571
1780.0,0.15564
1780.7,0.15558
1781.3,0.15566
1781.9,0.15576
1782.5,0.15569
1783.1,0.15562
1783.7,0.15565
1784.3,0.15552
1784.9,0.15537
1785.6,0.15536
1786.2,0.15533
1786.8,0.15534
1787.4,0.15527
1788.0,0.15532
1788.6,0.15541
1789.3,0.15541
1789.9,0.15532
1790.5,0.15517
1791.1,0.15512
1791.7,0.15498
1792.3,0.15488
1793.0,0.15493
1793.6,0.15504
1794.2,0.15511
1794.8,0.15518
1795.4,0.15503
1796.1,0.15484
1796.7,0.15476
1797.3,0.1547
1797.9,0.15465
1798.6,0.15466
1799.2,0.15466
1799.8,0.15469
1800.4,0.15454
1801.1,0.15453
1801.7,0.15464
1802.3,0.15447
1802.9,0.15433
1803.6,0.15425
1804.2,0.15421
1804.8,0.15424
1805.5,0.15437
1806.1,0.15443
1806.7,0.15438
1807.3,0.15428
1808.0,0.15418
1808.6,0.15421
1809.2,0.15427
1809.9,0.15427
1810.5,0.15406
1811.1,0.15401
1811.8,0.15412
1812.4,0.15425
1813.0,0.15416
1813.7,0.15391
1814.3,0.15377
1814.9,0.15367
1815.6,0.15371
1816.2,0.15386
1816.8,0.15387
1817.5,0.15381
1818.1,0.15378
1818.8,0.15375
1819.4,0.15378
1820.0,0.1538
1820.7,0.15365
1821.3,0.15356
1821.9,0.15353
1822.6,0.15358
1823.2,0.15362
1823.9,0.1536
1824.5,0.15358
1825.2,0.15357
1825.8,0.15348
1826.4,0.15325
1827.1,0.15323
1827.7,0.15343
1828.4,0.15341
1829.0,0.15329
1829.7,0.15325
1830.3,0.15334
1831.0,0.1534
1831.6,0.15324
1832.3,0.15308
1832.9,0.15305
1833.6,0.15304
1834.2,0.15306
1834.8,0.15319
1835.5,0.15317
1836.2,0.15311
1836.8,0.15303
1837.4,0.1528
1838.1,0.15274
1838.8,0.15283
1839.4,0.15299
1840.1,0.15296
1840.7,0.15286
1841.4,0.15277
1842.0,0.15273
1842.7,0.15275
1843.3,0.15277
1844.0,0.15275
1844.6,0.15281
1845.3,0.15277
1845.9,0.15261
1846.6,0.15267
1847.3,0.15282
1847.9,0.15269
1848.6,0.15259
1849.2,0.15258
1849.9,0.15253
1850.6,0.1525
1851.2,0.15256
1851.9,0.15241
1852.6,0.1524
1853.2,0.1524
1853.9,0.15234
1854.5,0.15231
1855.2,0.15236
1855.9,0.15244
1856.5,0.15243
1857.2,0.15232
1857.9,0.15232
1858.5,0.15233
1859.2,0.15225
1859.9,0.15214
1860.5,0.15212
1861.2,0.15217
1861.9,0.15219
1862.5,0.15208
1863.2,0.15203
1863.9,0.15206
1864.5,0.15211
1865.2,0.15219
1865.9,0.15211
1866.6,0.15203
1867.2,0.15205
1867.9,0.15204
1868.6,0.15207
1869.3,0.15206
1869.9,0.15199
1870.6,0.15192
1871.3,0.15194
1871.9,0.15195
1872.6,0.15184
1873.3,0.15174
1874.0,0.15182
1874.7,0.15186
1875.3,0.15182
1876.0,0.15177
1876.7,0.15175
1877.4,0.15172
1878.1,0.1518
1878.7,0.15188
1879.4,0.15181
1880.1,0.15167
1880.8,0.15163
1881.5,0.1517
1882.1,0.15173
1882.8,0.15168
1883.5,0.15163
1884.2,0.15156
1884.9,0.15161
1885.6,0.15161
1886.3,0.15153
1886.9,0.15156
1887.6,0.15159
1888.3,0.15154
1889.0,0.15155
1889.7,0.15148
1890.4,0.15142
1891.1,0.15148
1891.8,0.15147
1892.4,0.15131
1893.1,0.15129
1893.8,0.15138
1894.5,0.15141
1895.2,0.15148
1895.9,0.1516
1896.6,0.15153
1897.3,0.15138
1898.0,0.15127
1898.7,0.15125
1899.4,0.15126
1900.1,0.15126
1900.8,0.15119
1901.5,0.15117
1902.2,0.1512
1902.9,0.15121
1903.6,0.1512
1904.3,0.15121
1905.0,0.15117
1905.7,0.15115
1906.4,0.15119
1907.1,0.15117
1907.8,0.15121
1908.5,0.15114
1909.2,0.15107
1909.9,0.15106
1910.6,0.15107
1911.3,0.15105
1912.0,0.15109
1912.7,0.1511
1913.4,0.15113
1914.1,0.15111
1914.8,0.15108
1915.5,0.15108
1916.2,0.15106
1916.9,0.1511
1917.6,0.1511
1918.3,0.15103
1919.1,0.15113
1919.8,0.15128
1920.5,0.15122
1921.2,0.15108
1921.9,0.1509
1922.6,0.15091
1923.3,0.15087
1924.1,0.15085
1924.8,0.1509
1925.5,0.15095
1926.2,0.15106
1926.9,0.15118
1927.6,0.15115
1928.3,0.151
1929.1,0.15093
1929.8,0.15102
1930.5,0.15102
1931.2,0.15096
1931.9,0.15098
1932.7,0.15101
1933.4,0.15098
1934.1,0.15102
1934.8,0.15104
1935.5,0.15096
1936.3,0.151
1937.0,0.15101
1937.7,0.15101
1938.4,0.15109
1939.2,0.15111
1939.9,0.15109
1940.6,0.15102
1941.3,0.15092
1942.1,0.15095
1942.8,0.15105
1943.5,0.15105
1944.3,0.15103
1945.0,0.15106
1945.7,0.15105
1946.4,0.15103
1947.2,0.15103
1947.9,0.15104
1948.6,0.15105
1949.4,0.15101
1950.1,0.15109
1950.8,0.15124
1951.6,0.15124
1952.3,0.15116
1953.0,0.15111
1953.8,0.15109
1954.5,0.15106
1955.3,0.15114
1956.0,0.1512
1956.7,0.15117
1957.5,0.15121
1958.2,0.15123
1958.9,0.15124
1959.7,0.15123
1960.4,0.15122
1961.2,0.15117
1961.9,0.15113
1962.7,0.1512
1963.4,0.15128
1964.1,0.1513
1964.9,0.15132
1965.6,0.15129
1966.4,0.15126
1967.1,0.15132
1967.9,0.1513
1968.6,0.15128
1969.4,0.15131
1970.1,0.15128
1970.8,0.1513
1971.6,0.15132
1972.3,0.15131
1973.1,0.15132
1973.8,0.15136
1974.6,0.15139
1975.4,0.15144
1976.1,0.15145
1976.9,0.1514
1977.6,0.15142
1978.4,0.15154
1979.1,0.15159
1979.9,0.15163
1980.6,0.15161
1981.4,0.15163
1982.2,0.15163
1982.9,0.15162
1983.7,0.15155
1984.4,0.15159
1985.2,0.15166
1985.9,0.15162
1986.7,0.15158
1987.5,0.15155
1988.2,0.15156
1989.0,0.15158
1989.8,0.15163
1990.5,0.1516
1991.3,0.15164
1992.1,0.15176
1992.8,0.15184
1993.6,0.15186
1994.3,0.15174
1995.1,0.15173
1995.9,0.1518
1996.7,0.15184
1997.4,0.15188
1998.2,0.15196
1999.0,0.15192
1999.7,0.15182
2000.5,0.15185
2001.3,0.15188
2002.1,0.15189
2002.8,0.15199
2003.6,0.15203
2004.4,0.15211
2005.2,0.15208
2005.9,0.15206
2006.7,0.15213
2007.5,0.15212
2008.3,0.15215
2009.0,0.15224
2009.8,0.1522
2010.6,0.15223
2011.4,0.15235
2012.2,0.15231
2012.9,0.15229
2013.7,0.15226
2014.5,0.15229
2015.3,0.15242
2016.1,0.15243
2016.8,0.15244
2017.6,0.15244
2018.4,0.15242
2019.2,0.15245
2020.0,0.15247
2020.8,0.15247
2021.6,0.15256
2022.4,0.15265
2023.2,0.15269
2023.9,0.15268
2024.7,0.15274
2025.5,0.1527
2026.3,0.1527
2027.1,0.15279
2027.9,0.15278
2028.7,0.15275
2029.5,0.15281
2030.3,0.15289
2031.1,0.15289
2031.9,0.15285
2032.7,0.15293
2033.5,0.15304
2034.3,0.15298
2035.1,0.15296
2035.9,0.15304
2036.7,0.15311
2037.5,0.15318
2038.3,0.15321
2039.1,0.15319
2039.9,0.15322
2040.7,0.15327
2041.5,0.15325
2042.3,0.15321
2043.1,0.15324
2043.9,0.15328
2044.7,0.15336
2045.5,0.15346
2046.3,0.15352
2047.1,0.15356
2047.9,0.15354
2048.7,0.15347
2049.5,0.15353
2050.4,0.15367
2051.2,0.15374
2052.0,0.15373
2052.8,0.15374
2053.6,0.1538
2054.4,0.15383
2055.2,0.15384
2056.0,0.15382
2056.9,0.15382
2057.7,0.15389
2058.5,0.15399
2059.3,0.154
2060.1,0.154
2060.9,0.15405
2061.8,0.15404
2062.6,0.15402
2063.4,0.15404
2064.2,0.15407
2065.1,0.15416
2065.9,0.15421
2066.7,0.15424
2067.5,0.15423
2068.3,0.15425
2069.2,0.1543
2070.0,0.15428
2070.8,0.1543
2071.6,0.15438
2072.5,0.15444
2073.3,0.15453
2074.1,0.15452
2075.0,0.15453
2075.8,0.15457
2076.6,0.15457
2077.5,0.15459
2078.3,0.15468
2079.1,0.15478
2080.0,0.15484
2080.8,0.1549
2081.6,0.15487
2082.5,0.15486
2083.3,0.15491
2084.1,0.15489
2085.0,0.155
2085.8,0.15509
2086.7,0.15506
2087.5,0.15506
2088.3,0.15511
2089.2,0.15512
2090.0,0.15516
2090.9,0.15524
2091.7,0.15524
2092.6,0.15526
2093.4,0.15539
2094.2,0.1555
2095.1,0.15554
2095.9,0.15552
2096.8,0.15552
2097.6,0.15552
2098.5,0.15558
2099.3,0.15562
2100.2,0.15564
2101.0,0.15568
2101.9,0.1558
2102.7,0.15581
2103.6,0.15582
2104.4,0.15583
2105.3,0.15583
2106.1,0.15586
2107.0,0.15595
2107.9,0.15601
2108.7,0.15605
2109.6,0.15607
2110.4,0.15607
2111.3,0.15608
2112.2,0.15619
2113.0,0.15631
2113.9,0.1564
2114.7,0.15646
2115.6,0.15649
2116.5,0.15645
2117.3,0.15641
2118.2,0.15641
2119.1,0.15643
2119.9,0.15649
2120.8,0.15655
2121.7,0.15656
2122.5,0.15659
2123.4,0.1566
2124.3,0.15668
2125.1,0.15672
2126.0,0.15683
2126.9,0.15691
2127.8,0.15695
2128.6,0.15698
2129.5,0.15705
2130.4,0.15706
2131.3,0.15713
2132.1,0.15714
2133.0,0.15708
2133.9,0.1571
2134.8,0.15722
2135.6,0.15727
2136.5,0.1573
2137.4,0.15731
2138.3,0.15734
2139.2,0.15736
2140.1,0.15743
2140.9,0.15752
2141.8,0.15755
2142.7,0.15758
2143.6,0.15759
2144.5,0.15755
2145.4,0.15763
2146.3,0.15766
2147.1,0.1576
2148.0,0.15774
2148.9,0.15789
2149.8,0.15787
2150.7,0.15788
2151.6,0.1579
2152.5,0.15789
2153.4,0.15792
2154.3,0.15805
2155.2,0.15813
2156.1,0.15814
2157.0,0.15812
2157.9,0.15813
2158.8,0.15822
2159.7,0.15826
2160.6,0.15826
2161.5,0.1583
2162.4,0.15839
2163.3,0.15843
2164.2,0.15841
2165.1,0.15845
2166.0,0.15852
2166.9,0.15857
2167.8,0.15865
2168.7,0.15867
2169.6,0.1587
2170.5,0.15869
2171.4,0.15867
2172.3,0.15878
2173.3,0.15887
2174.2,0.15883
2175.1,0.1588
2176.0,0.1589
2176.9,0.15898
2177.8,0.15899
2178.7,0.15898
2179.6,0.15901
2180.6,0.15906
2181.5,0.1591
2182.4,0.15917
2183.3,0.15927
2184.2,0.15926
2185.1,0.15925
2186.1,0.15926
2187.0,0.15933
2187.9,0.1594
2188.8,0.1594
2189.8,0.15937
2190.7,0.15942
2191.6,0.15951
2192.6,0.15965
2193.5,0.15972
2194.4,0.1597
2195.3,0.1597
2196.3,0.15973
2197.2,0.15972
2198.1,0.15974
2199.1,0.1598
2200.0,0.15985
2200.9,0.15982
2201.9,0.15982
2202.8,0.15996
2203.7,0.16008
2204.7,0.16006
2205.6,0.16005
2206.5,0.16011
2207.5,0.16015
2208.4,0.16018
2209.4,0.16021
2210.3,0.16028
2211.3,0.16034
2212.2,0.16037
2213.1,0.1604
2214.1,0.16044
2215.0,0.16049
2216.0,0.1605
2216.9,0.16049
2217.9,0.16047
2218.8,0.16049
2219.8,0.16052
2220.7,0.16054
2221.7,0.16064
2222.6,0.16073
2223.6,0.16072
2224.5,0.16074
2225.5,0.16077
2226.4,0.16084
2227.4,0.16092
2228.4,0.16097
2229.3,0.16095
2230.3,0.16097
2231.2,0.16104
2232.2,0.16111
2233.1,0.16114
2234.1,0.16114
2235.1,0.16116
2236.0,0.16122
2237.0,0.16122
2238.0,0.16121
2238.9,0.16122
2239.9,0.16128
2240.9,0.16135
2241.8,0.16133
2242.8,0.16129
2243.8,0.16137
2244.8,0.16148
2245.7,0.16148
2246.7,0.16147
2247.7,0.16156
2248.6,0.16164
2249.6,0.16161
2250.6,0.16157
2251.6,0.1616
2252.6,0.16163
2253.5,0.16169
2254.5,0.16171
2255.5,0.16173
2256.5,0.1618
2257.5,0.1618
2258.4,0.16182
2259.4,0.16189
2260.4,0.16195
2261.4,0.16198
2262.4,0.16198
2263.4,0.16206
2264.4,0.16207
2265.4,0.16206
2266.3,0.16214
2267.3,0.16217
2268.3,0.16213
2269.3,0.16217
2270.3,0.16223
2271.3,0.16226
2272.3,0.16225
2273.3,0.16228
2274.3,0.16236
2275.3,0.16242
2276.3,0.16248
2277.3,0.16249
2278.3,0.16253
2279.3,0.16257
2280.3,0.16259
2281.3,0.16262
2282.3,0.16263
2283.3,0.16267
2284.3,0.16271
2285.3,0.16274
2286.3,0.16271
2287.3,0.16274
2288.4,0.16281
2289.4,0.16285
2290.4,0.16284
2291.4,0.1629
2292.4,0.16295
2293.4,0.16296
2294.4,0.16289
2295.4,0.16295
2296.5,0.16304
2297.5,0.16304
2298.5,0.16307
2299.5,0.16311
2300.5,0.16313
2301.6,0.16317
2302.6,0.16323
2303.6,0.16324
2304.6,0.16321
2305.6,0.16325
2306.7,0.16333
2307.7,0.16336
2308.7,0.16341
2309.8,0.16346
2310.8,0.1635
2311.8,0.16351
2312.9,0.16352
2313.9,0.16355
2314.9,0.16356
2315.9,0.16363
2317.0,0.16368
2318.0,0.16366
2319.1,0.16367
2320.1,0.16376
2321.1,0.16377
2322.2,0.16373
2323.2,0.16375
2324.3,0.16384
2325.3,0.1639
2326.3,0.16391
2327.4,0.16391
2328.4,0.16394
2329.5,0.16396
2330.5,0.16403
2331.6,0.16404
2332.6,0.16402
2333.7,0.16406
2334.7,0.16414
2335.8,0.16421
2336.8,0.16423
2337.9,0.16422
2338.9,0.16422
2340.0,0.16423
2341.0,0.16425
2342.1,0.1643
2343.2,0.16434
2344.2,0.16432
2345.3,0.16437
2346.3,0.16441
2347.4,0.16443
2348.5,0.16447
2349.5,0.16451
2350.6,0.16452
2351.7,0.16458
2352.7,0.16459
2353.8,0.16459
2354.9,0.16463
2355.9,0.16467
2357.0,0.16473
2358.1,0.16476
2359.1,0.16479
2360.2,0.1648
2361.3,0.1648
2362.4,0.16483
2363.4,0.16487
2364.5,0.1649
2365.6,0.16492
2366.7,0.165
2367.8,0.16505
2368.9,0.16505
2369.9,0.16506
2371.0,0.16509
2372.1,0.16509
2373.2,0.16514
2374.3,0.16522
2375.4,0.16526
2376.4,0.16529
2377.5,0.16526
2378.6,0.16526
2379.7,0.16535
2380.8,0.1654
2381.9,0.16542
2383.0,0.16544
2384.1,0.16548
2385.2,0.16549
2386.3,0.16549
2387.4,0.16552
2388.5,0.16557
2389.6,0.16564
2390.7,0.16567
2391.8,0.16568
2392.9,0.16572
2394.0,0.16571
2395.1,0.16575
2396.2,0.16578
2397.3,0.16577
2398.4,0.16578
2399.6,0.16586
2400.7,0.16589
2401.8,0.16589
2402.9,0.16591
2404.0,0.16595
2405.1,0.16598
2406.2,0.16601
2407.4,0.16606
2408.5,0.16611
2409.6,0.16614
2410.7,0.16619
2411.8,0.16624
2412.9,0.16622
2414.1,0.16625
2415.2,0.16631
2416.3,0.16636
2417.4,0.16638
2418.6,0.16634
2419.7,0.16637
2420.8,0.16641
2422.0,0.16642
2423.1,0.1665
2424.2,0.16654
2425.4,0.16656
2426.5,0.16659
2427.6,0.16661
2428.8,0.16663
2429.9,0.16663
2431.1,0.16668
2432.2,0.16675
2433.3,0.16682
2434.5,0.16683
2435.6,0.16684
2436.8,0.16686
2437.9,0.16689
2439.1,0.16693
2440.2,0.16695
2441.4,0.16693
2442.5,0.16696
2443.6,0.16702
2444.8,0.16707
2446.0,0.16708
2447.1,0.16713
2448.3,0.16715
2449.4,0.16719
2450.6,0.1672
2451.7,0.16721
2452.9,0.16727
2454.1,0.16732
2455.2,0.1673
2456.4,0.16728
2457.6,0.16729
2458.7,0.16729
2459.9,0.16733
2461.1,0.16744
2462.2,0.16748
2463.4,0.16751
2464.6,0.16755
2465.7,0.16758
2466.9,0.16758
2468.1,0.1676
2469.3,0.16763
2470.4,0.16769
2471.6,0.16774
2472.8,0.16776
2474.0,0.16775
2475.1,0.16778
2476.3,0.16781
2477.5,0.16784
2478.7,0.16788
2479.9,0.16791
2481.1,0.16794
2482.3,0.16799
2483.4,0.16799
2484.6,0.16802
2485.8,0.16806
2487.0,0.16808
2488.2,0.1681
2489.4,0.16814
2490.6,0.16818
2491.8,0.16821
2493.0,0.16821
2494.2,0.1682
2495.4,0.16826
2496.6,0.16831
2497.8,0.16834
2499.0,0.16837
2500.2,0.16841
2501.4,0.16846
2502.6,0.16851
2503.8,0.16853
2505.0,0.16851
2506.3,0.16851
2507.5,0.16855
2508.7,0.16858
2509.9,0.16859
2511.1,0.16865
2512.3,0.16867
2513.5,0.16868
2514.8,0.1687
2516.0,0.16874
2517.2,0.16882
2518.4,0.16888
2519.6,0.16888
2520.9,0.16889
2522.1,0.16888
2523.3,0.16886
2524.6,0.16889
2525.8,0.16895
2527.0,0.16899
2528.3,0.16898
2529.5,0.16897
2530.7,0.16903
2531.9,0.16905
2533.2,0.16903
2534.4,0.1691
2535.7,0.16916
2536.9,0.16916
2538.1,0.1692
2539.4,0.16925
2540.6,0.16927
2541.9,0.16927
2543.1,0.16929
2544.4,0.16931
2545.6,0.16937
2546.9,0.16946
2548.1,0.1695
2549.4,0.16949
2550.6,0.16946
2551.9,0.16947
2553.1,0.16949
2554.4,0.1695
2555.7,0.16955
2556.9,0.1696
2558.2,0.16966
2559.4,0.16968
2560.7,0.16967
2562.0,0.16966
2563.2,0.16966
2564.5,0.16968
2565.8,0.16974
2567.1,0.16979
2568.3,0.16982
2569.6,0.16981
2570.9,0.16981
2572.1,0.16985
2573.4,0.16988
2574.7,0.16992
2576.0,0.16996
2577.3,0.16997
2578.5,0.17002
2579.8,0.17006
2581.1,0.17007
2582.4,0.17008
2583.7,0.17003
2585.0,0.16998
2586.3,0.17013
2587.5,0.17015
2588.8,0.17012
2590.1,0.17015
2591.4,0.17026
2592.7,0.17028
2594.0,0.17017
2595.3,0.17007
2596.6,0.17019
2597.9,0.17032
2599.2,0.17032
2600.5,0.1703
2601.8,0.17033
2603.1,0.17037
2604.4,0.17035
2605.8,0.17029
2607.1,0.17034
2608.4,0.17043
2609.7,0.17046
2611.0,0.17047
2612.3,0.17048
2613.6,0.1705
2614.9,0.17053
2616.3,0.17048
2617.6,0.17042
2618.9,0.1705
2620.2,0.17053
2621.6,0.17051
2622.9,0.17058
2624.2,0.17067
2625.5,0.17071
2626.9,0.17066
2628.2,0.17065
2629.5,0.17069
2630.9,0.17064
2632.2,0.17065
2633.5,0.17071
2634.9,0.17072
2636.2,0.17075
2637.6,0.17081
2638.9,0.17083
2640.2,0.17083
2641.6,0.17078
2642.9,0.17077
2644.3,0.1708
2645.6,0.17079
2647.0,0.17076
2648.3,0.17078
2649.7,0.17081
2651.0,0.17086
2652.4,0.17084
2653.8,0.17082
2655.1,0.17085
2656.5,0.17083
2657.8,0.17085
2659.2,0.17088
2660.6,0.17086
2661.9,0.17087
2663.3,0.17083
2664.7,0.17073
2666.0,0.17064
2667.4,0.17064
2668.8,0.1707
2670.1,0.17062
2671.5,0.17046
2672.9,0.17047
2674.3,0.17049
2675.7,0.17047
2677.0,0.17037
2678.4,0.17031
2679.8,0.17034
2681.2,0.17038
2682.6,0.17035
2684.0,0.17031
2685.4,0.17026
2686.8,0.17024
2688.1,0.17022
2689.5,0.17017
2690.9,0.17007
2692.3,0.16997
2693.7,0.1698
2695.1,0.16967
2696.5,0.16963
2697.9,0.16954
2699.3,0.16944
2700.8,0.1693
2702.1,0.16914
2703.6,0.16897
2705.0,0.16877
2706.4,0.16856
2707.8,0.16835
2709.2,0.16813
2710.6,0.16781
2712.1,0.16752
2713.5,0.16737
2714.9,0.16722
2716.3,0.16704
2717.7,0.16686
2719.2,0.16671
2720.6,0.16643
2722.0,0.16611
2723.4,0.16588
2724.9,0.1656
2726.3,0.1654
2727.7,0.16522
2729.2,0.16501
2730.6,0.16479
2732.1,0.16453
2733.5,0.16423
2734.9,0.16387
2736.4,0.16353
2737.8,0.16326
2739.3,0.16284
2740.7,0.1624
2742.2,0.16207
2743.6,0.16181
2745.1,0.16151
2746.5,0.16115
2748.0,0.16074
2749.4,0.16037
2750.9,0.16002
2752.4,0.15965
2753.8,0.15925
2755.3,0.15873
2756.7,0.1583
2758.2,0.15809
2759.7,0.15778
2761.1,0.15741
2762.6,0.15701
2764.1,0.15664
2765.6,0.15631
2767.0,0.15599
2768.5,0.15563
2770.0,0.15531
2771.5,0.155
2773.0,0.15465
2774.4,0.15434
2775.9,0.1541
2777.4,0.15383
2778.9,0.15351
2780.4,0.15324
2781.9,0.15294
2783.4,0.15264
2784.9,0.15239
2786.4,0.15212
2787.9,0.15178
2789.4,0.1515
2790.9,0.15133
2792.4,0.1511
2793.9,0.15084
2795.4,0.15059
2796.9,0.15035
2798.4,0.15011
2799.9,0.14989
2801.4,0.14965
2802.9,0.1494
2804.4,0.14916
2806.0,0.149
2807.5,0.1488
2809.0,0.1486
2810.5,0.14838
2812.1,0.1482
2813.6,0.148
2815.1,0.14776
2816.6,0.1476
2818.2,0.14746
2819.7,0.14724
2821.2,0.14702
2822.8,0.1469
2824.3,0.14678
2825.9,0.14663
2827.4,0.14648
2828.9,0.14634
2830.5,0.14622
2832.0,0.14609
2833.6,0.14594
2835.1,0.14578
2836.7,0.14563
2838.2,0.14547
2839.8,0.14539
2841.3,0.14531
2842.9,0.14516
2844.4,0.14501
2846.0,0.14486
2847.6,0.14474
2849.1,0.14462
2850.7,0.14455
2852.3,0.1445
2853.8,0.14436
2855.4,0.14419
2857.0,0.14409
2858.6,0.144
2860.1,0.1439
2861.7,0.14384
2863.3,0.14376
2864.9,0.14364
2866.5,0.14353
2868.1,0.14347
2869.6,0.14341
2871.2,0.14332
2872.8,0.14319
2874.4,0.14311
2876.0,0.14312
2877.6,0.14306
2879.2,0.14298
2880.8,0.14287
2882.4,0.14275
2884.0,0.14265
2885.6,0.14263
2887.2,0.14262
2888.8,0.14254
2890.4,0.14248
2892.0,0.14243
2893.6,0.14239
2895.3,0.14231
2896.9,0.14226
2898.5,0.14221
2900.1,0.14217
2901.8,0.14214
2903.4,0.1421
2905.0,0.14204
2906.6,0.14198
2908.3,0.14195
2909.9,0.14186
2911.5,0.1418
2913.2,0.14183
2914.8,0.1418
2916.4,0.14177
2918.1,0.1418
2919.7,0.14176
2921.4,0.14174
2923.0,0.1417
2924.7,0.14166
2926.3,0.14165
2928.0,0.14161
2929.6,0.14156
2931.3,0.14156
2932.9,0.14155
2934.6,0.14157
2936.3,0.14157
2937.9,0.1415
2939.6,0.14141
2941.3,0.14138
2942.9,0.14145
2944.6,0.1415
2946.3,0.14151
2947.9,0.14145
2949.6,0.14145
2951.3,0.14149
2953.0,0.14149
2954.7,0.1415
2956.3,0.14153
2958.0,0.14154
2959.7,0.1416
2961.4,0.14161
2963.1,0.14162
2964.8,0.14165
2966.5,0.14159
2968.2,0.14153
2969.9,0.14159
2971.6,0.14168
2973.3,0.14175
2975.0,0.14179
2976.7,0.14182
2978.4,0.14187
2980.1,0.1419
2981.9,0.14192
2983.6,0.14191
2985.3,0.14196
2987.0,0.14206
2988.7,0.14214
2990.4,0.14216
2992.2,0.14216
2993.9,0.14218
2995.6,0.1422
2997.4,0.14226
2999.1,0.14231
3000.8,0.14238
3002.6,0.14244
3004.3,0.14248
3006.1,0.14249
3007.8,0.14252
3009.5,0.14259
3011.3,0.14265
3013.0,0.1427
3014.8,0.14272
3016.5,0.14276
3018.3,0.1428
3020.1,0.14282
3021.8,0.14281
3023.6,0.14274
3025.3,0.14274
3027.1,0.14286
3028.9,0.14299
3030.6,0.14304
3032.4,0.14309
3034.2,0.14312
3036.0,0.14312
3037.7,0.14314
3039.5,0.14321
3041.3,0.14326
3043.1,0.14329
3044.9,0.14333
3046.7,0.14338
3048.5,0.1434
3050.3,0.14343
3052.1,0.14345
3053.8,0.14344
3055.6,0.14341
3057.4,0.1434
3059.3,0.14348
3061.1,0.14354
3062.9,0.14356
3064.7,0.14357
3066.5,0.14357
3068.3,0.14357
3070.1,0.14356
3071.9,0.14356
3073.8,0.14362
3075.6,0.14368
3077.4,0.14373
3079.2,0.14371
3081.1,0.14373
3082.9,0.14376
3084.7,0.14379
3086.6,0.14382
3088.4,0.14387
3090.2,0.14388
3092.1,0.14385
3093.9,0.14389
3095.8,0.14402
3097.6,0.1441
3099.5,0.14416
3101.3,0.14421
3103.2,0.14429
3105.1,0.14433
3106.9,0.14437
3108.8,0.14443
3110.6,0.14447
3112.5,0.14456
3114.4,0.14466
3116.2,0.14473
3118.1,0.14479
3120.0,0.14484
3121.9,0.14493
3123.8,0.14501
3125.6,0.1451
3127.5,0.14518
3129.4,0.14524
3131.3,0.14531
3133.2,0.14539
3135.1,0.14548
3137.0,0.14559
3138.9,0.14568
3140.8,0.14575
3142.7,0.14583
3144.6,0.14591
3146.5,0.14601
3148.4,0.14611
3150.3,0.14623
3152.2,0.14634
3154.1,0.14641
3156.1,0.14651
3158.0,0.14662
3159.9,0.14672
3161.8,0.14683
3163.8,0.14693
3165.7,0.14704
3167.6,0.14718
3169.6,0.14727
3171.5,0.14731
3173.5,0.14743
3175.4,0.14763
3177.3,0.14779
3179.3,0.14789
3181.2,0.14797
3183.2,0.14807
3185.1,0.14813
3187.1,0.14827
3189.1,0.14843
3191.0,0.14856
3193.0,0.14866
3195.0,0.14878
3196.9,0.14892
3198.9,0.14906
3200.9,0.14919
3202.9,0.14929
3204.8,0.14935
3206.8,0.14943
3208.8,0.14953
3210.8,0.14972
3212.8,0.14992
3214.8,0.15004
3216.8,0.15013
3218.8,0.15027
3220.8,0.15043
3222.8,0.15055
3224.8,0.15064
3226.8,0.15076
3228.8,0.15096
3230.8,0.1511
3232.8,0.15119
3234.8,0.15127
3236.8,0.15139
3238.9,0.15153
3240.9,0.15161
3242.9,0.15167
3244.9,0.15178
3247.0,0.1519
3249.0,0.15204
3251.1,0.15224
3253.1,0.15241
3255.1,0.15254
3257.2,0.15264
3259.2,0.15272
3261.3,0.15282
3263.3,0.15296
3265.4,0.15306
3267.4,0.15318
3269.5,0.15331
3271.6,0.15342
3273.6,0.15355
3275.7,0.15368
3277.8,0.15377
3279.8,0.1539
3281.9,0.15401
3284.0,0.1541
3286.1,0.1542
3288.2,0.15431
3290.2,0.15446
3292.3,0.15456
3294.4,0.15461
3296.5,0.15468
3298.6,0.15478
3300.7,0.15488
3302.8,0.15498
3304.9,0.15506
3307.0,0.15513
3309.1,0.15524
3311.3,0.15537
3313.4,0.15545
3315.5,0.15551
3317.6,0.15557
3319.7,0.15566
3321.9,0.15577
3324.0,0.15591
3326.1,0.15599
3328.3,0.15605
3330.4,0.15613
3332.5,0.15618
3334.7,0.15621
3336.8,0.15627
3339.0,0.15636
3341.1,0.1564
3343.3,0.15648
3345.4,0.15656
3347.6,0.1566
3349.8,0.1566
3351.9,0.1566
3354.1,0.15658
3356.3,0.15659
3358.4,0.15658
3360.6,0.15648
3362.8,0.15634
3365.0,0.15619
3367.2,0.15599
3369.4,0.15579
3371.5,0.15567
3373.7,0.1556
3375.9,0.15559
3378.1,0.15566
3380.3,0.15582
3382.5,0.15603
3384.7,0.15623
3386.9,0.15643
3389.2,0.15659
3391.4,0.15662
3393.6,0.15654
3395.8,0.15642
3398.1,0.15629
3400.3,0.15612
3402.5,0.15588
3404.7,0.15561
3407.0,0.15534
3409.2,0.15509
3411.5,0.15487
3413.7,0.1547
3416.0,0.15463
3418.2,0.15469
3420.5,0.15494
3422.7,0.15533
3425.0,0.1558
3427.3,0.15629
3429.5,0.15676
3431.8,0.15716
3434.1,0.15755
3436.3,0.15794
3438.6,0.15825
3440.9,0.1585
3443.2,0.15871
3445.5,0.15891
3447.8,0.15911
3450.1,0.15932
3452.4,0.1595
3454.6,0.15969
3456.9,0.15985
3459.3,0.15998
3461.6,0.1601
3463.9,0.16019
3466.2,0.16024
3468.5,0.16023
3470.8,0.16023
3473.2,0.16026
3475.5,0.1603
3477.8,0.1603
3480.1,0.16027
3482.5,0.16036
3484.8,0.16042
3487.2,0.1604
3489.5,0.16034
3491.9,0.16023
3494.2,0.1601
3496.6,0.15996
3498.9,0.15983
3501.3,0.15979
3503.7,0.15991
3506.0,0.1602
3508.4,0.16063
3510.8,0.16111
3513.2,0.16157
3515.5,0.16199
3517.9,0.16233
3520.3,0.1626
3522.7,0.16282
3525.1,0.16306
3527.5,0.16327
3529.9,0.16345
3532.3,0.16364
3534.7,0.1638
3537.1,0.16392
3539.5,0.16403
3541.9,0.16413
3544.4,0.16424
3546.8,0.16436
3549.2,0.16448
3551.7,0.16458
3554.1,0.16467
3556.5,0.16473
3559.0,0.16481
3561.4,0.16491
3563.9,0.16501
3566.3,0.1651
3568.8,0.16516
3571.2,0.16519
3573.7,0.16525
3576.1,0.16535
3578.6,0.16542
3581.1,0.16549
3583.6,0.16555
3586.0,0.16561
3588.5,0.16568
3591.0,0.16574
3593.5,0.16579
3596.0,0.16586
3598.5,0.16592
3601.0,0.16597
3603.5,0.166
3606.0,0.16606
3608.5,0.16612
3611.0,0.16617
3613.5,0.16624
3616.1,0.1663
3618.6,0.16634
3621.1,0.16637
3623.6,0.16642
3626.2,0.16648
3628.7,0.1665
3631.3,0.16655
3633.8,0.16659
3636.3,0.16661
3638.9,0.16667
3641.4,0.16674
3644.0,0.16678
3646.6,0.16682
3649.1,0.16686
3651.7,0.1669
3654.3,0.16694
3656.9,0.16699
3659.4,0.16706
3662.0,0.16713
3664.6,0.16718
3667.2,0.16721
3669.8,0.16725
3672.4,0.16733
3675.0,0.16739
3677.6,0.16745
3680.2,0.1675
3682.8,0.16753
3685.4,0.16757
3688.1,0.16762
3690.7,0.16767
3693.3,0.16772
3695.9,0.16776
3698.6,0.16782
3701.2,0.16787
3703.9,0.16788
3706.5,0.1679
3709.2,0.16796
3711.8,0.16801
3714.5,0.16806
3717.1,0.16808
3719.8,0.16812
3722.5,0.16815
3725.2,0.16817
3727.8,0.16818
3730.5,0.16822
3733.2,0.16827
3735.9,0.16831
3738.6,0.16834
3741.3,0.16837
3744.0,0.16842
3746.7,0.16844
3749.4,0.16845
3752.1,0.16848
3754.8,0.16853
3757.6,0.16856
3760.3,0.16857
3763.0,0.16861
3765.7,0.16863
3768.5,0.16864
3771.2,0.16868
3774.0,0.16871
3776.7,0.16872
3779.5,0.16872
3782.2,0.16873
3785.0,0.16875
3787.7,0.16877
3790.5,0.16878
3793.3,0.16881
3796.1,0.16883
3798.8,0.16886
3801.6,0.16889
3804.4,0.1689
3807.2,0.16891
3810.0,0.16891
3812.8,0.16893
3815.6,0.16894
3818.4,0.16895
3821.2,0.16898
3824.1,0.169
3826.9,0.16899
3829.7,0.16902
3832.5,0.16907
3835.4,0.16908
3838.2,0.16909
3841.1,0.16911
3843.9,0.16913
3846.8,0.16914
3849.6,0.16916
3852.5,0.16917
3855.3,0.16919
3858.2,0.16921
3861.1,0.16921
3863.9,0.16923
3866.8,0.16923
3869.7,0.16923
3872.6,0.16926
3875.5,0.16927
3878.4,0.16927
3881.3,0.16927
3884.2,0.16928
3887.1,0.1693
3890.0,0.1693
3893.0,0.1693
3895.9,0.16927
3898.8,0.16928
3901.7,0.16928
3904.7,0.16928
3907.6,0.1693
3910.6,0.1693
3913.5,0.16931
3916.5,0.16931
3919.4,0.1693
3922.4,0.1693
3925.4,0.16931
3928.4,0.1693
3931.3,0.16928
3934.3,0.1693
3937.3,0.16929
3940.3,0.16929
3943.3,0.16927
3946.3,0.16926
3949.3,0.16925
3952.3,0.16924
3955.3,0.16922
3958.3,0.1692
3961.4,0.16919
3964.4,0.16917
3967.4,0.16915
3970.5,0.16915
3973.5,0.16913
3976.6,0.16909
3979.6,0.16906
3982.6,0.16904
3985.7,0.16902
3988.8,0.169
3991.9,0.16899
3994.9,0.16897
3998.0,0.16895
4001.1,0.16893
4004.2,0.1689
4007.3,0.16887
4010.4,0.16884
4013.5,0.16884
4016.6,0.1688
4019.7,0.16876
4022.8,0.16874
4025.9,0.16875
4029.1,0.16874
4032.2,0.16872
4035.3,0.16867
4038.5,0.16866
4041.6,0.16867
4044.8,0.16866
4047.9,0.16865
4051.1,0.16864
4054.3,0.16863
4057.4,0.16863
4060.6,0.16861
4063.8,0.16858
4067.0,0.16856
4070.2,0.16855
4073.4,0.16853
4076.6,0.16851
4079.8,0.16848
4083.0,0.16846
4086.2,0.16843
4089.4,0.16841
4092.7,0.16838
4095.9,0.16834
4099.1,0.16828
4102.4,0.16824
4105.6,0.1682
4108.9,0.16819
4112.1,0.16818
4115.4,0.16814
4118.7,0.1681
4122.0,0.16808
4125.2,0.16803
4128.5,0.168
4131.8,0.16797
4135.1,0.16792
4138.4,0.16789
4141.7,0.16787
4145.0,0.16782
4148.3,0.16776
4151.6,0.1677
4155.0,0.16765
4158.3,0.16761
4161.6,0.16759
4165.0,0.16754
4168.3,0.1675
4171.7,0.16745
4175.0,0.1674
4178.4,0.16735
4181.8,0.16731
4185.2,0.16727
4188.5,0.16723
4191.9,0.16719
4195.3,0.16712
4198.7,0.16703
4202.1,0.16693
4205.5,0.16677
4208.9,0.16662
4212.4,0.16644
4215.8,0.16622
4219.2,0.16603
4222.6,0.16591
4226.1,0.16578
4229.5,0.16567
4233.0,0.16558
4236.5,0.16554
4239.9,0.16549
4243.4,0.16547
4246.9,0.16553
4250.3,0.16564
4253.8,0.16577
4257.3,0.16585
4260.8,0.1657
4264.3,0.16547
4267.8,0.16531
4271.3,0.16519
4274.9,0.1651
4278.4,0.16506
4281.9,0.16499
4285.5,0.16495
4289.0,0.16489
4292.6,0.16485
4296.1,0.16484
4299.7,0.16482
4303.3,0.16478
4306.8,0.16477
4310.4,0.1648
4314.0,0.16482
4317.6,0.1648
4321.2,0.1648
4324.8,0.16478
4328.4,0.16474
4332.0,0.16468
4335.6,0.16466
4339.3,0.16465
4342.9,0.16461
4346.5,0.16454
4350.2,0.16448
4353.8,0.16442
4357.5,0.16435
4361.1,0.16428
4364.8,0.16423
4368.5,0.16417
4372.2,0.16413
4375.9,0.16407
4379.6,0.16402
4383.3,0.16394
4387.0,0.16386
4390.7,0.16378
4394.4,0.16373
4398.1,0.16366
4401.9,0.1636
4405.6,0.16352
4409.4,0.16344
4413.1,0.16333
4416.9,0.16326
4420.6,0.16321
4424.4,0.16313
4428.2,0.16306
4432.0,0.163
4435.8,0.1629
4439.6,0.1628
4443.4,0.16274
4447.2,0.16267
4451.0,0.16258
4454.8,0.16249
4458.6,0.16239
4462.5,0.16232
4466.3,0.16222
4470.2,0.16214
4474.0,0.16204
4477.9,0.16194
4481.8,0.16184
4485.6,0.16176
4489.5,0.16166
4493.4,0.16156
4497.3,0.16146
4501.2,0.16135
4505.1,0.16122
4509.0,0.16111
4513.0,0.16098
4516.9,0.16086
4520.9,0.16073
4524.8,0.1606
4528.7,0.16044
4532.7,0.16029
4536.7,0.16011
4540.6,0.15995
4544.6,0.15977
4548.6,0.15962
4552.6,0.15943
4556.6,0.15927
4560.6,0.15908
4564.6,0.1589
4568.6,0.15871
4572.7,0.15854
4576.7,0.15835
4580.8,0.15815
4584.8,0.15792
4588.9,0.15768
4592.9,0.15744
4597.0,0.15721
4601.1,0.15698
4605.2,0.15675
4609.3,0.15649
4613.4,0.15624
4617.5,0.15595
4621.6,0.15569
4625.7,0.15541
4629.8,0.15513
4634.0,0.15486
4638.1,0.15457
4642.3,0.15427
4646.4,0.15399
4650.6,0.1537
4654.8,0.15341
4659.0,0.15312
4663.1,0.15287
4667.3,0.15259
4671.5,0.15234
4675.8,0.15207
4680.0,0.15181
4684.2,0.15154
4688.4,0.15131
4692.7,0.15107
4696.9,0.15084
4701.2,0.15062
4705.5,0.15042
4709.7,0.15019
4714.0,0.14997
4718.3,0.14974
4722.6,0.14953
4726.9,0.1493
4731.2,0.14909
4735.5,0.14887
4739.9,0.14867
4744.2,0.14845
4748.5,0.14823
4752.9,0.148
4757.3,0.14777
4761.6,0.14748
4766.0,0.1472
4770.4,0.1469
4774.8,0.14661
4779.2,0.14633
4783.6,0.14604
4788.0,0.14569
4792.4,0.14535
4796.9,0.14499
4801.3,0.14464
4805.8,0.1443
4810.2,0.14396
4814.7,0.14361
4819.1,0.14329
4823.6,0.14297
4828.1,0.14265
4832.6,0.14233
4837.1,0.14205
4841.6,0.14176
4846.2,0.14148
4850.7,0.1412
4855.3,0.14095
4859.8,0.14067
4864.4,0.1404
4868.9,0.14012
4873.5,0.13983
4878.1,0.13952
4882.7,0.13921
4887.3,0.13889
4891.9,0.13853
4896.5,0.13813
4901.1,0.13772
4905.8,0.13729
4910.4,0.13685
4915.1,0.13637
4919.7,0.13588
4924.4,0.13536
4929.1,0.13485
4933.8,0.13435
4938.5,0.13388
4943.2,0.1334
4947.9,0.13295
4952.6,0.13251
4957.4,0.13211
4962.1,0.13174
4966.9,0.13139
4971.6,0.13107
4976.4,0.13081
4981.2,0.13057
4986.0,0.13039
4990.8,0.13022
4995.6,0.1301
5000.4,0.12997
5005.2,0.12987
5010.0,0.12973
5014.9,0.12958
5019.8,0.1294
5024.6,0.12923
5029.5,0.12903
5034.4,0.12882
5039.3,0.12858
5044.2,0.1283
5049.1,0.12799
5054.0,0.12772
5058.9,0.12743
5063.9,0.12711
5068.8,0.12678
5073.8,0.12647
5078.8,0.12617
5083.7,0.12587
5088.7,0.12556
5093.7,0.12528
5098.7,0.12499
5103.7,0.12468
5108.8,0.12437
5113.8,0.12407
5118.9,0.12375
5123.9,0.12341
5129.0,0.12305
5134.1,0.12269
5139.1,0.12234
5144.3,0.12201
5149.4,0.12166
5154.5,0.12136
5159.6,0.1211
5164.7,0.12088
5169.9,0.12066
5175.0,0.12052
5180.2,0.12044
5185.4,0.12042
5190.6,0.12038
5195.8,0.12037
5201.0,0.12038
5206.2,0.1204
5211.5,0.12035
5216.7,0.12031
5222.0,0.1203
5227.2,0.12027
5232.5,0.12021
5237.8,0.12016
5243.1,0.1201
5248.4,0.12007
5253.7,0.12007
5259.0,0.12009
5264.4,0.1201
5269.7,0.12014
5275.1,0.1202
5280.5,0.12031
5285.8,0.12044
5291.2,0.12056
5296.6,0.12067
5302.0,0.1208
5307.5,0.12091
5312.9,0.12102
5318.4,0.12108
5323.8,0.12114
5329.3,0.12114
5334.8,0.1211
5340.3,0.12102
5345.8,0.12094
5351.3,0.12078
5356.8,0.12057
5362.4,0.12031
5367.9,0.12006
5373.5,0.11977
5379.0,0.11943
5384.6,0.11904
5390.2,0.11865
5395.8,0.11825
5401.5,0.11782
5407.1,0.11738
5412.7,0.11695
5418.4,0.11649
5424.1,0.11603
5429.7,0.11564
5435.4,0.1153
5441.1,0.11493
5446.8,0.11458
5452.6,0.11427
5458.3,0.114
5464.1,0.11374
5469.8,0.11355
5475.6,0.11342
5481.4,0.11333
5487.2,0.11326
5493.0,0.1132
5498.8,0.11316
5504.7,0.11317
5510.5,0.11314
5516.4,0.11308
5522.3,0.11298
5528.1,0.11286
5534.0,0.11271
5540.0,0.11251
5545.9,0.11222
5551.8,0.11185
5557.8,0.11139
5563.7,0.11089
5569.7,0.11029
5575.7,0.10959
5581.7,0.10882
5587.7,0.10811
5593.7,0.10735
5599.8,0.10653
5605.8,0.10571
5611.9,0.10495
5618.0,0.10428
5624.1,0.10368
5630.2,0.10317
5636.3,0.10274
5642.4,0.1024
5648.6,0.10225
5654.7,0.10223
5660.9,0.10232
5667.1,0.10255
5673.3,0.10286
5679.5,0.10331
5685.7,0.10383
5692.0,0.10438
5698.2,0.105
5704.5,0.1056
5710.8,0.10618
5717.1,0.10679
5723.4,0.10737
5729.7,0.10792
5736.0,0.10842
5742.4,0.10884
5748.8,0.10919
5755.1,0.1095
5761.5,0.10971
5768.0,0.10981
5774.4,0.10994
5780.8,0.11
5787.3,0.11001
5793.7,0.1099
5800.2,0.10971
5806.7,0.10949
5813.2,0.1093
5819.7,0.10901
5826.3,0.10873
5832.8,0.10853
5839.4,0.10836
5846.0,0.10815
5852.6,0.10793
5859.2,0.10767
5865.8,0.10738
5872.5,0.10709
5879.1,0.10673
5885.8,0.10639
5892.5,0.10615
5899.2,0.10576
5905.9,0.10544
5912.6,0.10506
5919.4,0.10462
5926.2,0.10413
5932.9,0.10355
5939.7,0.10281
5946.5,0.10226
5953.4,0.10164
5960.2,0.10097
5967.1,0.1002
5974.0,0.09941
5980.8,0.09874
5987.8,0.0981
5994.7,0.09751
6001.6,0.09708
6008.6,0.09671
6015.5,0.09645
6022.5,0.09634
6029.5,0.09637
6036.5,0.09655
6043.6,0.09683
6050.6,0.09728
6057.7,0.09794
6064.8,0.0985
6071.9,0.099
6079.0,0.09952
6086.1,0.09995
6093.3,0.10028
6100.5,0.10051
6107.6,0.1006
6114.9,0.10062
6122.1,0.10066
6129.3,0.10062
6136.5,0.10045
6143.8,0.10023
6151.1,0.09999
6158.4,0.09968
6165.7,0.09935
6173.1,0.09906
6180.4,0.09873
6187.8,0.09838
6195.2,0.09813
6202.6,0.09794
6210.0,0.09774
6217.5,0.09755
6225.0,0.09744
6232.4,0.09739
6239.9,0.09734
6247.5,0.09731
6255.0,0.09731
6262.5,0.09734
6270.1,0.09741
6277.7,0.09751
6285.3,0.09767
6293.0,0.09785
6300.6,0.09807
6308.3,0.09835
6315.9,0.09871
6323.6,0.0991
6331.4,0.09956
6339.1,0.09998
6346.9,0.10047
6354.6,0.10108
6362.4,0.10162
6370.3,0.10213
6378.1,0.10272
6385.9,0.10328
6393.8,0.10381
6401.7,0.10424
6409.6,0.10455
6417.5,0.10493
6425.5,0.10539
6433.5,0.10576
6441.5,0.10612
6449.5,0.1064
6457.5,0.1067
6465.6,0.10694
6473.6,0.10709
6481.7,0.1072
6489.8,0.10732
6498.0,0.10751
6506.1,0.10778
6514.3,0.10794
6522.5,0.108
6530.7,0.10809
6539.0,0.10814
6547.2,0.10813
6555.5,0.1081
6563.8,0.10809
6572.1,0.10805
6580.4,0.10803
6588.8,0.10808
6597.2,0.10809
6605.6,0.10812
6614.0,0.10818
6622.5,0.10821
6630.9,0.10823
6639.4,0.10832
6647.9,0.10855
6656.5,0.10874
6665.0,0.10884
6673.6,0.10891
6682.2,0.10895
6690.8,0.10898
6699.5,0.10897
6708.1,0.10892
6716.8,0.10889
6725.5,0.10886
6734.3,0.10877
6743.0,0.10861
6751.8,0.10839
6760.6,0.10815
6769.4,0.10787
6778.3,0.10751
6787.1,0.10709
6796.0,0.10665
6805.0,0.10628
6813.9,0.10593
6822.9,0.10556
6831.9,0.1052
6840.9,0.1049
6849.9,0.10456
6859.0,0.10417
6868.0,0.1038
6877.2,0.10357
6886.3,0.10334
6895.5,0.10311
6904.6,0.10285
6913.8,0.10262
6923.1,0.10239
6932.3,0.10211
6941.6,0.1018
6950.9,0.10147
6960.2,0.10105
6969.6,0.10069
6979.0,0.10037
6988.4,0.1
6997.8,0.09958
7007.3,0.09918
7016.8,0.09873
7026.3,0.09824
7035.8,0.09777
7045.4,0.0973
7054.9,0.09685
7064.5,0.09652
7074.2,0.09616
7083.9,0.09581
7093.5,0.09551
7103.3,0.09524
7113.0,0.09497
7122.8,0.09475
7132.6,0.09454
7142.4,0.09429
7152.2,0.09405
7162.1,0.09384
7172.0,0.09355
7182.0,0.0933
7191.9,0.09302
7201.9,0.0927
7211.9,0.09234
7222.0,0.09199
7232.0,0.09163
7242.1,0.09125
7252.3,0.09084
7262.4,0.09046
7272.6,0.09005
7282.8,0.08965
7293.1,0.08924
7303.3,0.08886
7313.6,0.08842
7324.0,0.08801
7334.3,0.08755
7344.7,0.08709
7355.1,0.08662
7365.6,0.08619
7376.1,0.0857
7386.6,0.08521
7397.1,0.08472
7407.7,0.08427
7418.3,0.08378
7428.9,0.08335
7439.6,0.08289
7450.2,0.08243
7461.0,0.08195
7471.7,0.08152
7482.5,0.08106
7493.3,0.08059
7504.1,0.0801
7515.0,0.07967
7525.9,0.07921
7536.9,0.07874
7547.9,0.07828
7558.9,0.07785
7569.9,0.0774
7581.0,0.07703
7592.0,0.07666
7603.2,0.07631
7614.4,0.07596
7625.5,0.07568
7636.8,0.07539
7648.0,0.07509
7659.3,0.07477
7670.7,0.07446
7682.0,0.07411
7693.4,0.07382
7704.9,0.07342
7716.3,0.07301
7727.8,0.07258
7739.4,0.07212
7750.9,0.0716
7762.5,0.0711
7774.2,0.07056
7785.8,0.07006
7797.5,0.06953
7809.3,0.06902
7821.1,0.06848
7832.9,0.06797
7844.7,0.06742
7856.6,0.0669
7868.5,0.06632
7880.5,0.0658
7892.5,0.0653
7904.5,0.0648
7916.6,0.06422
7928.7,0.06366
7940.8,0.06307
7953.0,0.06246
7965.2,0.0618
7977.5,0.06117
7989.8,0.06047
8002.1,0.05977
8014.5,0.05901
8026.9,0.05829
8039.3,0.05751
8051.8,0.05674
8064.3,0.05591
8076.9,0.0551
8089.5,0.05427
8102.1,0.05346
8114.8,0.0526
8127.5,0.0518
8140.3,0.05094
8153.1,0.05014
8165.9,0.04929
8178.8,0.04849
8191.7,0.04769
8204.7,0.0469
8217.7,0.04608
8230.7,0.04531
8243.8,0.04446
8257.0,0.04363
8270.1,0.04275
8283.3,0.04192
8296.6,0.04107
8309.9,0.04025
8323.2,0.03939
8336.6,0.03863
8350.0,0.03785
8363.5,0.03711
8377.0,0.03639
8390.5,0.03578
8404.2,0.03513
8417.8,0.03454
8431.5,0.03395
8445.2,0.03346
8459.0,0.033
8472.8,0.03258
8486.7,0.03217
8500.6,0.03184
8514.5,0.03151
8528.5,0.03127
8542.6,0.03103
8556.7,0.03089
8570.8,0.03077
8585.0,0.03072
8599.3,0.03068
8613.5,0.03076
8627.9,0.03083
8642.3,0.03101
8656.7,0.0312
8671.2,0.03149
8685.7,0.03181
8700.3,0.03215
8714.9,0.03245
8729.5,0.03275
8744.3,0.03286
8759.0,0.03286
8773.9,0.0328
8788.7,0.03294
8803.7,0.03337
8818.6,0.03406
8833.7,0.03471
8848.7,0.03524
8863.8,0.03559
8879.0,0.03581
8894.3,0.03585
8909.5,0.03596
8924.9,0.03617
8940.3,0.03653
8955.7,0.03698
8971.2,0.03745
8986.8,0.03781
9002.3,0.03815
9018.0,0.03839
9033.7,0.03855
9049.5,0.03861
9065.3,0.03865
9081.2,0.03859
9097.1,0.03858
9113.1,0.03854
9129.1,0.0385
9145.2,0.03841
9161.4,0.03843
9177.6,0.03847
9193.9,0.03852
9210.2,0.03862
9226.6,0.03883
9243.0,0.03908
9259.5,0.03944
9276.1,0.03986
9292.7,0.04036
9309.4,0.04085
9326.2,0.04142
9343.0,0.042
9359.8,0.04259
9376.8,0.04319
9393.8,0.0438
9410.8,0.04424
9427.9,0.04457
9445.1,0.04476
9462.3,0.04486
9479.6,0.04486
9497.0,0.04484
9514.4,0.04471
9531.9,0.04455
9549.4,0.04427
9567.0,0.04394
9584.7,0.04349
9602.5,0.04305
9620.3,0.04254
9638.2,0.04199
9656.1,0.04138
9674.2,0.04084
9692.2,0.04035
9710.4,0.03992
9728.6,0.0395
9746.9,0.03919
9765.2,0.03889
9783.7,0.03865
9802.2,0.03853
9820.7,0.03858
9839.4,0.03867
9858.1,0.03886
9876.8,0.03906
9895.7,0.0393
9914.6,0.03951
9933.6,0.03975
9952.7,0.03991
9971.8,0.04001
9991.0,0.04003
10010.3,0.04006
10029.7,0.04013
10049.1,0.04038
10068.6,0.04074
10088.2,0.04115
10107.9,0.04154
10127.6,0.04198
10147.5,0.04245
10167.3,0.043
10187.3,0.04356
10207.4,0.04403
10227.5,0.04427
10247.7,0.04434
10268.0,0.04405
10288.4,0.04355
10308.8,0.04304
10329.4,0.04272
10350.0,0.0426
10370.7,0.0428
10391.5,0.0432
10412.3,0.04369
10433.3,0.0442
10454.3,0.04466
10475.4,0.04508
10496.7,0.04588
10517.9,0.0471
10539.3,0.04849
10560.8,0.04966
10582.3,0.0506
10604.0,0.05133
10625.7,0.05187
10647.5,0.05221
10669.4,0.05242
10691.4,0.05249
10713.5,0.05256
10735.7,0.05254
10758.0,0.05243
10780.3,0.05225
10802.8,0.05201
10825.4,0.0516
10848.0,0.0511
10870.8,0.05051
10893.6,0.04993
10916.5,0.04947
10939.5,0.04909
10962.7,0.04877
10985.9,0.04862
11009.2,0.04847
11032.7,0.04841
11056.2,0.04843
11079.8,0.0485
11103.5,0.0486
11127.4,0.04875
11151.3,0.04903
11175.3,0.04945
11199.5,0.04987
11223.7,0.05034
11248.0,0.0506
11272.5,0.05065
11297.1,0.05047
11321.7,0.05009
11346.5,0.04949
11371.4,0.0487
11396.4,0.04776
11421.5,0.04676
11446.7,0.04558
11472.0,0.04431
11497.5,0.04293
11523.0,0.04162
11548.7,0.04037
11574.4,0.03915
11600.3,0.0381
11626.3,0.03728
11652.5,0.03653
11678.7,0.0359
11705.1,0.03537
11731.6,0.0349
11758.2,0.03444
11784.9,0.03393
11811.7,0.03341
11838.7,0.03302
11865.8,0.0328
11893.0,0.033
11920.3,0.03344
11947.8,0.03399
11975.4,0.03446
12003.1,0.03491
12031.0,0.03542
12059.0,0.03596
12087.1,0.03657
12115.3,0.03737
12143.7,0.03813
12172.2,0.03883
12200.8,0.03951
12229.6,0.04024
12258.5,0.04088
12287.6,0.04137
12316.8,0.04177
12346.1,0.04208
12375.5,0.04224
12405.2,0.04241
12434.9,0.04257
12464.8,0.04273
12494.8,0.04287
12525.0,0.04291
12555.3,0.04293
12585.8,0.043
12616.4,0.04299
12647.2,0.043
12678.1,0.04298
12709.2,0.043
12740.4,0.04298
12771.8,0.04301
12803.3,0.04306
12835.0,0.04318
12866.9,0.04319
12898.9,0.04315
12931.1,0.04307
12963.4,0.043
12995.9,0.04286
13028.5,0.04265
13061.3,0.04237
13094.3,0.04205
13127.5,0.04163
13160.8,0.04123
13194.3,0.04082
13228.0,0.04034
13261.8,0.03976
13295.8,0.03906
13330.0,0.03817
13364.3,0.03729
13398.8,0.03646
13433.6,0.03577
13468.5,0.03534
13503.5,0.0351
13538.8,0.03475
13574.2,0.0343
13609.9,0.0337
13645.7,0.03311
13681.7,0.03255
13717.9,0.03218
13754.3,0.03199
13790.8,0.03182
13827.6,0.03175
13864.6,0.03185
13901.8,0.03192
13939.2,0.03195
13976.7,0.03207
14014.5,0.03211
14052.5,0.03205
14090.7,0.03195
14129.0,0.03166
14167.6,0.03137
14206.5,0.03106
14245.5,0.03072
14284.7,0.03026
14324.2,0.02994
14363.9,0.02955
14403.8,0.02908
14443.9,0.02852
14484.3,0.02795
14524.8,0.02746
14565.6,0.02702
14606.7,0.02632
14647.9,0.02556
14689.4,0.025
14731.2,0.02458
14773.1,0.02415
14815.3,0.02378
14857.8,0.02362
14900.5,0.02356
14943.4,0.0233
14986.6,0.02279
15030.0,0.02233
15073.7,0.02185
15117.7,0.02129
15161.9,0.02076
15206.3,0.02038
15251.1,0.02027
15296.1,0.02026
15341.3,0.02034
15386.8,0.02057
15432.6,0.02082
15478.7,0.02119
15525.0,0.02171
15571.7,0.02225
15618.6,0.02281
15665.8,0.02333
15713.2,0.02379
15761.0,0.02444
15809.0,0.02507
15857.4,0.02567
15906.0,0.02614
15955.0,0.02654
16004.2,0.02696
16053.8,0.02744
16103.6,0.0278
16153.8,0.02788
16204.3,0.02809
16255.1,0.02841
16306.2,0.02858
16357.6,0.02877
16409.4,0.02885
16461.5,0.02874
16513.9,0.02891
16566.7,0.02918
16619.8,0.02924
16673.2,0.02902
16727.0,0.02887
16781.1,0.02907
16835.6,0.02925
16890.5,0.02915
16945.7,0.02899
17001.2,0.02917
17057.2,0.02927
17113.4,0.02961
17170.1,0.03018
17227.2,0.03051
17284.6,0.03071
17342.4,0.03097
17400.6,0.03141
17459.2,0.03214
17518.2,0.03275
17577.5,0.03324
17637.3,0.03375
17697.5,0.03432
17758.1,0.03479
17819.2,0.03536
17880.6,0.03588
17942.5,0.03672
18004.8,0.0378
18067.5,0.03869
18130.7,0.03972
18194.3,0.04066
18258.4,0.04162
18322.9,0.04226
18387.9,0.04221
18453.3,0.04189
18519.2,0.04158
18585.6,0.04137
18652.4,0.04114
18719.8,0.04107
18787.6,0.04135
18855.9,0.04168
18924.7,0.04202
18994.1,0.04277
19063.9,0.04386
19134.2,0.0448
19205.1,0.0457
19276.5,0.04615
19348.4,0.0461
19420.9,0.04589
19493.9,0.04549
19567.5,0.04506
19641.6,0.04452
19716.3,0.04401
19791.5,0.04381
19867.3,0.04365
19943.8,0.04362
20020.8,0.04355
20098.4,0.0431
20176.6,0.0423
20255.4,0.04176
20334.8,0.04116
20414.9,0.04014
20495.6,0.03905
20576.9,0.03782
20658.9,0.03665
20741.5,0.03562
20824.8,0.03494
20908.8,0.03382
20993.4,0.03302
21078.8,0.03237
21164.8,0.03144
21251.6,0.03114
21339.0,0.03138
21427.2,0.03175
21516.1,0.03238
21605.8,0.03251
21696.2,0.03235
21787.3,0.03266
21879.3,0.0332
21972.0,0.03318
22065.5,0.03287
22159.7,0.0329
22254.8,0.03351
22350.8,0.03383
22447.5,0.03461
22545.1,0.03571
22643.6,0.03735
22742.9,0.03872
22843.1,0.03995
22944.2,0.04058
23046.2,0.04056
23149.0,0.04105
23252.8,0.04271
23357.6,0.04382
23463.3,0.04473
23569.9,0.04558
23677.5,0.04615
23786.1,0.04696
23895.8,0.04952
24006.4,0.05052
24118.0,0.0503
24230.7,0.04995
24344.5,0.05119
24459.4,0.05254
24575.3,0.05254
24692.3,0.05102
24810.4,0.05055
24929.7,0.05104
25050.2,0.05114
