Composition,
Date Added,2001-11-05
Formula,
Grain Size Description,<150.0um
Grain Size,0.0 - 150.0
Locality,
Minimum Wavelength,320
Sample Name,Air
Maximum Wavelength,25921
Database of Origin,ReLab
Other Information,
References,
Resolution,12.0
Material Class,Rock
Sample Description,"Ordinary chondrite powder studied by Jarosevich, Meteoritics, 323-337, 1990.  Almost all metal removed.  USNM 7073"
Sample ID,LATB63
Original Sample ID,TB-TJM-063
Viewing Geometry,
Wavelength,Response
320.0,86.84
330.0,93.91
340.0,101.33
350.0,107.8
360.0,113.97
370.0,119.61
380.0,125.42
390.0,131.68
400.0,137.69
410.0,144.57
420.0,151.82
430.0,157.2
440.0,163.61
450.0,169.04
460.0,173.51
470.0,177.0
480.0,181.17
490.0,185.26
500.0,190.96
510.0,196.52
520.0,202.92
530.0,208.41
540.0,214.53
550.0,219.14
560.0,223.99
570.0,227.53
580.0,231.07
590.0,233.42
600.0,235.94
610.0,237.77
620.0,239.55
630.0,240.8
640.0,242.64
650.0,243.86
660.0,245.23
670.0,246.6
680.0,247.76
690.0,248.38
700.0,249.14
710.0,249.85
720.0,250.58
730.0,250.4
740.0,250.12
750.0,249.63
760.0,249.1
770.0,247.79
780.0,246.44
790.0,243.99
800.0,241.69
810.0,239.29
820.0,236.41
830.0,233.09
840.0,229.8
850.0,226.23
860.0,223.35
870.0,220.13
880.0,217.92
890.0,215.94
900.0,212.58
910.0,211.21
920.0,210.91
930.0,210.74
940.0,211.46
950.0,211.49
960.0,212.15
970.0,213.51
980.0,214.77
990.0,216.82
1000.0,216.76
1010.0,217.98
1020.0,218.67
1030.0,220.16
1040.0,221.35
1050.0,222.13
1060.0,223.67
1070.0,224.55
1080.0,226.31
1090.0,227.75
1100.0,229.04
1110.0,230.07
1120.0,231.23
1130.0,232.94
1140.0,235.11
1150.0,235.99
1160.0,237.13
1170.0,237.51
1180.0,238.25
1190.0,238.57
1200.0,239.08
1210.0,239.66
1220.0,240.21
1230.0,240.67
1240.0,241.13
1250.0,241.68
1260.0,241.97
1270.0,242.9
1280.0,243.58
1290.0,244.14
1300.0,244.81
1310.0,245.27
1320.0,245.72
1330.0,246.16
1340.0,246.91
1350.0,247.08
1360.0,247.93
1370.0,248.44
1380.0,249.06
1390.0,250.05
1400.0,250.65
1410.0,251.37
1420.0,252.17
1430.0,252.94
1440.0,253.53
1450.0,254.09
1460.0,254.41
1470.0,254.79
1480.0,254.9
1490.0,254.78
1500.0,254.73
1510.0,254.84
1520.0,254.98
1530.0,254.94
1540.0,255.02
1550.0,255.23
1560.0,255.39
1570.0,255.12
1580.0,255.04
1590.0,254.73
1600.0,254.21
1610.0,253.74
1620.0,253.22
1630.0,252.6
1640.0,252.43
1650.0,251.98
1660.0,251.55
1670.0,251.43
1680.0,250.84
1690.0,250.01
1700.0,249.45
1710.0,248.64
1720.0,247.7
1730.0,247.25
1740.0,246.76
1750.0,246.09
1760.0,245.81
1770.0,245.46
1780.0,245.11
1790.0,244.54
1800.0,244.47
1810.0,244.42
1820.0,244.16
1830.0,243.74
1840.0,243.35
1850.0,242.61
1860.0,242.38
1870.0,242.09
1880.0,241.65
1890.0,241.4
1900.0,241.53
1910.0,241.09
1920.0,240.99
1930.0,241.12
1940.0,241.3
1950.0,241.43
1960.0,241.78
1970.0,242.15
1980.0,242.07
1990.0,242.15
2000.0,242.12
2010.0,242.28
2020.0,242.36
2030.0,242.69
2040.0,243.13
2050.0,243.51
2060.0,243.61
2070.0,243.53
2080.0,244.04
2090.0,244.21
2100.0,244.78
2110.0,245.05
2120.0,245.41
2130.0,245.26
2140.0,245.03
2150.0,245.42
2160.0,246.08
2170.0,246.88
2180.0,247.53
2190.0,248.68
2200.0,248.9
2210.0,249.61
2220.0,250.25
2230.0,250.93
2240.0,251.02
2250.0,251.69
2260.0,251.92
2270.0,252.44
2280.0,253.05
2290.0,253.82
2300.0,254.09
2310.0,254.54
2320.0,254.71
2330.0,254.23
2340.0,253.75
2350.0,254.25
2360.0,254.42
2370.0,254.36
2380.0,254.4
2390.0,254.57
2400.0,254.24
2410.0,254.56
2420.0,255.01
2430.0,255.57
2440.0,256.07
2450.0,256.6
2460.0,257.04
2470.0,257.52
2480.0,258.0
2490.0,258.17
2500.0,258.32
2510.0,258.0
2520.0,257.48
2521.5,257.42
2522.7,257.3
2523.9,257.63
2525.2,257.72
2526.4,257.49
2527.6,257.12
2528.8,257.29
2530.1,257.96
2531.3,258.3
2532.6,257.61
2533.8,257.37
2535.0,257.3
2536.3,257.08
2537.5,258.04
2538.8,258.92
2540.0,258.58
2541.2,258.58
2542.5,258.57
2543.7,258.55
2545.0,257.94
2546.2,257.53
2547.5,257.21
2548.7,257.67
2550.0,258.33
2551.2,257.22
2552.5,257.32
2553.8,257.97
2555.0,257.91
2556.3,258.21
2557.5,258.5
2558.8,258.25
2560.1,257.22
2561.3,256.23
2562.6,256.17
2563.9,256.76
2565.1,257.71
2566.4,257.6
2567.7,257.09
2568.9,256.85
2570.2,257.06
2571.5,258.42
2572.8,258.0
2574.0,256.88
2575.3,257.96
2576.6,257.47
2577.9,256.99
2579.2,257.81
2580.5,257.16
2581.7,257.58
2583.0,258.05
2584.3,256.32
2585.6,257.03
2586.9,256.42
2588.2,256.77
2589.5,258.7
2590.8,259.26
2592.1,258.81
2593.4,257.53
2594.7,256.53
2596.0,258.12
2597.3,259.74
2598.6,259.33
2599.9,259.34
2601.2,258.83
2602.5,258.1
2603.8,257.85
2605.1,256.8
2606.4,256.55
2607.7,257.91
2609.0,258.17
2610.3,258.03
2611.7,258.72
2613.0,258.47
2614.3,257.77
2615.6,257.41
2616.9,256.33
2618.3,258.05
2619.6,258.66
2620.9,257.57
2622.2,258.6
2623.6,258.97
2624.9,258.43
2626.2,257.4
2627.5,257.2
2628.9,258.3
2630.2,257.8
2631.5,257.8
2632.9,257.99
2634.2,257.42
2635.6,258.83
2636.9,259.32
2638.2,258.53
2639.6,258.23
2640.9,258.17
2642.3,258.01
2643.6,258.29
2645.0,258.04
2646.3,258.25
2647.7,259.46
2649.0,259.86
2650.4,259.04
2651.7,257.85
2653.1,258.18
2654.4,259.41
2655.8,259.19
2657.2,259.31
2658.5,258.73
2659.9,258.17
2661.3,259.34
2662.6,260.38
2664.0,259.63
2665.4,257.7
2666.7,256.71
2668.1,258.11
2669.5,259.36
2670.9,258.36
2672.2,260.11
2673.6,260.0
2675.0,259.05
2676.4,257.89
2677.8,257.55
2679.1,258.33
2680.5,259.08
2681.9,259.42
2683.3,259.18
2684.7,259.74
2686.1,259.85
2687.5,260.01
2688.9,260.14
2690.3,260.1
2691.7,260.51
2693.1,259.39
2694.5,258.21
2695.9,258.07
2697.3,258.68
2698.7,259.6
2700.1,259.39
2701.5,259.16
2702.9,259.87
2704.3,259.53
2705.7,258.37
2707.1,258.9
2708.5,259.28
2710.0,258.19
2711.4,257.21
2712.8,258.34
2714.2,258.74
2715.6,257.94
2717.1,257.82
2718.5,257.9
2719.9,257.15
2721.3,257.05
2722.8,258.7
2724.2,256.7
2725.6,256.64
2727.1,257.98
2728.5,257.39
2729.9,256.82
2731.4,256.61
2732.8,256.59
2734.2,255.88
2735.7,255.16
2737.1,255.4
2738.6,254.56
2740.0,253.43
2741.5,253.48
2742.9,254.66
2744.4,254.95
2745.8,254.23
2747.3,254.19
2748.7,253.7
2750.2,252.56
2751.7,251.9
2753.1,252.24
2754.6,251.87
2756.1,251.0
2757.5,251.75
2759.0,251.74
2760.5,250.83
2761.9,249.88
2763.4,249.35
2764.9,249.26
2766.3,249.28
2767.8,249.34
2769.3,249.41
2770.8,248.81
2772.3,248.06
2773.7,248.08
2775.2,248.13
2776.7,246.96
2778.2,246.16
2779.7,246.05
2781.2,246.06
2782.7,245.77
2784.2,245.6
2785.7,245.44
2787.2,244.48
2788.7,244.35
2790.2,245.17
2791.7,245.32
2793.2,244.36
2794.7,243.18
2796.2,243.19
2797.7,243.39
2799.2,242.96
2800.7,242.19
2802.2,241.56
2803.8,240.63
2805.3,241.06
2806.8,241.33
2808.3,241.29
2809.8,241.34
2811.4,240.9
2812.9,240.1
2814.4,239.81
2815.9,239.9
2817.5,240.03
2819.0,239.22
2820.5,239.23
2822.1,239.41
2823.6,239.01
2825.1,238.45
2826.7,238.37
2828.2,238.57
2829.8,238.57
2831.3,237.92
2832.9,236.86
2834.4,236.3
2836.0,236.72
2837.5,236.89
2839.1,236.68
2840.6,236.28
2842.2,236.14
2843.7,236.1
2845.3,236.08
2846.9,235.62
2848.4,235.47
2850.0,235.44
2851.6,235.17
2853.1,234.98
2854.7,234.89
2856.3,234.62
2857.8,234.37
2859.4,234.14
2861.0,233.97
2862.6,233.76
2864.2,233.36
2865.7,233.2
2867.3,232.82
2868.9,233.17
2870.5,233.2
2872.1,232.92
2873.7,233.01
2875.3,232.79
2876.9,232.43
2878.5,232.73
2880.1,232.82
2881.7,232.41
2883.3,232.31
2884.9,232.33
2886.5,231.75
2888.1,231.33
2889.7,231.41
2891.3,231.16
2892.9,231.03
2894.5,230.72
2896.2,230.46
2897.8,230.78
2899.4,230.53
2901.0,230.25
2902.7,230.39
2904.3,230.43
2905.9,229.94
2907.5,230.1
2909.2,230.43
2910.8,230.15
2912.4,229.64
2914.1,229.07
2915.7,229.1
2917.4,229.08
2919.0,228.99
2920.6,229.18
2922.3,229.18
2923.9,228.98
2925.6,229.15
2927.2,229.43
2928.9,228.55
2930.5,228.2
2932.2,228.74
2933.9,228.65
2935.5,228.81
2937.2,228.91
2938.9,228.66
2940.5,228.62
2942.2,228.33
2943.9,227.96
2945.5,228.3
2947.2,228.59
2948.9,228.68
2950.6,228.59
2952.2,228.52
2953.9,228.53
2955.6,228.03
2957.3,228.11
2959.0,228.47
2960.7,228.92
2962.4,228.79
2964.1,228.55
2965.8,228.83
2967.4,229.13
2969.1,228.99
2970.9,228.3
2972.6,228.2
2974.3,228.43
2976.0,228.54
2977.7,228.57
2979.4,228.9
2981.1,228.62
2982.8,228.2
2984.5,228.66
2986.3,228.65
2988.0,228.65
2989.7,228.63
2991.4,228.62
2993.1,228.66
2994.9,228.93
2996.6,229.21
2998.3,229.49
3000.1,229.17
3001.8,228.95
3003.6,229.16
3005.3,229.0
3007.0,228.7
3008.8,229.02
3010.5,229.77
3012.3,229.49
3014.0,228.38
3015.8,228.59
3017.5,228.78
3019.3,228.67
3021.1,228.86
3022.8,229.16
3024.6,229.28
3026.3,229.79
3028.1,229.78
3029.9,228.84
3031.7,228.94
3033.4,229.72
3035.2,229.95
3037.0,229.78
3038.8,229.63
3040.5,229.69
3042.3,229.94
3044.1,230.11
3045.9,230.06
3047.7,229.99
3049.5,229.8
3051.3,229.45
3053.1,229.61
3054.9,229.88
3056.7,230.23
3058.5,230.25
3060.3,230.19
3062.1,229.47
3063.9,229.29
3065.7,229.7
3067.5,230.06
3069.4,229.96
3071.2,229.91
3073.0,230.17
3074.8,230.12
3076.6,230.14
3078.5,230.09
3080.3,229.7
3082.1,229.63
3084.0,229.73
3085.8,229.85
3087.6,229.89
3089.5,229.84
3091.3,230.16
3093.2,230.23
3095.0,229.93
3096.9,229.9
3098.7,230.0
3100.6,230.06
3102.4,230.07
3104.3,230.01
3106.1,230.16
3108.0,230.59
3109.9,231.09
3111.7,231.15
3113.6,230.62
3115.5,230.76
3117.3,231.17
3119.2,231.4
3121.1,231.7
3123.0,231.58
3124.9,231.14
3126.7,231.39
3128.6,232.01
3130.5,232.18
3132.4,232.23
3134.3,232.26
3136.2,232.18
3138.1,232.32
3140.0,232.47
3141.9,232.15
3143.8,232.19
3145.7,233.0
3147.6,233.2
3149.5,232.95
3151.4,233.15
3153.4,233.39
3155.3,233.4
3157.2,233.52
3159.1,233.42
3161.1,233.49
3163.0,233.47
3164.9,233.58
3166.9,234.01
3168.8,234.55
3170.7,234.68
3172.7,234.75
3174.6,235.06
3176.6,234.94
3178.5,234.96
3180.5,235.33
3182.4,235.52
3184.4,235.85
3186.3,235.91
3188.3,235.68
3190.2,235.79
3192.2,236.29
3194.2,236.76
3196.1,237.14
3198.1,237.39
3200.1,237.64
3202.1,238.08
3204.0,238.38
3206.0,238.11
3208.0,238.32
3210.0,238.56
3212.0,238.64
3214.0,238.78
3216.0,239.09
3218.0,239.36
3220.0,239.64
3222.0,240.32
3224.0,240.81
3226.0,240.61
3228.0,240.72
3230.0,241.0
3232.0,241.1
3234.0,241.45
3236.0,242.03
3238.1,242.41
3240.1,242.5
3242.1,242.54
3244.1,242.79
3246.2,243.14
3248.2,243.79
3250.2,244.05
3252.3,244.17
3254.3,243.89
3256.4,243.55
3258.4,244.09
3260.5,244.57
3262.5,244.86
3264.6,245.02
3266.6,245.17
3268.7,245.47
3270.7,245.53
3272.8,245.84
3274.9,246.42
3276.9,246.34
3279.0,246.16
3281.1,246.26
3283.2,246.27
3285.3,246.79
3287.3,247.38
3289.4,247.44
3291.5,247.57
3293.6,247.59
3295.7,247.83
3297.8,248.19
3299.9,248.41
3302.0,248.57
3304.1,248.69
3306.2,248.55
3308.3,248.94
3310.4,249.34
3312.5,249.61
3314.7,249.79
3316.8,249.72
3318.9,249.83
3321.0,250.19
3323.2,250.38
3325.3,250.41
3327.4,250.43
3329.6,250.46
3331.7,250.36
3333.8,250.5
3336.0,251.32
3338.1,251.97
3340.3,251.94
3342.4,251.74
3344.6,251.96
3346.8,251.95
3348.9,252.07
3351.1,252.47
3353.3,252.3
3355.4,252.38
3357.6,252.64
3359.8,252.76
3362.0,252.63
3364.1,252.67
3366.3,252.62
3368.5,252.55
3370.7,252.55
3372.9,252.48
3375.1,252.37
3377.3,252.63
3379.5,253.0
3381.7,253.32
3383.9,253.2
3386.1,253.15
3388.3,253.47
3390.5,253.92
3392.8,253.95
3395.0,253.79
3397.2,253.65
3399.4,253.59
3401.7,253.76
3403.9,253.59
3406.1,253.11
3408.4,252.95
3410.6,253.16
3412.9,253.05
3415.1,252.75
3417.4,252.81
3419.6,253.0
3421.9,253.52
3424.1,254.12
3426.4,254.43
3428.7,254.6
3430.9,254.66
3433.2,254.85
3435.5,255.3
3437.8,255.63
3440.0,255.73
3442.3,255.75
3444.6,255.69
3446.9,255.89
3449.2,256.04
3451.5,256.29
3453.8,256.86
3456.1,257.34
3458.4,257.52
3460.7,257.54
3463.0,257.18
3465.3,257.11
3467.6,257.41
3470.0,257.75
3472.3,257.59
3474.6,257.58
3477.0,257.83
3479.3,258.16
3481.6,258.21
3484.0,258.37
3486.3,258.52
3488.7,258.42
3491.0,258.26
3493.4,258.29
3495.7,258.28
3498.1,258.4
3500.4,258.68
3502.8,259.06
3505.2,259.19
3507.5,259.43
3509.9,259.87
3512.3,260.33
3514.7,260.51
3517.1,260.54
3519.4,260.87
3521.8,261.33
3524.2,261.62
3526.6,261.61
3529.0,261.71
3531.4,261.96
3533.8,261.89
3536.2,261.96
3538.7,262.26
3541.1,262.33
3543.5,262.28
3545.9,262.55
3548.3,262.77
3550.8,262.71
3553.2,262.67
3555.6,262.58
3558.1,262.93
3560.5,263.34
3563.0,263.47
3565.4,263.47
3567.9,263.45
3570.3,263.64
3572.8,263.95
3575.3,264.1
3577.7,263.98
3580.2,264.31
3582.7,264.55
3585.2,264.55
3587.6,264.4
3590.1,264.5
3592.6,264.84
3595.1,264.86
3597.6,264.96
3600.1,265.2
3602.6,265.38
3605.1,265.29
3607.6,265.18
3610.1,265.08
3612.6,265.33
3615.2,265.57
3617.7,265.4
3620.2,265.27
3622.7,265.26
3625.3,265.6
3627.8,265.83
3630.3,266.02
3632.9,266.1
3635.4,266.21
3638.0,265.84
3640.5,265.68
3643.1,265.9
3645.7,266.06
3648.2,266.37
3650.8,266.23
3653.4,266.02
3655.9,266.21
3658.5,266.05
3661.1,265.97
3663.7,266.25
3666.3,266.56
3668.9,266.77
3671.5,266.76
3674.1,266.76
3676.7,266.84
3679.3,266.55
3681.9,266.53
3684.5,266.68
3687.2,266.71
3689.8,266.95
3692.4,267.37
3695.0,267.36
3697.7,267.23
3700.3,267.56
3703.0,267.69
3705.6,267.87
3708.3,268.02
3710.9,267.94
3713.6,267.77
3716.2,267.74
3718.9,267.91
3721.6,267.99
3724.2,268.01
3726.9,268.02
3729.6,268.13
3732.3,268.29
3735.0,268.55
3737.7,268.77
3740.4,268.55
3743.1,268.66
3745.8,269.12
3748.5,269.25
3751.2,269.02
3753.9,269.16
3756.6,269.41
3759.3,269.25
3762.1,269.13
3764.8,269.19
3767.5,269.61
3770.3,269.74
3773.0,269.66
3775.8,269.88
3778.5,270.09
3781.3,270.06
3784.0,270.05
3786.8,270.08
3789.6,270.08
3792.3,270.29
3795.1,270.61
3797.9,270.71
3800.7,270.67
3803.5,270.63
3806.3,270.71
3809.1,271.05
3811.9,271.44
3814.7,271.51
3817.5,271.52
3820.3,271.43
3823.1,271.46
3825.9,271.39
3828.8,271.38
3831.6,271.76
3834.4,271.84
3837.3,271.89
3840.1,272.12
3842.9,272.04
3845.8,271.93
3848.7,272.11
3851.5,272.48
3854.4,272.65
3857.2,272.65
3860.1,272.3
3863.0,272.23
3865.9,272.33
3868.8,272.62
3871.6,273.06
3874.5,273.09
3877.4,273.0
3880.3,273.07
3883.2,273.15
3886.2,273.27
3889.1,273.51
3892.0,273.58
3894.9,273.69
3897.8,273.64
3900.8,273.61
3903.7,273.65
3906.7,274.04
3909.6,274.25
3912.6,274.13
3915.5,274.32
3918.5,274.77
3921.4,274.96
3924.4,274.8
3927.4,274.79
3930.4,274.7
3933.3,274.74
3936.3,275.0
3939.3,275.05
3942.3,275.12
3945.3,275.4
3948.3,275.26
3951.3,275.2
3954.3,275.57
3957.4,275.76
3960.4,275.65
3963.4,275.67
3966.4,275.7
3969.5,275.77
3972.5,275.76
3975.6,275.84
3978.6,275.96
3981.7,276.06
3984.7,276.54
3987.8,276.85
3990.9,276.88
3993.9,276.92
3997.0,277.1
4000.1,277.26
4003.2,277.18
4006.3,277.32
4009.4,277.54
4012.5,277.79
4015.6,277.74
4018.7,277.54
4021.8,277.88
4024.9,278.16
4028.1,278.22
4031.2,278.04
4034.3,278.07
4037.5,278.41
4040.6,278.68
4043.8,278.94
4046.9,279.01
4050.1,279.14
4053.3,279.3
4056.4,279.36
4059.6,279.24
4062.8,279.45
4066.0,279.62
4069.2,279.76
4072.4,279.89
4075.6,279.93
4078.8,280.0
4082.0,280.08
4085.2,280.25
4088.4,280.5
4091.7,280.74
4094.9,280.75
4098.1,280.75
4101.4,280.91
4104.6,280.79
4107.9,280.74
4111.1,280.89
4114.4,280.72
4117.7,280.95
4120.9,281.35
4124.2,281.52
4127.5,281.68
4130.8,281.79
4134.1,281.67
4137.4,281.86
4140.7,281.87
4144.0,281.93
4147.3,282.19
4150.6,282.19
4154.0,282.37
4157.3,282.55
4160.6,282.71
4164.0,282.63
4167.3,282.65
4170.7,282.63
4174.0,282.53
4177.4,282.63
4180.8,282.82
4184.1,283.13
4187.5,283.22
4190.9,283.06
4194.3,283.25
4197.7,283.44
4201.1,283.31
4204.5,283.14
4207.9,283.05
4211.3,283.01
4214.7,282.64
4218.2,282.43
4221.6,282.16
4225.0,281.91
4228.5,281.9
4231.9,281.97
4235.4,281.86
4238.9,281.72
4242.3,281.75
4245.8,282.14
4249.3,282.74
4252.8,283.35
4256.3,283.86
4259.8,283.56
4263.3,283.05
4266.8,283.04
4270.3,282.95
4273.8,283.03
4277.3,282.96
4280.9,282.98
4284.4,283.29
4288.0,283.6
4291.5,283.86
4295.1,283.99
4298.6,283.81
4302.2,283.87
4305.8,284.21
4309.3,284.47
4312.9,284.42
4316.5,284.28
4320.1,284.69
4323.7,285.25
4327.3,285.18
4330.9,284.91
4334.6,284.91
4338.2,285.36
4341.8,285.51
4345.5,285.35
4349.1,285.52
4352.8,285.86
4356.4,285.68
4360.1,285.43
4363.8,285.7
4367.4,285.97
4371.1,285.88
4374.8,285.84
4378.5,285.75
4382.2,285.66
4385.9,285.8
4389.6,285.76
4393.3,285.66
4397.1,285.79
4400.8,285.8
4404.5,285.72
4408.3,285.71
4412.0,285.91
4415.8,286.14
4419.6,286.08
4423.3,286.0
4427.1,285.92
4430.9,286.0
4434.7,286.0
4438.5,285.89
4442.3,285.86
4446.1,285.86
4449.9,285.85
4453.7,285.99
4457.6,286.16
4461.4,286.09
4465.2,285.92
4469.1,285.73
4472.9,285.73
4476.8,285.87
4480.7,285.85
4484.5,285.63
4488.4,285.54
4492.3,285.42
4496.2,285.31
4500.1,285.34
4504.0,285.06
4507.9,284.92
4511.9,285.01
4515.8,284.89
4519.7,284.62
4523.7,284.78
4527.6,284.84
4531.6,284.77
4535.6,284.83
4539.5,284.62
4543.5,284.36
4547.5,284.23
4551.5,284.03
4555.5,283.9
4559.5,283.67
4563.5,283.51
4567.5,283.38
4571.5,283.25
4575.6,283.02
4579.6,282.84
4583.7,282.83
4587.7,282.68
4591.8,282.52
4595.9,282.43
4599.9,282.23
4604.0,281.94
4608.1,281.83
4612.2,281.74
4616.3,281.4
4620.4,281.02
4624.6,280.82
4628.7,280.73
4632.8,280.62
4637.0,280.17
4641.1,279.84
4645.3,279.44
4649.4,279.27
4653.6,279.3
4657.8,279.15
4662.0,278.88
4666.2,278.5
4670.4,278.2
4674.6,277.79
4678.8,277.57
4683.0,277.56
4687.3,277.26
4691.5,277.02
4695.8,276.89
4700.0,276.72
4704.3,276.52
4708.6,276.33
4712.8,276.0
4717.1,275.84
4721.4,275.58
4725.7,275.39
4730.0,275.27
4734.4,275.16
4738.7,274.98
4743.0,274.81
4747.4,274.53
4751.7,274.2
4756.1,273.92
4760.5,273.78
4764.8,273.5
4769.2,273.22
4773.6,273.07
4778.0,272.93
4782.4,272.59
4786.8,272.26
4791.3,271.83
4795.7,271.51
4800.1,271.27
4804.6,270.89
4809.0,270.32
4813.5,269.8
4818.0,269.45
4822.5,269.11
4826.9,268.9
4831.4,268.51
4835.9,268.1
4840.5,267.8
4845.0,267.37
4849.5,267.02
4854.1,266.83
4858.6,266.77
4863.2,266.45
4867.7,266.12
4872.3,265.81
4876.9,265.38
4881.5,265.05
4886.1,264.82
4890.7,264.56
4895.3,264.25
4899.9,263.68
4904.6,263.12
4909.2,262.65
4913.9,262.19
4918.5,261.47
4923.2,260.97
4927.9,260.45
4932.6,259.73
4937.3,259.28
4942.0,258.91
4946.7,258.26
4951.4,257.71
4956.2,257.3
4960.9,256.88
4965.6,256.43
4970.4,255.93
4975.2,255.45
4980.0,255.07
4984.7,254.71
4989.5,254.48
4994.3,254.31
4999.2,254.04
5004.0,254.02
5008.8,253.96
5013.7,253.68
5018.5,253.56
5023.4,253.69
5028.3,253.79
5033.1,253.65
5038.0,253.33
5042.9,253.06
5047.8,252.8
5052.8,252.51
5057.7,252.2
5062.6,251.89
5067.6,251.66
5072.5,251.39
5077.5,251.13
5082.5,250.89
5087.5,250.58
5092.5,250.38
5097.5,249.88
5102.5,249.51
5107.5,249.27
5112.6,249.13
5117.6,248.78
5122.7,248.42
5127.7,248.22
5132.8,247.95
5137.9,247.51
5143.0,247.21
5148.1,246.66
5153.2,246.19
5158.3,245.92
5163.5,245.48
5168.6,245.18
5173.8,245.16
5179.0,245.14
5184.1,244.9
5189.3,244.66
5194.5,244.86
5199.7,244.97
5205.0,244.8
5210.2,244.63
5215.4,244.34
5220.7,244.55
5225.9,244.67
5231.2,244.76
5236.5,244.7
5241.8,244.63
5247.1,244.5
5252.4,244.25
5257.7,244.22
5263.1,244.3
5268.4,244.23
5273.8,244.15
5279.2,244.17
5284.5,244.46
5289.9,244.5
5295.3,244.6
5300.8,244.92
5306.2,244.81
5311.6,245.03
5317.1,245.31
5322.5,245.29
5328.0,245.32
5333.5,245.39
5339.0,245.34
5344.5,245.09
5350.0,244.54
5355.5,244.56
5361.0,245.01
5366.6,244.8
5372.2,244.27
5377.7,243.83
5383.3,243.56
5388.9,243.26
5394.5,242.89
5400.1,242.52
5405.8,242.07
5411.4,241.5
5417.1,240.81
5422.7,239.92
5428.4,239.64
5434.1,239.68
5439.8,239.23
5445.5,238.69
5451.2,238.17
5457.0,237.87
5462.7,237.42
5468.5,237.01
5474.3,237.13
5480.1,236.95
5485.9,237.09
5491.7,237.19
5497.5,236.97
5503.3,236.86
5509.2,236.73
5515.0,236.8
5520.9,236.56
5526.8,236.36
5532.7,236.51
5538.6,236.43
5544.5,236.01
5550.5,235.55
5556.4,235.24
5562.4,235.14
5568.4,234.8
5574.3,233.92
5580.3,232.84
5586.4,232.46
5592.4,231.9
5598.4,230.86
5604.5,229.58
5610.5,228.59
5616.6,227.56
5622.7,226.9
5628.8,226.4
5634.9,225.5
5641.1,224.33
5647.2,224.14
5653.4,224.52
5659.5,224.45
5665.7,224.68
5671.9,224.74
5678.1,225.04
5684.4,226.03
5690.6,226.93
5696.9,227.8
5703.1,229.0
5709.4,229.64
5715.7,230.7
5722.0,232.09
5728.3,233.17
5734.7,234.11
5741.0,234.99
5747.4,235.73
5753.8,236.41
5760.1,236.97
5766.6,236.2
5773.0,236.81
5779.4,237.69
5785.9,237.73
5792.3,237.76
5798.8,237.41
5805.3,237.12
5811.8,237.0
5818.3,236.34
5824.9,235.57
5831.4,235.93
5838.0,235.93
5844.6,235.85
5851.2,235.57
5857.8,235.2
5864.4,234.73
5871.0,234.65
5877.7,233.77
5884.4,232.29
5891.1,233.07
5897.8,232.86
5904.5,232.97
5911.2,232.84
5918.0,232.04
5924.7,231.64
5931.5,230.83
5938.3,229.4
5945.1,229.5
5951.9,229.46
5958.8,228.61
5965.6,227.56
5972.5,226.09
5979.4,225.46
5986.3,224.62
5993.2,223.78
6000.2,223.45
6007.1,223.14
6014.1,222.32
6021.1,222.08
6028.1,222.49
6035.1,222.55
6042.1,222.08
6049.2,221.06
6056.2,222.66
6063.3,224.85
6070.4,224.45
6077.5,224.84
6084.7,226.54
6091.8,227.29
6099.0,227.32
6106.2,227.39
6113.4,226.99
6120.6,227.25
6127.8,228.04
6135.1,228.02
6142.3,227.58
6149.6,227.05
6156.9,226.43
6164.3,225.8
6171.6,225.85
6178.9,225.4
6186.3,224.14
6193.7,223.97
6201.1,224.31
6208.5,223.64
6216.0,223.03
6223.5,222.77
6230.9,222.66
6238.4,222.52
6245.9,222.58
6253.5,222.55
6261.0,222.49
6268.6,222.37
6276.2,222.38
6283.8,222.47
6291.4,222.51
6299.1,222.47
6306.7,222.75
6314.4,223.02
6322.1,223.31
6329.8,223.61
6337.6,223.7
6345.3,223.53
6353.1,224.68
6360.9,225.93
6368.7,226.15
6376.5,226.55
6384.4,227.85
6392.3,228.52
6400.2,229.1
6408.1,228.91
6416.0,228.14
6424.0,229.92
6431.9,231.18
6439.9,231.72
6447.9,232.56
6456.0,232.52
6464.0,232.84
6472.1,232.66
6480.2,232.3
6488.3,232.09
6496.4,232.12
6504.6,233.32
6512.7,234.04
6520.9,233.43
6529.1,233.64
6537.4,234.03
6545.6,233.56
6553.9,233.12
6562.2,233.18
6570.5,232.75
6578.9,232.2
6587.2,232.53
6595.6,232.2
6604.0,232.54
6612.4,232.61
6620.9,232.21
6629.3,231.54
6637.8,230.55
6646.3,231.58
6654.9,232.91
6663.4,232.88
6672.0,232.83
6680.6,232.57
6689.2,232.69
6697.8,233.17
6706.5,232.75
6715.2,232.18
6723.9,232.07
6732.6,232.16
6741.4,232.21
6750.2,231.77
6759.0,231.32
6767.8,231.0
6776.6,230.36
6785.5,229.64
6794.4,228.84
6803.3,228.51
6812.3,228.13
6821.2,227.24
6830.2,226.14
6839.2,225.87
6848.3,225.35
6857.3,224.19
6866.4,223.11
6875.5,223.42
6884.6,223.41
6893.8,222.68
6903.0,222.17
6912.2,221.48
6921.4,221.23
6930.7,220.95
6939.9,220.46
6949.2,219.69
6958.6,218.7
6967.9,217.92
6977.3,217.86
6986.7,217.13
6996.1,216.09
7005.6,215.29
7015.1,214.77
7024.6,213.92
7034.1,213.36
7043.7,212.33
7053.2,211.52
7062.9,211.41
7072.5,211.01
7082.2,210.34
7091.8,209.67
7101.6,209.27
7111.3,208.71
7121.1,208.08
7130.9,207.79
7140.7,207.28
7150.5,206.44
7160.4,206.05
7170.3,205.65
7180.2,205.11
7190.2,204.82
7200.2,204.14
7210.2,203.26
7220.2,202.69
7230.3,202.32
7240.4,201.64
7250.5,200.88
7260.7,199.86
7270.9,199.24
7281.1,198.44
7291.3,197.93
7301.6,197.39
7311.9,196.6
7322.2,195.83
7332.6,195.1
7343.0,194.21
7353.4,193.59
7363.8,192.89
7374.3,192.01
7384.8,191.15
7395.3,190.37
7405.9,189.62
7416.5,189.11
7427.1,188.31
7437.8,187.41
7448.5,186.63
7459.2,186.07
7469.9,185.34
7480.7,184.66
7491.5,183.92
7502.4,183.33
7513.2,182.75
7524.1,182.11
7535.1,181.36
7546.0,180.48
7557.0,179.66
7568.1,178.99
7579.1,178.24
7590.2,177.53
7601.4,176.89
7612.5,176.31
7623.7,175.67
7635.0,175.23
7646.2,174.83
7657.5,174.35
7668.8,173.83
7680.2,173.72
7691.6,173.4
7703.0,172.91
7714.5,172.5
7726.0,172.03
7737.5,171.29
7749.1,170.75
7760.7,170.27
7772.3,169.53
7784.0,168.75
7795.7,167.95
7807.4,167.08
7819.2,166.61
7831.0,165.79
7842.9,165.13
7854.7,164.38
7866.7,163.49
7878.6,162.55
7890.6,161.68
7902.6,160.9
7914.7,160.35
7926.8,159.66
7939.0,158.72
7951.1,157.76
7963.3,156.9
7975.6,155.88
7987.9,154.71
8000.2,153.5
8012.6,152.73
8025.0,151.8
8037.4,150.66
8049.9,149.52
8062.4,148.44
8075.0,146.83
8087.6,145.52
8100.2,144.32
8112.9,143.12
8125.6,141.75
8138.4,140.3
8151.2,138.96
8164.0,138.12
8176.9,137.27
8189.8,136.12
8202.7,134.78
8215.7,133.47
8228.8,131.92
8241.9,130.28
8255.0,128.42
8268.2,126.66
8281.4,124.54
8294.6,122.42
8307.9,120.32
8321.2,118.32
8334.6,116.13
8348.0,114.43
8361.5,112.64
8375.0,110.9
8388.6,109.22
8402.2,107.57
8415.8,105.75
8429.5,104.28
8443.2,102.78
8457.0,101.26
8470.8,99.78
8484.7,98.84
8498.6,97.8
8512.5,97.14
8526.5,96.66
8540.6,96.24
8554.7,95.61
8568.8,95.18
8583.0,94.78
8597.2,94.68
8611.5,94.72
8625.8,94.96
8640.2,95.48
8654.6,96.27
8669.1,97.14
8683.6,98.4
8698.2,99.42
8712.8,100.39
8727.5,101.31
8742.2,101.98
8757.0,102.0
8771.8,101.52
8786.7,100.87
8801.6,100.85
8816.6,101.49
8831.6,102.74
8846.6,104.1
8861.8,105.11
8876.9,105.27
8892.2,104.99
8907.4,104.17
8922.8,103.39
8938.2,102.96
8953.6,102.78
8969.1,102.68
8984.6,103.11
9000.2,103.48
9015.9,103.83
9031.6,104.1
9047.4,104.12
9063.2,103.99
9079.0,104.27
9095.0,104.43
9111.0,104.44
9127.0,104.32
9143.1,104.6
9159.2,105.31
9175.5,105.99
9191.7,106.5
9208.1,107.5
9224.4,108.19
9240.9,109.3
9257.4,110.31
9273.9,111.37
9290.6,112.74
9307.2,114.58
9324.0,116.21
9340.8,118.05
9357.6,119.7
9374.6,121.07
9391.5,122.28
9408.6,123.25
9425.7,124.01
9442.9,124.73
9460.1,124.85
9477.4,124.43
9494.8,123.86
9512.2,123.74
9529.7,123.29
9547.2,122.58
9564.8,122.02
9582.5,121.53
9600.3,120.6
9618.1,119.26
9635.9,117.62
9653.9,116.6
9671.9,115.59
9690.0,114.29
9708.1,113.25
9726.3,112.61
9744.6,111.72
9763.0,110.81
9781.4,110.11
9799.9,109.91
9818.4,109.91
9837.1,110.29
9855.8,110.78
9874.5,111.05
9893.4,111.43
9912.3,112.0
9931.3,112.39
9950.4,112.79
9969.5,113.19
9988.7,113.35
10008.0,113.21
10027.3,113.28
10046.8,113.77
10066.3,114.67
10085.9,115.41
10105.5,116.06
10125.3,116.64
10145.1,117.75
10165.0,119.07
10184.9,120.14
10205.0,121.14
10225.1,121.87
10245.3,121.79
10265.6,120.84
10286.0,119.12
10306.4,117.27
10327.0,115.3
10347.6,113.42
10368.3,112.67
10389.0,113.15
10409.9,113.93
10430.9,115.41
10451.9,117.17
10473.0,118.91
10494.2,120.96
10515.5,123.57
10536.9,126.91
10558.3,130.23
10579.9,132.96
10601.5,135.42
10623.2,136.73
10645.0,137.66
10666.9,138.3
10688.9,138.52
10711.0,138.41
10733.2,138.57
10755.5,138.29
10777.8,137.41
10800.3,136.43
10822.8,135.55
10845.5,134.29
10868.2,132.81
10891.0,131.14
10914.0,129.82
10937.0,128.63
10960.1,127.65
10983.3,126.93
11006.7,126.04
11030.1,125.07
11053.6,124.43
11077.2,124.02
11100.9,123.72
11124.8,123.52
11148.7,123.16
11172.7,122.85
11196.8,123.15
11221.1,123.2
11245.4,123.26
11269.9,123.49
11294.4,123.43
11319.1,123.25
11343.8,122.61
11368.7,121.46
11393.7,120.15
11418.8,118.71
11444.0,117.17
11469.3,115.28
11494.8,112.87
11520.3,110.47
11546.0,108.2
11571.7,105.26
11597.6,102.69
11623.6,100.76
11649.7,99.49
11676.0,98.41
11702.3,97.48
11728.8,96.37
11755.4,95.32
11782.1,94.54
11809.0,93.78
11835.9,92.78
11863.0,91.92
11890.2,91.41
11917.6,91.94
11945.0,93.04
11972.6,94.43
12000.3,96.15
12028.2,98.09
12056.1,100.19
12084.2,101.92
12112.5,103.7
12140.8,106.0
12169.3,108.12
12198.0,109.96
12226.7,111.68
12255.6,113.32
12284.7,114.59
12313.9,115.65
12343.2,116.43
12372.6,116.9
12402.2,116.87
12432.0,116.9
12461.9,117.07
12491.9,117.52
12522.1,117.76
12552.4,117.6
12582.9,117.14
12613.5,117.23
12644.2,117.73
12675.1,118.35
12706.2,118.31
12737.4,117.8
12768.8,117.89
12800.3,117.92
12832.0,117.58
12863.9,117.59
12895.9,117.82
12928.0,117.69
12960.3,117.42
12992.8,117.34
13025.5,116.68
13058.3,116.49
13091.3,116.18
13124.4,115.88
13157.7,115.5
13191.2,114.26
13224.8,112.95
13258.7,111.25
13292.7,110.03
13326.8,109.06
13361.2,107.39
13395.7,105.5
13430.4,103.78
13465.3,102.14
13500.4,100.49
13535.6,99.23
13571.0,97.81
13606.7,96.91
13642.5,95.78
13678.5,94.42
13714.6,93.21
13751.0,91.99
13787.6,90.94
13824.4,90.75
13861.3,90.64
13898.5,90.9
13935.8,91.42
13973.4,91.86
14011.2,92.13
14049.1,92.48
14087.3,91.84
14125.7,90.9
14164.3,89.97
14203.1,89.61
14242.1,88.91
14281.4,87.52
14320.8,85.93
14360.5,84.89
14400.4,83.51
14440.5,82.45
14480.8,81.34
14521.4,80.09
14562.2,78.49
14603.2,76.93
14644.4,75.28
14685.9,73.63
14727.7,72.99
14769.6,72.25
14811.8,71.13
14854.3,70.49
14896.9,70.2
14939.9,70.22
14983.0,69.65
15026.5,68.76
15070.2,68.1
15114.1,67.52
15158.3,66.36
15202.7,65.18
15247.5,64.21
15292.4,63.99
15337.7,63.52
15383.2,63.15
15429.0,63.7
15475.0,64.98
15521.4,66.0
15568.0,66.57
15614.9,67.63
15662.0,68.93
15709.5,69.97
15757.2,71.23
15805.3,72.71
15853.6,74.23
15902.3,75.42
15951.2,76.81
16000.4,78.01
16050.0,78.91
16099.8,79.36
16150.0,79.91
16200.4,80.09
16251.2,80.81
16302.3,81.1
16353.7,81.16
16405.5,81.11
16457.6,80.81
16510.0,81.4
16562.7,82.63
16615.8,82.71
16669.2,82.17
16723.0,81.52
16777.1,81.03
16831.6,80.89
16886.4,80.94
16941.6,81.11
16997.2,82.14
17053.1,82.31
17109.4,82.66
17166.0,83.54
17223.0,84.56
17280.4,85.95
17338.2,87.87
17396.4,90.1
17455.0,91.94
17514.0,94.16
17573.3,97.25
17633.1,99.91
17693.3,102.24
17753.9,103.85
17814.9,105.67
17876.3,108.34
17938.2,111.29
18000.5,114.13
18063.2,116.87
18126.3,119.7
18189.9,122.9
18254.0,124.94
18318.5,125.99
18383.5,126.95
18448.9,127.42
18514.8,126.83
18581.1,124.93
18648.0,122.63
18715.3,122.28
18783.1,122.24
18851.4,122.29
18920.2,122.6
18989.5,123.04
19059.3,123.82
19129.6,126.07
19200.5,126.52
19271.9,125.3
19343.8,123.48
19416.2,122.01
19489.2,120.27
19562.8,118.64
19636.9,116.42
19711.5,114.46
19786.8,113.73
19862.6,113.85
19939.0,113.7
20016.0,113.12
20093.5,112.97
20171.7,112.95
20250.5,112.12
20329.9,110.82
20410.0,108.94
20490.7,105.7
20572.0,102.96
20653.9,100.8
20736.5,98.24
20819.8,96.42
20903.8,94.75
20988.4,93.22
21073.7,90.92
21159.7,89.18
21246.5,88.06
21333.9,88.47
21422.0,89.74
21510.9,92.13
21600.6,92.79
21690.9,93.31
21782.1,94.93
21874.0,96.37
21966.7,97.24
22060.1,98.61
22154.4,99.32
22249.5,98.69
22345.4,99.1
22442.1,102.28
22539.7,104.37
22638.1,105.38
22737.4,107.44
22837.6,109.7
22938.7,113.55
23040.6,116.73
23143.5,118.14
23247.2,119.95
23352.0,120.99
23457.6,120.34
23564.3,121.56
23671.8,122.62
23780.4,123.4
23890.0,122.74
24000.6,122.5
24112.3,128.57
24224.9,126.46
24338.7,124.06
24453.5,126.0
24569.4,126.49
24686.4,126.8
24804.5,126.61
24923.7,124.7
25044.1,123.75
25165.7,117.3
25288.5,115.35
25412.4,115.14
25537.6,119.32
25664.0,117.84
25791.7,109.12
25920.7,105.17
