Composition,
Date Added,2020-02-19
Formula,
Grain Size Description,<125.0um
Grain Size,0.0 - 125.0
Locality,
Minimum Wavelength,300
Sample Name,"ALH 84048,5 <125 um"
Maximum Wavelength,25050
Database of Origin,ReLab
Other Information,
References,
Resolution,4.0
Material Class,Rock
Sample Description,USNM 6550
Sample ID,BKR4MP203A
Original Sample ID,MP-TXH-203-A
Viewing Geometry,
Wavelength,Response
300.0,21.059
305.0,21.169
310.0,22.013
315.0,22.182
320.0,22.939
325.0,23.418
330.0,23.997
335.0,24.702
340.0,25.008
345.0,25.589
350.0,26.4
355.0,27.194
360.0,28.121
365.0,29.197
370.0,30.192
375.0,31.241
380.0,32.573
385.0,33.914
390.0,34.504
395.0,35.467
400.0,36.604
405.0,37.321
410.0,38.226
415.0,39.151
420.0,39.92
425.0,40.756
430.0,41.622
435.0,42.746
440.0,43.479
445.0,44.389
450.0,44.855
455.0,45.562
460.0,46.002
465.0,46.832
470.0,47.378
475.0,48.112
480.0,48.681
485.0,49.507
490.0,50.157
495.0,50.856
500.0,51.448
505.0,52.118
510.0,52.674
515.0,53.228
520.0,53.706
525.0,54.191
530.0,54.587
535.0,54.972
540.0,55.264
545.0,55.593
550.0,55.806
555.0,56.033
560.0,56.199
565.0,56.406
570.0,56.444
575.0,56.53
580.0,56.507
585.0,56.51
590.0,56.392
595.0,56.313
600.0,56.151
605.0,56.06
610.0,55.889
615.0,55.79
620.0,55.59
625.0,55.465
630.0,55.234
635.0,55.061
640.0,54.838
645.0,54.708
650.0,54.521
655.0,54.401
660.0,54.24
665.0,54.119
670.0,53.938
675.0,53.848
680.0,53.702
685.0,53.639
690.0,53.526
695.0,53.475
700.0,53.369
705.0,53.354
710.0,53.25
715.0,53.235
720.0,53.201
725.0,53.252
730.0,53.197
735.0,53.279
740.0,53.344
745.0,53.487
750.0,53.561
755.0,53.757
760.0,53.91
765.0,54.085
770.0,54.25
775.0,54.493
780.0,54.655
785.0,55.023
790.0,55.159
795.0,55.374
800.0,55.572
805.0,55.805
810.0,55.993
815.0,56.179
820.0,56.259
825.0,56.404
830.0,56.502
835.0,56.619
840.0,56.638
845.0,56.732
850.0,56.58
855.0,56.453
860.0,56.29
865.0,56.106
870.0,56.097
875.0,56.08
880.0,56.088
885.0,56.069
890.0,56.062
895.0,56.045
900.0,56.005
905.0,55.937
910.0,55.921
915.0,55.851
920.0,55.974
925.0,55.944
930.0,56.04
935.0,56.055
940.0,56.23
945.0,56.277
950.0,56.423
955.0,56.604
960.0,56.809
965.0,56.951
970.0,57.07
975.0,57.184
980.0,57.261
985.0,57.381
990.0,57.457
995.0,57.576
1000.0,57.721
1005.0,57.902
1010.0,57.977
1015.0,58.078
1020.0,58.177
1025.0,58.241
1030.0,58.258
1035.0,58.524
1040.0,58.53
1045.0,58.583
1050.0,58.607
1055.0,58.644
1060.0,58.623
1065.0,58.879
1070.0,59.03
1075.0,59.072
1080.0,59.028
1085.0,59.125
1090.0,59.125
1095.0,59.286
1100.0,59.296
1105.0,59.431
1110.0,59.448
1115.0,59.521
1120.0,59.58
1125.0,59.693
1130.0,59.795
1135.0,59.989
1140.0,60.158
1145.0,60.283
1150.0,60.347
1155.0,60.426
1160.0,60.605
1165.0,60.646
1170.0,60.782
1175.0,60.874
1180.0,60.956
1185.0,61.196
1190.0,61.333
1195.0,61.532
1200.0,61.65
1205.0,61.865
1210.0,61.988
1215.0,62.116
1220.0,62.245
1225.0,62.518
1230.0,62.717
1235.0,62.914
1240.0,63.056
1245.0,63.292
1250.0,63.475
1255.0,63.768
1260.0,63.881
1265.0,64.034
1270.0,64.28
1275.0,64.466
1280.0,64.611
1285.0,64.85
1290.0,65.009
1295.0,65.15
1300.0,65.395
1305.0,65.641
1310.0,65.819
1315.0,66.009
1320.0,66.153
1325.0,66.426
1330.0,66.56
1335.0,66.75
1340.0,66.834
1345.0,67.125
1350.0,67.296
1350.3,67.278
1350.65,67.252
1351.0,67.282
1351.35,67.314
1351.71,67.314
1352.06,67.327
1352.41,67.365
1352.77,67.41
1353.12,67.479
1353.47,67.569
1353.83,67.531
1354.18,67.49
1354.53,67.571
1354.89,67.593
1355.24,67.537
1355.59,67.516
1355.95,67.503
1356.3,67.528
1356.66,67.599
1357.01,67.653
1357.37,67.655
1357.72,67.635
1358.08,67.623
1358.44,67.606
1358.79,67.601
1359.15,67.635
1359.5,67.681
1359.86,67.661
1360.22,67.631
1360.57,67.747
1360.93,67.8
1361.29,67.775
1361.65,67.818
1362.0,67.865
1362.36,67.83
1362.72,67.753
1363.08,67.815
1363.44,67.873
1363.8,67.91
1364.15,67.865
1364.51,67.813
1364.87,67.91
1365.23,67.92
1365.59,67.995
1365.95,68.06
1366.31,68.042
1366.67,68.032
1367.03,67.94
1367.39,68.002
1367.75,68.042
1368.11,67.993
1368.48,68.062
1368.84,68.128
1369.2,68.169
1369.56,68.133
1369.92,68.1
1370.28,68.18
1370.65,68.25
1371.01,68.268
1371.37,68.252
1371.73,68.28
1372.1,68.28
1372.46,68.195
1372.82,68.128
1373.19,68.117
1373.55,68.201
1373.91,68.325
1374.28,68.377
1374.64,68.366
1375.01,68.319
1375.37,68.368
1375.74,68.422
1376.1,68.355
1376.47,68.315
1376.83,68.338
1377.2,68.373
1377.57,68.387
1377.93,68.375
1378.3,68.405
1378.66,68.358
1379.03,68.321
1379.4,68.368
1379.76,68.398
1380.13,68.437
1380.5,68.559
1380.87,68.612
1381.24,68.495
1381.6,68.42
1381.97,68.493
1382.34,68.51
1382.71,68.454
1383.08,68.454
1383.45,68.454
1383.82,68.512
1384.19,68.548
1384.55,68.51
1384.92,68.527
1385.29,68.553
1385.66,68.585
1386.04,68.606
1386.41,68.613
1386.78,68.621
1387.15,68.595
1387.52,68.529
1387.89,68.475
1388.26,68.557
1388.63,68.617
1389.01,68.666
1389.38,68.765
1389.75,68.677
1390.12,68.576
1390.5,68.57
1390.87,68.553
1391.24,68.57
1391.62,68.591
1391.99,68.696
1392.36,68.722
1392.74,68.709
1393.11,68.704
1393.49,68.713
1393.86,68.685
1394.23,68.672
1394.61,68.739
1394.99,68.76
1395.36,68.795
1395.74,68.814
1396.11,68.824
1396.49,68.814
1396.86,68.79
1397.24,68.72
1397.62,68.672
1397.99,68.767
1398.37,68.855
1398.75,68.831
1399.13,68.765
1399.5,68.76
1399.88,68.82
1400.26,68.904
1400.64,68.895
1401.02,68.919
1401.4,68.974
1401.77,68.942
1402.15,68.932
1402.53,69.028
1402.91,69.06
1403.29,69.039
1403.67,69.08
1404.05,69.077
1404.43,69.069
1404.81,69.124
1405.19,69.14
1405.57,69.154
1405.96,69.178
1406.34,69.109
1406.72,69.11
1407.1,69.127
1407.48,69.133
1407.86,69.15
1408.25,69.212
1408.63,69.262
1409.01,69.236
1409.39,69.217
1409.78,69.339
1410.16,69.399
1410.55,69.35
1410.93,69.305
1411.31,69.272
1411.7,69.332
1412.08,69.38
1412.47,69.324
1412.85,69.367
1413.24,69.45
1413.62,69.457
1414.01,69.478
1414.39,69.532
1414.78,69.519
1415.17,69.47
1415.55,69.429
1415.94,69.48
1416.32,69.611
1416.71,69.658
1417.1,69.602
1417.49,69.57
1417.87,69.525
1418.26,69.54
1418.65,69.63
1419.04,69.688
1419.43,69.716
1419.82,69.709
1420.2,69.681
1420.59,69.714
1420.98,69.733
1421.37,69.759
1421.76,69.795
1422.15,69.846
1422.54,69.889
1422.93,69.891
1423.32,69.894
1423.71,69.891
1424.11,69.934
1424.5,69.951
1424.89,69.941
1425.28,69.902
1425.67,69.866
1426.06,69.926
1426.46,70.027
1426.85,70.065
1427.24,70.067
1427.63,70.05
1428.03,70.089
1428.42,70.082
1428.81,70.069
1429.21,70.072
1429.6,70.106
1430.0,70.138
1430.39,70.129
1430.79,70.168
1431.18,70.213
1431.58,70.232
1431.97,70.189
1432.37,70.222
1432.76,70.335
1433.16,70.324
1433.56,70.258
1433.95,70.279
1434.35,70.346
1434.75,70.32
1435.14,70.258
1435.54,70.316
1435.94,70.354
1436.34,70.331
1436.73,70.363
1437.13,70.408
1437.53,70.436
1437.93,70.389
1438.33,70.414
1438.73,70.449
1439.13,70.509
1439.53,70.466
1439.93,70.464
1440.33,70.549
1440.73,70.549
1441.13,70.528
1441.53,70.573
1441.93,70.594
1442.33,70.607
1442.73,70.614
1443.13,70.631
1443.53,70.68
1443.94,70.686
1444.34,70.586
1444.74,70.538
1445.14,70.637
1445.55,70.659
1445.95,70.665
1446.35,70.729
1446.76,70.787
1447.16,70.776
1447.56,70.753
1447.97,70.734
1448.37,70.725
1448.78,70.731
1449.18,70.725
1449.59,70.74
1449.99,70.823
1450.4,70.823
1450.8,70.836
1451.21,70.881
1451.62,70.883
1452.02,70.898
1452.43,70.916
1452.84,71.034
1453.24,71.111
1453.65,71.055
1454.06,71.031
1454.47,71.061
1454.88,71.036
1455.28,71.063
1455.69,71.066
1456.1,71.051
1456.51,71.07
1456.92,71.094
1457.33,71.106
1457.74,71.153
1458.15,71.211
1458.56,71.229
1458.97,71.203
1459.38,71.173
1459.79,71.192
1460.2,71.177
1460.61,71.138
1461.02,71.154
1461.44,71.222
1461.85,71.196
1462.26,71.196
1462.67,71.241
1463.09,71.304
1463.5,71.323
1463.91,71.276
1464.33,71.297
1464.74,71.314
1465.15,71.321
1465.57,71.353
1465.98,71.31
1466.4,71.303
1466.81,71.336
1467.23,71.361
1467.64,71.376
1468.06,71.413
1468.47,71.539
1468.89,71.595
1469.31,71.537
1469.72,71.522
1470.14,71.58
1470.56,71.618
1470.97,71.578
1471.39,71.55
1471.81,71.599
1472.23,71.629
1472.64,71.623
1473.06,71.597
1473.48,71.546
1473.9,71.59
1474.32,71.676
1474.74,71.711
1475.16,71.726
1475.58,71.749
1476.0,71.777
1476.42,71.781
1476.84,71.771
1477.26,71.783
1477.68,71.764
1478.1,71.77
1478.52,71.801
1478.94,71.811
1479.37,71.858
1479.79,71.82
1480.21,71.792
1480.63,71.77
1481.06,71.801
1481.48,71.897
1481.9,71.957
1482.33,71.927
1482.75,71.893
1483.18,71.906
1483.6,71.981
1484.02,72.006
1484.45,72.041
1484.87,72.068
1485.3,72.043
1485.73,71.981
1486.15,72.004
1486.58,72.045
1487.0,72.116
1487.43,72.156
1487.86,72.188
1488.28,72.165
1488.71,72.118
1489.14,72.107
1489.57,72.07
1490.0,72.081
1490.42,72.131
1490.85,72.163
1491.28,72.205
1491.71,72.25
1492.14,72.287
1492.57,72.291
1493.0,72.306
1493.43,72.343
1493.86,72.343
1494.29,72.302
1494.72,72.311
1495.15,72.317
1495.58,72.36
1496.01,72.373
1496.45,72.398
1496.88,72.417
1497.31,72.417
1497.74,72.388
1498.18,72.403
1498.61,72.467
1499.04,72.497
1499.48,72.503
1499.91,72.495
1500.34,72.46
1500.78,72.456
1501.21,72.462
1501.65,72.478
1502.08,72.518
1502.52,72.557
1502.95,72.583
1503.39,72.58
1503.82,72.582
1504.26,72.598
1504.7,72.643
1505.13,72.64
1505.57,72.578
1506.01,72.643
1506.45,72.705
1506.88,72.745
1507.32,72.784
1507.76,72.775
1508.2,72.737
1508.64,72.715
1509.08,72.694
1509.52,72.732
1509.96,72.823
1510.4,72.84
1510.84,72.795
1511.28,72.82
1511.72,72.895
1512.16,72.923
1512.6,72.91
1513.04,72.908
1513.48,72.861
1513.92,72.878
1514.37,72.921
1514.81,72.942
1515.25,72.957
1515.69,72.983
1516.14,73.037
1516.58,73.077
1517.02,73.073
1517.47,73.08
1517.91,73.052
1518.36,73.002
1518.8,72.998
1519.25,73.08
1519.69,73.146
1520.14,73.146
1520.58,73.152
1521.03,73.084
1521.48,73.069
1521.92,73.084
1522.37,73.11
1522.82,73.075
1523.26,73.043
1523.71,73.12
1524.16,73.191
1524.61,73.176
1525.06,73.127
1525.51,73.17
1525.95,73.227
1526.4,73.21
1526.85,73.215
1527.3,73.26
1527.75,73.247
1528.2,73.264
1528.65,73.356
1529.1,73.395
1529.56,73.429
1530.01,73.401
1530.46,73.364
1530.91,73.397
1531.36,73.41
1531.82,73.379
1532.27,73.365
1532.72,73.39
1533.17,73.457
1533.63,73.491
1534.08,73.525
1534.54,73.525
1534.99,73.412
1535.44,73.407
1535.9,73.504
1536.35,73.583
1536.81,73.579
1537.27,73.56
1537.72,73.585
1538.18,73.553
1538.63,73.579
1539.09,73.626
1539.55,73.649
1540.0,73.658
1540.46,73.662
1540.92,73.731
1541.38,73.791
1541.84,73.755
1542.3,73.709
1542.75,73.754
1543.21,73.8
1543.67,73.774
1544.13,73.742
1544.59,73.8
1545.05,73.84
1545.51,73.787
1545.97,73.752
1546.44,73.838
1546.9,73.911
1547.36,73.913
1547.82,73.928
1548.28,73.992
1548.75,73.997
1549.21,73.979
1549.67,73.973
1550.13,73.952
1550.6,73.943
1551.06,73.958
1551.53,73.95
1551.99,73.952
1552.45,74.014
1552.92,74.046
1553.39,74.039
1553.85,73.999
1554.32,74.014
1554.78,74.078
1555.25,74.115
1555.72,74.108
1556.18,74.091
1556.65,74.106
1557.12,74.117
1557.59,74.059
1558.05,74.07
1558.52,74.13
1558.99,74.213
1559.46,74.235
1559.93,74.222
1560.4,74.207
1560.87,74.209
1561.34,74.252
1561.81,74.245
1562.28,74.228
1562.75,74.264
1563.22,74.303
1563.69,74.269
1564.16,74.269
1564.64,74.318
1565.11,74.361
1565.58,74.342
1566.05,74.335
1566.53,74.399
1567.0,74.421
1567.47,74.382
1567.95,74.395
1568.42,74.401
1568.9,74.455
1569.37,74.517
1569.85,74.545
1570.32,74.551
1570.8,74.584
1571.27,74.577
1571.75,74.584
1572.23,74.618
1572.7,74.629
1573.18,74.599
1573.66,74.584
1574.14,74.579
1574.61,74.545
1575.09,74.579
1575.57,74.626
1576.05,74.597
1576.53,74.624
1577.01,74.701
1577.49,74.74
1577.97,74.74
1578.45,74.695
1578.93,74.731
1579.41,74.749
1579.89,74.71
1580.37,74.717
1580.86,74.789
1581.34,74.83
1581.82,74.845
1582.3,74.839
1582.79,74.822
1583.27,74.839
1583.75,74.92
1584.24,74.952
1584.72,74.912
1585.21,74.882
1585.69,74.911
1586.18,74.944
1586.66,74.897
1587.15,74.879
1587.63,74.926
1588.12,74.984
1588.61,75.004
1589.09,74.965
1589.58,74.933
1590.07,74.971
1590.55,75.016
1591.04,75.025
1591.53,75.027
1592.02,75.042
1592.51,74.969
1593.0,74.989
1593.49,75.109
1593.98,75.156
1594.47,75.139
1594.96,75.128
1595.45,75.137
1595.94,75.16
1596.43,75.175
1596.92,75.164
1597.42,75.175
1597.91,75.241
1598.4,75.261
1598.89,75.227
1599.39,75.241
1599.88,75.282
1600.37,75.293
1600.87,75.306
1601.36,75.291
1601.86,75.31
1602.35,75.381
1602.85,75.368
1603.34,75.361
1603.84,75.408
1604.34,75.469
1604.83,75.441
1605.33,75.417
1605.83,75.468
1606.32,75.453
1606.82,75.409
1607.32,75.438
1607.82,75.454
1608.32,75.458
1608.82,75.52
1609.32,75.537
1609.81,75.593
1610.31,75.608
1610.82,75.574
1611.32,75.593
1611.82,75.642
1612.32,75.709
1612.82,75.693
1613.32,75.621
1613.82,75.657
1614.33,75.696
1614.83,75.685
1615.33,75.708
1615.84,75.696
1616.34,75.666
1616.84,75.689
1617.35,75.758
1617.85,75.775
1618.36,75.758
1618.86,75.82
1619.37,75.813
1619.87,75.818
1620.38,75.884
1620.89,75.893
1621.39,75.919
1621.9,75.903
1622.41,75.886
1622.92,75.891
1623.42,75.923
1623.93,75.961
1624.44,75.934
1624.95,75.914
1625.46,75.946
1625.97,75.987
1626.48,76.008
1626.99,75.996
1627.5,76.038
1628.01,76.062
1628.52,76.034
1629.04,76.013
1629.55,76.011
1630.06,76.069
1630.57,76.111
1631.09,76.051
1631.6,76.023
1632.11,76.096
1632.63,76.154
1633.14,76.146
1633.65,76.118
1634.17,76.101
1634.68,76.167
1635.2,76.257
1635.72,76.251
1636.23,76.225
1636.75,76.22
1637.27,76.191
1637.78,76.15
1638.3,76.221
1638.82,76.291
1639.34,76.313
1639.85,76.295
1640.37,76.34
1640.89,76.371
1641.41,76.375
1641.93,76.401
1642.45,76.383
1642.97,76.368
1643.49,76.409
1644.01,76.407
1644.54,76.4
1645.06,76.405
1645.58,76.476
1646.1,76.506
1646.63,76.488
1647.15,76.471
1647.67,76.499
1648.2,76.505
1648.72,76.527
1649.24,76.55
1649.77,76.589
1650.29,76.581
1650.82,76.598
1651.35,76.66
1651.87,76.64
1652.4,76.55
1652.92,76.516
1653.45,76.602
1653.98,76.655
1654.51,76.643
1655.04,76.666
1655.56,76.76
1656.09,76.812
1656.62,76.805
1657.15,76.735
1657.68,76.69
1658.21,76.707
1658.74,76.782
1659.27,76.887
1659.8,76.889
1660.34,76.851
1660.87,76.85
1661.4,76.863
1661.93,76.857
1662.46,76.863
1663.0,76.891
1663.53,76.876
1664.07,76.881
1664.6,76.908
1665.13,76.971
1665.67,77.011
1666.2,77.015
1666.74,77.02
1667.28,77.005
1667.81,76.998
1668.35,77.018
1668.89,77.065
1669.42,77.054
1669.96,77.069
1670.5,77.103
1671.04,77.133
1671.58,77.153
1672.12,77.108
1672.65,77.06
1673.19,77.06
1673.73,77.082
1674.28,77.125
1674.82,77.183
1675.36,77.219
1675.9,77.238
1676.44,77.236
1676.98,77.219
1677.53,77.245
1678.07,77.328
1678.61,77.322
1679.16,77.255
1679.7,77.258
1680.24,77.283
1680.79,77.287
1681.33,77.333
1681.88,77.35
1682.42,77.356
1682.97,77.332
1683.52,77.303
1684.06,77.332
1684.61,77.395
1685.16,77.377
1685.71,77.403
1686.25,77.487
1686.8,77.549
1687.35,77.549
1687.9,77.53
1688.45,77.519
1689.0,77.54
1689.55,77.579
1690.1,77.564
1690.65,77.523
1691.2,77.555
1691.76,77.6
1692.31,77.613
1692.86,77.613
1693.41,77.626
1693.97,77.662
1694.52,77.693
1695.08,77.692
1695.63,77.699
1696.18,77.667
1696.74,77.671
1697.29,77.708
1697.85,77.718
1698.41,77.737
1698.96,77.74
1699.52,77.765
1700.08,77.819
1700.64,77.858
1701.19,77.851
1701.75,77.862
1702.31,77.813
1702.87,77.793
1703.43,77.815
1703.99,77.847
1704.55,77.877
1705.11,77.883
1705.67,77.858
1706.23,77.917
1706.79,77.958
1707.36,77.948
1707.92,77.958
1708.48,77.93
1709.04,77.907
1709.61,77.96
1710.17,77.965
1710.74,77.971
1711.3,78.022
1711.87,78.031
1712.43,78.05
1713.0,78.065
1713.56,78.112
1714.13,78.13
1714.7,78.114
1715.26,78.104
1715.83,78.091
1716.4,78.108
1716.97,78.164
1717.54,78.217
1718.1,78.2
1718.67,78.153
1719.24,78.172
1719.81,78.269
1720.39,78.286
1720.96,78.271
1721.53,78.26
1722.1,78.228
1722.67,78.209
1723.24,78.258
1723.82,78.295
1724.39,78.282
1724.96,78.314
1725.54,78.32
1726.11,78.342
1726.69,78.348
1727.26,78.331
1727.84,78.357
1728.41,78.389
1728.99,78.434
1729.57,78.47
1730.14,78.459
1730.72,78.453
1731.3,78.459
1731.88,78.447
1732.46,78.479
1733.04,78.556
1733.62,78.595
1734.2,78.599
1734.78,78.537
1735.36,78.534
1735.94,78.584
1736.52,78.586
1737.1,78.622
1737.68,78.676
1738.27,78.682
1738.85,78.68
1739.43,78.691
1740.02,78.687
1740.6,78.687
1741.18,78.708
1741.77,78.738
1742.35,78.734
1742.94,78.759
1743.53,78.834
1744.11,78.858
1744.7,78.869
1745.29,78.845
1745.88,78.796
1746.46,78.792
1747.05,78.832
1747.64,78.834
1748.23,78.888
1748.82,78.91
1749.41,78.912
1750.0,78.909
1750.59,78.931
1751.18,78.933
1751.77,78.952
1752.37,79.021
1752.96,79.008
1753.55,78.978
1754.14,78.98
1754.74,78.972
1755.33,78.957
1755.93,79.021
1756.52,79.085
1757.12,79.077
1757.71,79.051
1758.31,79.04
1758.91,79.051
1759.5,79.085
1760.1,79.179
1760.7,79.212
1761.3,79.154
1761.89,79.122
1762.49,79.141
1763.09,79.171
1763.69,79.188
1764.29,79.226
1764.89,79.263
1765.49,79.244
1766.09,79.265
1766.7,79.28
1767.3,79.284
1767.9,79.304
1768.5,79.291
1769.11,79.233
1769.71,79.239
1770.32,79.297
1770.92,79.351
1771.53,79.385
1772.13,79.381
1772.74,79.434
1773.34,79.426
1773.95,79.4
1774.56,79.398
1775.16,79.443
1775.77,79.492
1776.38,79.484
1776.99,79.518
1777.6,79.533
1778.21,79.505
1778.82,79.509
1779.43,79.541
1780.04,79.586
1780.65,79.646
1781.26,79.595
1781.88,79.556
1782.49,79.522
1783.1,79.533
1783.71,79.608
1784.33,79.653
1784.94,79.668
1785.56,79.702
1786.17,79.722
1786.79,79.745
1787.4,79.743
1788.02,79.709
1788.64,79.736
1789.25,79.749
1789.87,79.758
1790.49,79.777
1791.11,79.781
1791.73,79.805
1792.35,79.826
1792.97,79.85
1793.59,79.88
1794.21,79.931
1794.83,79.944
1795.45,79.916
1796.07,79.891
1796.69,79.934
1797.32,79.97
1797.94,79.934
1798.56,79.932
1799.19,79.959
1799.81,79.998
1800.44,80.006
1801.06,80.0
1801.69,80.049
1802.32,80.086
1802.94,80.073
1803.57,80.032
1804.2,80.002
1804.83,80.021
1805.45,80.051
1806.08,80.12
1806.71,80.173
1807.34,80.173
1807.97,80.139
1808.6,80.114
1809.23,80.148
1809.87,80.219
1810.5,80.238
1811.13,80.278
1811.76,80.287
1812.4,80.259
1813.03,80.315
1813.66,80.315
1814.3,80.259
1814.93,80.272
1815.57,80.268
1816.21,80.231
1816.84,80.296
1817.48,80.39
1818.12,80.399
1818.75,80.362
1819.39,80.334
1820.03,80.358
1820.67,80.403
1821.31,80.424
1821.95,80.458
1822.59,80.486
1823.23,80.486
1823.87,80.478
1824.51,80.516
1825.16,80.557
1825.8,80.6
1826.44,80.564
1827.09,80.534
1827.73,80.572
1828.37,80.641
1829.02,80.656
1829.66,80.634
1830.31,80.63
1830.96,80.632
1831.6,80.617
1832.25,80.615
1832.9,80.671
1833.55,80.722
1834.2,80.703
1834.84,80.684
1835.49,80.744
1836.14,80.795
1836.79,80.789
1837.45,80.759
1838.1,80.769
1838.75,80.81
1839.4,80.833
1840.05,80.818
1840.71,80.829
1841.36,80.895
1842.01,80.945
1842.67,80.913
1843.32,80.88
1843.98,80.893
1844.64,80.934
1845.29,80.956
1845.95,80.951
1846.61,80.938
1847.27,80.977
1847.92,81.015
1848.58,81.024
1849.24,81.046
1849.9,81.091
1850.56,81.099
1851.22,81.052
1851.88,81.024
1852.55,81.041
1853.21,81.129
1853.87,81.159
1854.53,81.142
1855.2,81.176
1855.86,81.195
1856.53,81.168
1857.19,81.142
1857.86,81.183
1858.52,81.221
1859.19,81.206
1859.86,81.2
1860.52,81.221
1861.19,81.273
1861.86,81.277
1862.53,81.26
1863.2,81.35
1863.87,81.388
1864.54,81.345
1865.21,81.33
1865.88,81.361
1866.55,81.352
1867.22,81.335
1867.9,81.412
1868.57,81.47
1869.24,81.44
1869.92,81.48
1870.59,81.491
1871.27,81.5
1871.94,81.478
1872.62,81.496
1873.3,81.504
1873.97,81.495
1874.65,81.513
1875.33,81.54
1876.01,81.551
1876.69,81.605
1877.36,81.615
1878.04,81.57
1878.73,81.601
1879.41,81.616
1880.09,81.588
1880.77,81.618
1881.45,81.658
1882.14,81.652
1882.82,81.676
1883.5,81.65
1884.19,81.646
1884.87,81.675
1885.56,81.712
1886.24,81.727
1886.93,81.708
1887.62,81.708
1888.3,81.718
1888.99,81.706
1889.68,81.721
1890.37,81.804
1891.06,81.819
1891.75,81.791
1892.44,81.817
1893.13,81.821
1893.82,81.806
1894.51,81.821
1895.21,81.821
1895.9,81.81
1896.59,81.806
1897.29,81.84
1897.98,81.858
1898.68,81.885
1899.37,81.879
1900.07,81.902
1900.77,81.948
1901.46,81.992
1902.16,81.98
1902.86,81.888
1903.56,81.896
1904.26,81.969
1904.96,81.999
1905.66,81.969
1906.36,81.977
1907.06,82.042
1907.76,82.089
1908.46,82.068
1909.16,82.05
1909.87,82.05
1910.57,82.093
1911.28,82.106
1911.98,82.078
1912.69,82.055
1913.39,82.072
1914.1,82.145
1914.8,82.179
1915.51,82.142
1916.22,82.136
1916.93,82.162
1917.64,82.211
1918.35,82.218
1919.06,82.207
1919.77,82.226
1920.48,82.228
1921.19,82.22
1921.9,82.232
1922.61,82.217
1923.33,82.248
1924.04,82.282
1924.76,82.282
1925.47,82.293
1926.19,82.344
1926.9,82.368
1927.62,82.398
1928.34,82.383
1929.05,82.367
1929.77,82.368
1930.49,82.372
1931.21,82.389
1931.93,82.432
1932.65,82.447
1933.37,82.432
1934.09,82.406
1934.81,82.436
1935.53,82.498
1936.26,82.528
1936.98,82.509
1937.7,82.498
1938.43,82.477
1939.15,82.5
1939.88,82.558
1940.61,82.582
1941.33,82.584
1942.06,82.597
1942.79,82.582
1943.51,82.605
1944.24,82.637
1944.97,82.648
1945.7,82.653
1946.43,82.695
1947.16,82.766
1947.9,82.774
1948.63,82.706
1949.36,82.708
1950.09,82.736
1950.83,82.815
1951.56,82.839
1952.3,82.807
1953.03,82.787
1953.77,82.839
1954.5,82.854
1955.24,82.856
1955.98,82.86
1956.72,82.867
1957.46,82.922
1958.2,82.929
1958.94,82.963
1959.68,82.98
1960.42,82.969
1961.16,82.961
1961.9,83.006
1962.64,83.025
1963.39,82.999
1964.13,82.969
1964.87,82.999
1965.62,83.012
1966.36,83.012
1967.11,83.081
1967.86,83.162
1968.6,83.162
1969.35,83.175
1970.1,83.156
1970.85,83.139
1971.6,83.171
1972.35,83.156
1973.1,83.165
1973.85,83.201
1974.6,83.212
1975.35,83.199
1976.11,83.239
1976.86,83.265
1977.61,83.282
1978.37,83.325
1979.12,83.33
1979.88,83.344
1980.64,83.355
1981.39,83.381
1982.15,83.387
1982.91,83.377
1983.67,83.394
1984.43,83.413
1985.19,83.4
1985.95,83.441
1986.71,83.477
1987.47,83.484
1988.23,83.471
1988.99,83.449
1989.76,83.452
1990.52,83.473
1991.29,83.531
1992.05,83.574
1992.82,83.574
1993.58,83.57
1994.35,83.584
1995.12,83.591
1995.89,83.625
1996.65,83.66
1997.42,83.681
1998.19,83.69
1998.96,83.657
1999.73,83.627
2000.51,83.672
2001.28,83.707
2002.05,83.707
2002.82,83.743
2003.6,83.752
2004.37,83.694
2005.15,83.7
2005.92,83.737
2006.7,83.758
2007.48,83.775
2008.25,83.803
2009.03,83.848
2009.81,83.872
2010.59,83.871
2011.37,83.876
2012.15,83.925
2012.93,83.925
2013.71,83.906
2014.5,83.914
2015.28,83.979
2016.06,84.009
2016.85,83.957
2017.63,83.934
2018.42,83.968
2019.2,83.974
2019.99,83.968
2020.78,84.024
2021.57,84.054
2022.35,84.071
2023.14,84.092
2023.93,84.135
2024.72,84.195
2025.52,84.229
2026.31,84.208
2027.1,84.191
2027.89,84.202
2028.69,84.223
2029.48,84.268
2030.27,84.268
2031.07,84.257
2031.87,84.249
2032.66,84.268
2033.46,84.334
2034.26,84.382
2035.06,84.394
2035.85,84.397
2036.65,84.418
2037.45,84.431
2038.26,84.442
2039.06,84.459
2039.86,84.486
2040.66,84.532
2041.47,84.521
2042.27,84.476
2043.07,84.472
2043.88,84.506
2044.69,84.529
2045.49,84.527
2046.3,84.536
2047.11,84.544
2047.92,84.532
2048.73,84.594
2049.54,84.681
2050.35,84.686
2051.16,84.698
2051.97,84.705
2052.78,84.711
2053.59,84.769
2054.41,84.819
2055.22,84.831
2056.04,84.814
2056.85,84.789
2057.67,84.799
2058.49,84.81
2059.3,84.834
2060.12,84.823
2060.94,84.816
2061.76,84.87
2062.58,84.838
2063.4,84.821
2064.22,84.876
2065.05,84.966
2065.87,85.014
2066.69,85.007
2067.52,84.99
2068.34,84.968
2069.17,84.99
2069.99,85.02
2070.82,85.065
2071.65,85.071
2072.47,85.039
2073.3,85.058
2074.13,85.103
2074.96,85.119
2075.79,85.097
2076.62,85.121
2077.46,85.191
2078.29,85.183
2079.12,85.153
2079.96,85.161
2080.79,85.189
2081.63,85.228
2082.46,85.239
2083.3,85.213
2084.14,85.217
2084.98,85.254
2085.81,85.273
2086.65,85.284
2087.49,85.299
2088.33,85.303
2089.18,85.316
2090.02,85.354
2090.86,85.356
2091.7,85.384
2092.55,85.404
2093.39,85.378
2094.24,85.403
2095.08,85.463
2095.93,85.468
2096.78,85.461
2097.63,85.449
2098.48,85.429
2099.33,85.446
2100.18,85.433
2101.03,85.451
2101.88,85.489
2102.73,85.5
2103.59,85.502
2104.44,85.523
2105.29,85.569
2106.15,85.556
2107.0,85.538
2107.86,85.575
2108.72,85.626
2109.58,85.624
2110.44,85.616
2111.29,85.624
2112.15,85.639
2113.02,85.661
2113.88,85.678
2114.74,85.706
2115.6,85.729
2116.47,85.688
2117.33,85.673
2118.2,85.701
2119.06,85.759
2119.93,85.751
2120.79,85.748
2121.66,85.778
2122.53,85.796
2123.4,85.851
2124.27,85.851
2125.14,85.823
2126.01,85.868
2126.88,85.911
2127.76,85.945
2128.63,85.931
2129.5,85.879
2130.38,85.868
2131.26,85.9
2132.13,85.935
2133.01,85.963
2133.89,86.018
2134.77,86.014
2135.64,85.997
2136.52,85.961
2137.41,85.993
2138.29,86.085
2139.17,86.093
2140.05,86.083
2140.94,86.096
2141.82,86.115
2142.71,86.158
2143.59,86.132
2144.48,86.102
2145.37,86.13
2146.25,86.125
2147.14,86.141
2148.03,86.19
2148.92,86.216
2149.81,86.205
2150.71,86.198
2151.6,86.203
2152.49,86.243
2153.39,86.282
2154.28,86.286
2155.18,86.31
2156.07,86.335
2156.97,86.32
2157.87,86.331
2158.76,86.361
2159.66,86.363
2160.56,86.396
2161.46,86.449
2162.37,86.458
2163.27,86.432
2164.17,86.451
2165.07,86.505
2165.98,86.522
2166.88,86.494
2167.79,86.513
2168.7,86.511
2169.6,86.507
2170.51,86.518
2171.42,86.52
2172.33,86.535
2173.24,86.582
2174.15,86.567
2175.07,86.58
2175.98,86.588
2176.89,86.578
2177.81,86.663
2178.72,86.755
2179.64,86.713
2180.55,86.657
2181.47,86.702
2182.39,86.715
2183.31,86.659
2184.23,86.663
2185.15,86.743
2186.07,86.783
2186.99,86.721
2187.92,86.682
2188.84,86.742
2189.76,86.773
2190.69,86.775
2191.61,86.787
2192.54,86.775
2193.47,86.832
2194.4,86.905
2195.33,86.871
2196.26,86.835
2197.19,86.858
2198.12,86.897
2199.05,86.923
2199.98,86.905
2200.92,86.944
2201.85,86.985
2202.79,86.965
2203.72,86.946
2204.66,87.002
2205.6,87.04
2206.54,87.012
2207.48,87.019
2208.42,87.047
2209.36,87.047
2210.3,87.04
2211.24,87.081
2212.19,87.148
2213.13,87.16
2214.08,87.12
2215.02,87.07
2215.97,87.083
2216.92,87.098
2217.86,87.085
2218.81,87.148
2219.76,87.188
2220.71,87.178
2221.67,87.152
2222.62,87.143
2223.57,87.156
2224.53,87.225
2225.48,87.259
2226.44,87.22
2227.39,87.237
2228.35,87.274
2229.31,87.248
2230.27,87.263
2231.23,87.244
2232.19,87.235
2233.15,87.184
2234.11,87.193
2235.07,87.263
2236.04,87.28
2237.0,87.216
2237.97,87.173
2238.93,87.199
2239.9,87.223
2240.87,87.19
2241.84,87.244
2242.81,87.315
2243.78,87.27
2244.75,87.223
2245.72,87.244
2246.7,87.295
2247.67,87.319
2248.64,87.3
2249.62,87.3
2250.6,87.276
2251.57,87.283
2252.55,87.28
2253.53,87.28
2254.51,87.272
2255.49,87.306
2256.47,87.306
2257.46,87.267
2258.44,87.27
2259.42,87.27
2260.41,87.3
2261.39,87.3
2262.38,87.283
2263.37,87.265
2264.36,87.244
2265.35,87.28
2266.34,87.278
2267.33,87.233
2268.32,87.201
2269.31,87.147
2270.31,87.18
2271.3,87.238
2272.3,87.246
2273.29,87.246
2274.29,87.227
2275.29,87.199
2276.29,87.16
2277.29,87.186
2278.29,87.188
2279.29,87.184
2280.29,87.177
2281.29,87.141
2282.3,87.105
2283.3,87.1
2284.31,87.094
2285.32,87.111
2286.32,87.118
2287.33,87.064
2288.34,87.013
2289.35,87.036
2290.36,87.03
2291.38,86.989
2292.39,86.995
2293.4,87.012
2294.42,87.019
2295.43,87.006
2296.45,86.982
2297.47,86.995
2298.49,87.01
2299.51,86.995
2300.53,86.957
2301.55,86.907
2302.57,86.862
2303.59,86.867
2304.62,86.916
2305.64,86.869
2306.67,86.839
2307.69,86.878
2308.72,86.873
2309.75,86.835
2310.78,86.843
2311.81,86.873
2312.84,86.875
2313.87,86.758
2314.91,86.678
2315.94,86.706
2316.98,86.721
2318.01,86.672
2319.05,86.655
2320.09,86.623
2321.12,86.573
2322.16,86.595
2323.2,86.586
2324.25,86.513
2325.29,86.517
2326.33,86.567
2327.38,86.623
2328.42,86.642
2329.47,86.603
2330.51,86.62
2331.56,86.629
2332.61,86.625
2333.66,86.65
2334.71,86.638
2335.76,86.652
2336.82,86.706
2337.87,86.723
2338.93,86.757
2339.98,86.837
2341.04,86.908
2342.09,86.935
2343.15,86.961
2344.21,86.957
2345.27,87.025
2346.33,87.113
2347.4,87.145
2348.46,87.173
2349.52,87.263
2350.59,87.313
2351.66,87.308
2352.72,87.334
2353.79,87.403
2354.86,87.494
2355.93,87.55
2357.0,87.595
2358.07,87.634
2359.15,87.647
2360.22,87.659
2361.29,87.642
2362.37,87.67
2363.45,87.704
2364.52,87.692
2365.6,87.743
2366.68,87.773
2367.76,87.762
2368.85,87.779
2369.93,87.782
2371.01,87.78
2372.1,87.839
2373.18,87.857
2374.27,87.812
2375.36,87.801
2376.45,87.803
2377.54,87.848
2378.63,87.902
2379.72,87.904
2380.81,87.917
2381.91,87.932
2383.0,87.908
2384.1,87.908
2385.19,87.951
2386.29,87.985
2387.39,87.989
2388.49,88.03
2389.59,88.05
2390.69,88.114
2391.79,88.101
2392.9,88.064
2394.0,88.11
2395.11,88.182
2396.22,88.189
2397.32,88.155
2398.43,88.178
2399.54,88.18
2400.65,88.21
2401.77,88.251
2402.88,88.317
2403.99,88.309
2405.11,88.277
2406.22,88.311
2407.34,88.362
2408.46,88.358
2409.58,88.339
2410.7,88.33
2411.82,88.341
2412.94,88.386
2414.07,88.405
2415.19,88.369
2416.32,88.35
2417.44,88.364
2418.57,88.416
2419.7,88.463
2420.83,88.45
2421.96,88.459
2423.09,88.42
2424.23,88.414
2425.36,88.418
2426.49,88.411
2427.63,88.418
2428.77,88.405
2429.91,88.454
2431.05,88.523
2432.19,88.532
2433.33,88.544
2434.47,88.562
2435.61,88.523
2436.76,88.499
2437.9,88.484
2439.05,88.508
2440.2,88.594
2441.35,88.576
2442.5,88.497
2443.65,88.527
2444.8,88.585
2445.95,88.559
2447.11,88.568
2448.26,88.602
2449.42,88.611
2450.58,88.604
2451.74,88.591
2452.9,88.602
2454.06,88.589
2455.22,88.604
2456.38,88.624
2457.55,88.641
2458.71,88.643
2459.88,88.645
2461.05,88.632
2462.21,88.652
2463.38,88.714
2464.55,88.739
2465.73,88.748
2466.9,88.759
2468.07,88.763
2469.25,88.742
2470.43,88.733
2471.6,88.752
2472.78,88.782
2473.96,88.789
2475.14,88.748
2476.32,88.726
2477.51,88.724
2478.69,88.742
2479.88,88.793
2481.06,88.786
2482.25,88.784
2483.44,88.793
2484.63,88.746
2485.82,88.731
2487.01,88.767
2488.21,88.789
2489.4,88.808
2490.6,88.799
2491.79,88.78
2492.99,88.774
2494.19,88.742
2495.39,88.69
2496.59,88.641
2497.79,88.682
2499.0,88.711
2500.2,88.711
2501.41,88.767
2502.62,88.752
2503.83,88.714
2505.03,88.716
2506.25,88.718
2507.46,88.742
2508.67,88.742
2509.89,88.739
2511.1,88.759
2512.32,88.733
2513.53,88.739
2514.75,88.712
2515.97,88.694
2517.19,88.742
2518.42,88.784
2519.64,88.825
2520.87,88.802
2522.09,88.78
2523.32,88.853
2524.55,88.919
2525.78,88.924
2527.01,88.907
2528.24,88.904
2529.47,88.921
2530.71,88.934
2531.94,88.951
2533.18,88.958
2534.42,88.975
2535.66,88.939
2536.9,88.915
2538.14,88.939
2539.38,88.977
2540.63,89.027
2541.87,89.042
2543.12,88.988
2544.37,88.958
2545.62,88.973
2546.87,88.996
2548.12,89.001
2549.37,89.026
2550.63,89.063
2551.89,89.054
2553.14,89.001
2554.4,88.981
2555.66,89.042
2556.92,89.121
2558.18,89.119
2559.44,89.061
2560.71,89.061
2561.97,89.076
2563.24,89.057
2564.51,89.061
2565.78,89.071
2567.05,89.123
2568.32,89.155
2569.59,89.127
2570.86,89.162
2572.14,89.204
2573.42,89.296
2574.69,89.339
2575.97,89.369
2577.25,89.389
2578.54,89.303
2579.82,89.23
2581.1,89.224
2582.39,89.254
2583.67,89.292
2584.96,89.269
2586.25,89.32
2587.54,89.418
2588.83,89.35
2590.13,89.301
2591.42,89.434
2592.72,89.498
2594.01,89.524
2595.31,89.626
2596.61,89.611
2597.91,89.568
2599.21,89.485
2600.52,89.44
2601.82,89.436
2603.13,89.523
2604.44,89.543
2605.75,89.519
2607.06,89.545
2608.37,89.504
2609.68,89.543
2610.99,89.644
2612.31,89.708
2613.63,89.704
2614.94,89.682
2616.26,89.708
2617.58,89.742
2618.91,89.781
2620.23,89.734
2621.55,89.65
2622.88,89.659
2624.21,89.635
2625.54,89.616
2626.87,89.663
2628.2,89.725
2629.53,89.704
2630.86,89.701
2632.2,89.774
2633.54,89.759
2634.87,89.691
2636.21,89.689
2637.55,89.611
2638.9,89.583
2640.24,89.568
2641.59,89.524
2642.93,89.526
2644.28,89.523
2645.63,89.481
2646.98,89.421
2648.33,89.38
2649.68,89.333
2651.04,89.267
2652.4,89.222
2653.75,89.176
2655.11,89.097
2656.47,89.102
2657.83,89.02
2659.2,88.964
2660.56,88.941
2661.93,88.829
2663.29,88.664
2664.66,88.594
2666.03,88.581
2667.4,88.617
2668.78,88.487
2670.15,88.3
2671.53,88.154
2672.9,87.917
2674.28,87.662
2675.66,87.464
2677.04,87.218
2678.43,86.873
2679.81,86.533
2681.2,86.231
2682.58,85.802
2683.97,85.236
2685.36,84.572
2686.75,83.749
2688.15,82.785
2689.54,81.766
2690.94,80.488
2692.33,78.897
2693.73,77.028
2695.13,74.783
2696.53,71.983
2697.94,68.402
2699.34,64.145
2700.75,59.787
2702.15,55.944
2703.56,52.777
2704.97,49.998
2706.38,47.245
2707.8,44.425
2709.21,41.668
2710.63,39.024
2712.05,36.746
2713.46,34.994
2714.89,33.522
2716.31,32.35
2717.73,31.6
2719.16,31.139
2720.58,30.816
2722.01,30.673
2723.44,30.589
2724.87,30.615
2726.3,30.653
2727.74,30.675
2729.17,30.724
2730.61,30.78
2732.05,30.827
2733.49,30.87
2734.93,30.925
2736.38,30.953
2737.82,30.949
2739.27,30.885
2740.71,30.883
2742.16,30.953
2743.61,30.996
2745.07,31.094
2746.52,31.204
2747.98,31.281
2749.43,31.251
2750.89,31.249
2752.35,31.324
2753.81,31.358
2755.28,31.388
2756.74,31.416
2758.21,31.444
2759.68,31.529
2761.15,31.592
2762.62,31.609
2764.09,31.664
2765.56,31.772
2767.04,31.836
2768.52,31.9
2770.0,31.898
2771.48,31.902
2772.96,32.029
2774.44,32.131
2775.93,32.161
2777.41,32.2
2778.9,32.254
2780.39,32.348
2781.88,32.453
2783.38,32.511
2784.87,32.616
2786.37,32.736
2787.87,32.847
2789.37,32.995
2790.87,33.153
2792.37,33.303
2793.87,33.411
2795.38,33.456
2796.89,33.556
2798.4,33.661
2799.91,33.749
2801.42,33.852
2802.94,33.972
2804.45,34.118
2805.97,34.281
2807.49,34.424
2809.01,34.508
2810.53,34.589
2812.06,34.711
2813.58,34.889
2815.11,35.037
2816.64,35.144
2818.17,35.281
2819.7,35.45
2821.24,35.532
2822.77,35.686
2824.31,35.905
2825.85,36.052
2827.39,36.2
2828.93,36.354
2830.48,36.487
2832.02,36.639
2833.57,36.787
2835.12,36.912
2836.67,37.136
2838.22,37.338
2839.78,37.475
2841.33,37.602
2842.89,37.747
2844.45,37.925
2846.01,38.109
2847.57,38.238
2849.14,38.373
2850.7,38.506
2852.27,38.662
2853.84,38.848
2855.41,38.955
2856.99,39.046
2858.56,39.142
2860.14,39.277
2861.72,39.386
2863.3,39.536
2864.88,39.695
2866.46,39.845
2868.05,39.956
2869.63,40.061
2871.22,40.183
2872.81,40.355
2874.41,40.46
2876.0,40.534
2877.6,40.689
2879.19,40.83
2880.79,40.916
2882.4,40.993
2884.0,41.055
2885.6,41.109
2887.21,41.225
2888.82,41.319
2890.43,41.413
2892.04,41.552
2893.65,41.638
2895.27,41.721
2896.89,41.818
2898.51,41.865
2900.13,41.932
2901.75,41.991
2903.38,42.047
2905.0,42.097
2906.63,42.167
2908.26,42.266
2909.89,42.281
2911.53,42.307
2913.16,42.403
2914.8,42.484
2916.44,42.553
2918.08,42.651
2919.72,42.696
2921.37,42.767
2923.02,42.848
2924.66,42.84
2926.31,42.808
2927.97,42.915
2929.62,43.031
2931.28,43.125
2932.93,43.181
2934.59,43.239
2936.26,43.307
2937.92,43.33
2939.59,43.386
2941.25,43.476
2942.92,43.556
2944.59,43.673
2946.27,43.759
2947.94,43.823
2949.62,43.916
2951.3,44.029
2952.98,44.1
2954.66,44.183
2956.34,44.308
2958.03,44.415
2959.72,44.477
2961.41,44.577
2963.1,44.682
2964.8,44.745
2966.49,44.818
2968.19,44.965
2969.89,45.145
2971.59,45.282
2973.3,45.366
2975.0,45.445
2976.71,45.567
2978.42,45.647
2980.13,45.734
2981.84,45.84
2983.56,45.925
2985.28,46.0
2987.0,46.094
2988.72,46.204
2990.44,46.3
2992.17,46.403
2993.9,46.585
2995.63,46.729
2997.36,46.84
2999.09,46.922
3000.83,47.031
3002.56,47.204
3004.3,47.341
3006.05,47.423
3007.79,47.494
3009.53,47.62
3011.28,47.787
3013.03,47.914
3014.78,47.971
3016.54,48.1
3018.29,48.297
3020.05,48.451
3021.81,48.584
3023.57,48.678
3025.34,48.753
3027.1,48.89
3028.87,49.045
3030.64,49.182
3032.41,49.343
3034.19,49.484
3035.96,49.61
3037.74,49.76
3039.52,49.88
3041.31,50.011
3043.09,50.185
3044.88,50.354
3046.67,50.455
3048.46,50.549
3050.25,50.692
3052.05,50.817
3053.84,50.986
3055.64,51.164
3057.45,51.312
3059.25,51.461
3061.06,51.601
3062.86,51.74
3064.67,51.834
3066.49,51.986
3068.3,52.218
3070.12,52.383
3071.94,52.451
3073.76,52.541
3075.58,52.704
3077.41,52.869
3079.23,52.987
3081.06,53.086
3082.89,53.25
3084.73,53.46
3086.56,53.593
3088.4,53.715
3090.24,53.885
3092.08,54.067
3093.93,54.217
3095.78,54.378
3097.63,54.517
3099.48,54.643
3101.33,54.814
3103.19,55.016
3105.05,55.205
3106.91,55.324
3108.77,55.475
3110.63,55.684
3112.5,55.843
3114.37,55.963
3116.24,56.128
3118.12,56.278
3119.99,56.439
3121.87,56.666
3123.75,56.886
3125.63,57.045
3127.52,57.154
3129.41,57.315
3131.3,57.536
3133.19,57.705
3135.08,57.853
3136.98,58.058
3138.88,58.249
3140.78,58.442
3142.68,58.643
3144.59,58.759
3146.5,58.89
3148.41,59.112
3150.32,59.339
3152.23,59.507
3154.15,59.682
3156.07,59.884
3157.99,60.077
3159.92,60.274
3161.84,60.471
3163.77,60.651
3165.71,60.805
3167.64,61.011
3169.58,61.212
3171.51,61.418
3173.46,61.619
3175.4,61.823
3177.34,62.011
3179.29,62.168
3181.24,62.363
3183.2,62.543
3185.15,62.701
3187.11,62.905
3189.07,63.115
3191.03,63.288
3193.0,63.458
3194.96,63.603
3196.93,63.785
3198.91,63.957
3200.88,64.128
3202.86,64.336
3204.84,64.516
3206.82,64.666
3208.8,64.855
3210.79,65.013
3212.78,65.187
3214.77,65.337
3216.76,65.476
3218.76,65.632
3220.76,65.789
3222.76,65.936
3224.77,66.089
3226.77,66.243
3228.78,66.423
3230.79,66.564
3232.81,66.712
3234.83,66.903
3236.84,67.08
3238.87,67.216
3240.89,67.344
3242.92,67.524
3244.95,67.665
3246.98,67.822
3249.01,67.983
3251.05,68.118
3253.09,68.25
3255.13,68.403
3257.18,68.552
3259.22,68.687
3261.27,68.855
3263.33,69.028
3265.38,69.144
3267.44,69.24
3269.5,69.352
3271.56,69.482
3273.63,69.675
3275.69,69.814
3277.76,69.917
3279.84,70.086
3281.91,70.267
3283.99,70.382
3286.07,70.468
3288.16,70.575
3290.24,70.729
3292.33,70.888
3294.42,70.995
3296.52,71.111
3298.62,71.229
3300.72,71.344
3302.82,71.466
3304.92,71.58
3307.03,71.719
3309.14,71.86
3311.25,71.931
3313.37,71.985
3315.49,72.09
3317.61,72.253
3319.73,72.432
3321.86,72.578
3323.99,72.651
3326.12,72.735
3328.26,72.87
3330.39,72.983
3332.53,73.084
3334.68,73.178
3336.82,73.247
3338.97,73.328
3341.12,73.45
3343.28,73.529
3345.43,73.536
3347.59,73.547
3349.76,73.575
3351.92,73.598
3354.09,73.615
3356.26,73.628
3358.44,73.662
3360.61,73.697
3362.79,73.714
3364.97,73.71
3367.16,73.699
3369.35,73.737
3371.54,73.77
3373.73,73.742
3375.93,73.757
3378.13,73.851
3380.33,73.967
3382.53,74.052
3384.74,74.172
3386.95,74.309
3389.16,74.446
3391.38,74.564
3393.6,74.721
3395.82,74.873
3398.05,74.929
3400.28,74.974
3402.51,75.049
3404.74,75.121
3406.98,75.192
3409.22,75.258
3411.46,75.288
3413.71,75.334
3415.96,75.445
3418.21,75.599
3420.46,75.76
3422.72,75.897
3424.98,76.023
3427.25,76.176
3429.51,76.388
3431.78,76.572
3434.05,76.746
3436.33,76.945
3438.61,77.12
3440.89,77.275
3443.18,77.416
3445.46,77.568
3447.75,77.682
3450.05,77.806
3452.35,77.967
3454.65,78.102
3456.95,78.228
3459.25,78.359
3461.56,78.462
3463.88,78.535
3466.19,78.605
3468.51,78.669
3470.83,78.684
3473.16,78.68
3475.48,78.725
3477.81,78.789
3480.15,78.886
3482.49,79.004
3484.83,79.149
3487.17,79.308
3489.52,79.452
3491.87,79.608
3494.22,79.777
3496.58,79.953
3498.94,80.12
3501.3,80.308
3503.66,80.488
3506.03,80.675
3508.4,80.859
3510.78,81.045
3513.16,81.255
3515.54,81.45
3517.93,81.643
3520.31,81.875
3522.71,82.072
3525.1,82.226
3527.5,82.387
3529.9,82.556
3532.3,82.727
3534.71,82.83
3537.12,82.942
3539.54,83.126
3541.95,83.302
3544.38,83.445
3546.8,83.587
3549.23,83.719
3551.66,83.822
3554.09,83.904
3556.53,83.966
3558.97,84.064
3561.42,84.176
3563.86,84.292
3566.31,84.394
3568.77,84.486
3571.23,84.589
3573.69,84.711
3576.15,84.782
3578.62,84.859
3581.09,84.968
3583.57,85.069
3586.04,85.164
3588.53,85.264
3591.01,85.356
3593.5,85.457
3595.99,85.583
3598.49,85.675
3600.99,85.712
3603.49,85.781
3605.99,85.898
3608.5,85.973
3611.02,86.048
3613.53,86.173
3616.05,86.243
3618.58,86.29
3621.1,86.389
3623.63,86.488
3626.17,86.552
3628.71,86.614
3631.25,86.685
3633.79,86.753
3636.34,86.85
3638.89,86.959
3641.45,87.04
3644.01,87.09
3646.57,87.167
3649.13,87.268
3651.7,87.373
3654.28,87.458
3656.85,87.535
3659.44,87.617
3662.02,87.685
3664.61,87.752
3667.2,87.854
3669.79,87.964
3672.39,88.009
3675.0,88.06
3677.6,88.146
3680.21,88.244
3682.83,88.326
3685.44,88.407
3688.06,88.478
3690.69,88.521
3693.32,88.587
3695.95,88.669
3698.59,88.744
3701.23,88.831
3703.87,88.919
3706.52,88.967
3709.17,89.035
3711.82,89.091
3714.48,89.151
3717.15,89.222
3719.81,89.307
3722.48,89.427
3725.16,89.502
3727.84,89.519
3730.52,89.599
3733.2,89.699
3735.89,89.746
3738.59,89.793
3741.28,89.868
3743.98,89.95
3746.69,90.029
3749.4,90.078
3752.11,90.143
3754.83,90.201
3757.55,90.248
3760.27,90.318
3763.0,90.383
3765.74,90.438
3768.47,90.477
3771.21,90.524
3773.96,90.59
3776.71,90.659
3779.46,90.734
3782.22,90.768
3784.98,90.824
3787.74,90.901
3790.51,90.938
3793.28,90.976
3796.06,91.032
3798.84,91.07
3801.63,91.092
3804.42,91.143
3807.21,91.186
3810.01,91.22
3812.81,91.263
3815.61,91.327
3818.42,91.379
3821.24,91.46
3824.05,91.527
3826.88,91.572
3829.7,91.604
3832.53,91.668
3835.37,91.743
3838.21,91.807
3841.05,91.853
3843.9,91.887
3846.75,91.958
3849.6,92.033
3852.46,92.084
3855.33,92.131
3858.2,92.161
3861.07,92.189
3863.95,92.223
3866.83,92.262
3869.71,92.277
3872.6,92.307
3875.5,92.365
3878.4,92.416
3881.3,92.47
3884.21,92.495
3887.12,92.519
3890.04,92.577
3892.96,92.619
3895.88,92.664
3898.81,92.731
3901.74,92.77
3904.68,92.769
3907.62,92.78
3910.57,92.787
3913.52,92.8
3916.48,92.821
3919.44,92.844
3922.4,92.879
3925.37,92.911
3928.35,92.932
3931.32,92.96
3934.31,92.962
3937.29,92.962
3940.29,92.971
3943.28,92.962
3946.28,92.934
3949.29,92.89
3952.3,92.838
3955.31,92.793
3958.33,92.765
3961.36,92.759
3964.39,92.77
3967.42,92.78
3970.46,92.757
3973.5,92.763
3976.55,92.817
3979.6,92.89
3982.65,92.939
3985.72,93.022
3988.78,93.181
3991.85,93.348
3994.93,93.504
3998.01,93.642
4001.09,93.776
4004.18,93.884
4007.28,94.016
4010.38,94.19
4013.48,94.333
4016.59,94.447
4019.7,94.537
4022.82,94.603
4025.94,94.638
4029.07,94.693
4032.21,94.788
4035.34,94.867
4038.48,94.901
4041.63,94.927
4044.78,94.98
4047.94,95.038
4051.1,95.053
4054.27,95.105
4057.44,95.186
4060.62,95.221
4063.8,95.214
4066.99,95.225
4070.18,95.263
4073.38,95.289
4076.58,95.293
4079.79,95.31
4083.0,95.353
4086.22,95.373
4089.44,95.415
4092.67,95.435
4095.9,95.431
4099.14,95.413
4102.38,95.42
4105.63,95.441
4108.89,95.456
4112.14,95.48
4115.41,95.48
4118.68,95.475
4121.95,95.467
4125.23,95.476
4128.52,95.493
4131.8,95.488
4135.1,95.52
4138.4,95.542
4141.7,95.551
4145.01,95.535
4148.33,95.542
4151.65,95.535
4154.98,95.535
4158.31,95.565
4161.65,95.591
4164.99,95.598
4168.34,95.585
4171.69,95.553
4175.05,95.503
4178.42,95.535
4181.78,95.574
4185.16,95.583
4188.54,95.6
4191.93,95.593
4195.32,95.591
4198.72,95.595
4202.12,95.578
4205.53,95.563
4208.94,95.557
4212.36,95.559
4215.78,95.535
4219.21,95.506
4222.65,95.503
4226.09,95.48
4229.54,95.495
4232.99,95.488
4236.45,95.446
4239.91,95.469
4243.38,95.463
4246.86,95.45
4250.34,95.482
4253.82,95.482
4257.32,95.46
4260.81,95.441
4264.32,95.42
4267.83,95.416
4271.34,95.403
4274.87,95.401
4278.39,95.4
4281.93,95.386
4285.46,95.37
4289.01,95.362
4292.56,95.366
4296.12,95.343
4299.68,95.341
4303.25,95.371
4306.82,95.362
4310.4,95.323
4313.99,95.3
4317.58,95.319
4321.18,95.313
4324.78,95.298
4328.39,95.285
4332.01,95.28
4335.63,95.295
4339.26,95.28
4342.89,95.28
4346.53,95.268
4350.18,95.227
4353.83,95.216
4357.49,95.212
4361.15,95.218
4364.82,95.24
4368.5,95.236
4372.18,95.205
4375.87,95.178
4379.57,95.161
4383.27,95.175
4386.98,95.169
4390.69,95.126
4394.42,95.116
4398.14,95.115
4401.88,95.122
4405.62,95.115
4409.36,95.092
4413.12,95.068
4416.87,95.019
4420.64,95.017
4424.41,95.028
4428.19,95.019
4431.98,95.015
4435.77,95.017
4439.56,94.995
4443.37,94.959
4447.18,94.91
4451.0,94.908
4454.82,94.91
4458.65,94.899
4462.49,94.893
4466.33,94.888
4470.18,94.888
4474.04,94.884
4477.9,94.85
4481.77,94.807
4485.65,94.807
4489.53,94.837
4493.42,94.839
4497.32,94.807
4501.22,94.762
4505.13,94.741
4509.05,94.73
4512.98,94.726
4516.91,94.724
4520.84,94.717
4524.79,94.694
4528.74,94.661
4532.7,94.642
4536.67,94.631
4540.64,94.649
4544.62,94.627
4548.6,94.604
4552.6,94.61
4556.6,94.601
4560.61,94.58
4564.62,94.565
4568.64,94.543
4572.67,94.526
4576.71,94.541
4580.75,94.513
4584.8,94.456
4588.86,94.438
4592.92,94.413
4596.99,94.368
4601.07,94.348
4605.16,94.342
4609.25,94.342
4613.35,94.331
4617.46,94.301
4621.58,94.241
4625.7,94.199
4629.83,94.19
4633.97,94.179
4638.11,94.158
4642.26,94.136
4646.42,94.132
4650.59,94.093
4654.76,94.042
4658.95,93.999
4663.14,93.972
4667.33,93.931
4671.54,93.858
4675.75,93.813
4679.97,93.777
4684.2,93.757
4688.43,93.736
4692.68,93.701
4696.93,93.676
4701.18,93.641
4705.45,93.601
4709.72,93.569
4714.01,93.524
4718.29,93.494
4722.59,93.479
4726.9,93.487
4731.21,93.477
4735.53,93.406
4739.86,93.361
4744.2,93.335
4748.54,93.301
4752.89,93.269
4757.25,93.241
4761.62,93.185
4766.0,93.127
4770.38,93.114
4774.78,93.076
4779.18,93.029
4783.58,93.001
4788.0,92.937
4792.43,92.885
4796.86,92.855
4801.3,92.802
4805.75,92.75
4810.21,92.709
4814.68,92.632
4819.15,92.551
4823.63,92.487
4828.12,92.431
4832.62,92.388
4837.13,92.36
4841.65,92.319
4846.17,92.302
4850.71,92.266
4855.25,92.217
4859.8,92.172
4864.36,92.125
4868.92,92.08
4873.5,92.033
4878.08,91.998
4882.68,91.958
4887.28,91.904
4891.89,91.842
4896.51,91.786
4901.14,91.718
4905.77,91.67
4910.42,91.608
4915.08,91.522
4919.74,91.445
4924.41,91.36
4929.09,91.293
4933.78,91.25
4938.48,91.199
4943.19,91.141
4947.91,91.085
4952.63,91.034
4957.37,90.957
4962.11,90.861
4966.86,90.794
4971.62,90.745
4976.39,90.644
4981.17,90.537
4985.96,90.492
4990.76,90.453
4995.57,90.378
5000.39,90.295
5005.21,90.233
5010.05,90.171
5014.9,90.093
5019.75,90.029
5024.61,89.937
5029.49,89.849
5034.37,89.789
5039.26,89.729
5044.17,89.678
5049.08,89.641
5054.0,89.59
5058.93,89.479
5063.87,89.397
5068.82,89.327
5073.78,89.262
5078.75,89.226
5083.73,89.174
5088.72,89.097
5093.72,89.031
5098.72,88.93
5103.74,88.838
5108.77,88.78
5113.81,88.746
5118.85,88.696
5123.91,88.624
5128.98,88.555
5134.06,88.501
5139.15,88.442
5144.25,88.362
5149.35,88.292
5154.47,88.215
5159.6,88.14
5164.74,88.09
5169.89,88.007
5175.05,87.914
5180.22,87.869
5185.4,87.803
5190.59,87.694
5195.79,87.595
5201.0,87.525
5206.23,87.471
5211.46,87.392
5216.7,87.328
5221.95,87.259
5227.22,87.177
5232.49,87.079
5237.78,86.991
5243.07,86.89
5248.38,86.802
5253.7,86.727
5259.03,86.652
5264.37,86.573
5269.71,86.477
5275.07,86.37
5280.45,86.273
5285.83,86.2
5291.22,86.153
5296.63,86.055
5302.04,85.911
5307.47,85.802
5312.91,85.74
5318.36,85.661
5323.82,85.575
5329.29,85.466
5334.77,85.361
5340.27,85.23
5345.77,85.093
5351.29,85.016
5356.82,84.93
5362.36,84.836
5367.91,84.759
5373.47,84.651
5379.04,84.544
5384.63,84.459
5390.23,84.343
5395.84,84.195
5401.46,84.099
5407.09,84.037
5412.73,83.934
5418.39,83.792
5424.06,83.681
5429.74,83.57
5435.43,83.434
5441.13,83.289
5446.84,83.152
5452.57,83.021
5458.31,82.914
5464.06,82.774
5469.83,82.597
5475.6,82.457
5481.39,82.301
5487.19,82.074
5493.0,81.883
5498.83,81.746
5504.67,81.605
5510.52,81.476
5516.38,81.341
5522.25,81.204
5528.14,81.048
5534.04,80.863
5539.95,80.639
5545.88,80.401
5551.82,80.06
5557.77,79.7
5563.73,79.452
5569.71,79.323
5575.7,79.218
5581.7,79.214
5587.71,79.347
5593.74,79.477
5599.78,79.518
5605.83,79.499
5611.9,79.439
5617.98,79.357
5624.07,79.235
5630.18,79.072
5636.3,78.944
5642.43,78.835
5648.58,78.7
5654.74,78.562
5660.91,78.399
5667.1,78.211
5673.3,78.059
5679.51,77.924
5685.74,77.785
5691.98,77.609
5698.23,77.416
5704.5,77.24
5710.79,77.043
5717.08,76.855
5723.39,76.688
5729.72,76.473
5736.06,76.257
5742.41,76.036
5748.77,75.809
5755.15,75.612
5761.55,75.396
5767.96,75.149
5774.38,74.882
5780.82,74.564
5787.27,74.282
5793.74,74.029
5800.21,73.725
5806.71,73.39
5813.22,73.05
5819.74,72.707
5826.28,72.355
5832.84,71.989
5839.4,71.635
5845.99,71.282
5852.59,70.903
5859.2,70.522
5865.83,70.151
5872.47,69.761
5879.13,69.332
5885.8,68.852
5892.49,68.383
5899.19,67.873
5905.91,67.288
5912.65,66.716
5919.4,66.149
5926.16,65.568
5932.94,65.007
5939.74,64.484
5946.55,64.015
5953.38,63.622
5960.22,63.263
5967.08,62.886
5973.95,62.51
5980.84,62.159
5987.75,61.836
5994.67,61.529
6001.61,61.21
6008.56,60.899
6015.53,60.601
6022.52,60.331
6029.52,60.092
6036.54,59.903
6043.58,59.717
6050.63,59.537
6057.7,59.354
6064.78,59.168
6071.88,59.053
6079.0,58.958
6086.14,58.86
6093.29,58.772
6100.46,58.731
6107.64,58.707
6114.84,58.714
6122.06,58.733
6129.3,58.75
6136.55,58.78
6143.83,58.819
6151.11,58.885
6158.42,58.988
6165.74,59.125
6173.08,59.355
6180.44,59.654
6187.81,60.023
6195.21,60.398
6202.62,60.694
6210.05,60.97
6217.49,61.229
6224.95,61.439
6232.43,61.666
6239.93,61.893
6247.45,62.08
6254.99,62.273
6262.54,62.483
6270.12,62.66
6277.71,62.817
6285.32,62.982
6292.94,63.153
6300.59,63.284
6308.26,63.442
6315.94,63.603
6323.64,63.762
6331.36,63.92
6339.1,64.102
6346.86,64.308
6354.64,64.452
6362.44,64.557
6370.25,64.672
6378.09,64.788
6385.94,64.887
6393.82,64.962
6401.71,65.034
6409.62,65.099
6417.56,65.191
6425.51,65.283
6433.48,65.334
6441.47,65.356
6449.48,65.409
6457.51,65.446
6465.56,65.448
6473.64,65.433
6481.73,65.42
6489.84,65.397
6497.97,65.371
6506.13,65.324
6514.3,65.268
6522.49,65.219
6530.71,65.182
6538.94,65.124
6547.2,65.026
6555.48,64.961
6563.78,64.863
6572.09,64.734
6580.43,64.614
6588.8,64.497
6597.18,64.357
6605.58,64.199
6614.01,64.03
6622.46,63.83
6630.92,63.652
6639.41,63.479
6647.93,63.278
6656.46,63.048
6665.02,62.817
6673.59,62.607
6682.19,62.373
6690.82,62.127
6699.46,61.919
6708.12,61.696
6716.81,61.448
6725.52,61.223
6734.26,60.996
6743.02,60.73
6751.8,60.436
6760.6,60.175
6769.42,59.892
6778.27,59.575
6787.15,59.25
6796.04,58.926
6804.96,58.607
6813.9,58.285
6822.87,58.001
6831.86,57.776
6840.87,57.581
6849.91,57.394
6858.97,57.234
6868.05,57.143
6877.16,57.058
6886.29,57.006
6895.45,56.978
6904.63,56.929
6913.84,56.882
6923.07,56.841
6932.33,56.826
6941.6,56.794
6950.91,56.745
6960.24,56.708
6969.6,56.683
6978.98,56.644
6988.38,56.614
6997.81,56.599
7007.27,56.561
7016.75,56.563
7026.25,56.559
7035.79,56.55
7045.35,56.58
7054.93,56.618
7064.54,56.651
7074.18,56.642
7083.85,56.614
7093.54,56.621
7103.25,56.625
7113.0,56.608
7122.77,56.601
7132.57,56.565
7142.39,56.55
7152.24,56.593
7162.12,56.664
7172.03,56.738
7181.96,56.809
7191.92,56.85
7201.91,56.895
7211.93,56.929
7221.97,56.966
7232.04,57.032
7242.14,57.053
7252.27,57.058
7262.43,57.077
7272.62,57.128
7282.83,57.197
7293.07,57.294
7303.35,57.377
7313.65,57.392
7323.97,57.398
7334.33,57.413
7344.72,57.448
7355.14,57.497
7365.58,57.516
7376.06,57.512
7386.57,57.49
7397.11,57.424
7407.67,57.356
7418.27,57.287
7428.9,57.188
7439.56,57.081
7450.25,56.993
7460.97,56.919
7471.72,56.801
7482.5,56.649
7493.31,56.479
7504.16,56.295
7515.03,56.113
7525.94,55.888
7536.88,55.663
7547.85,55.438
7558.85,55.249
7569.88,55.065
7580.95,54.898
7592.05,54.755
7603.18,54.632
7614.35,54.527
7625.55,54.414
7636.78,54.309
7648.04,54.172
7659.33,53.975
7670.66,53.801
7682.03,53.617
7693.42,53.407
7704.85,53.171
7716.32,52.925
7727.82,52.631
7739.35,52.329
7750.92,51.999
7762.53,51.667
7774.16,51.312
7785.84,50.896
7797.55,50.45
7809.29,50.028
7821.07,49.606
7832.88,49.15
7844.73,48.638
7856.62,48.11
7868.54,47.59
7880.5,46.982
7892.49,46.345
7904.52,45.715
7916.59,45.062
7928.7,44.406
7940.84,43.721
7953.02,43.007
7965.23,42.336
7977.49,41.608
7989.78,40.843
8002.1,40.065
8014.47,39.256
8026.88,38.458
8039.32,37.661
8051.81,36.845
8064.33,35.992
8076.89,35.172
8089.49,34.394
8102.13,33.588
8114.81,32.742
8127.53,31.874
8140.29,31.02
8153.09,30.21
8165.93,29.368
8178.81,28.504
8191.73,27.656
8204.69,26.869
8217.69,26.12
8230.73,25.368
8243.82,24.652
8256.95,24.022
8270.12,23.444
8283.33,22.916
8296.58,22.426
8309.88,21.98
8323.21,21.552
8336.6,21.164
8350.02,20.778
8363.49,20.41
8377.0,20.05
8390.55,19.722
8404.15,19.429
8417.79,19.114
8431.48,18.805
8445.21,18.548
8458.98,18.306
8472.81,18.126
8486.68,17.957
8500.59,17.766
8514.55,17.579
8528.55,17.357
8542.6,17.155
8556.7,16.934
8570.84,16.699
8585.03,16.453
8599.27,16.185
8613.55,15.915
8627.88,15.625
8642.26,15.385
8656.69,15.188
8671.16,14.953
8685.69,14.732
8700.26,14.559
8714.88,14.421
8729.55,14.241
8744.27,14.083
8759.04,13.976
8773.86,13.826
8788.73,13.671
8803.66,13.539
8818.63,13.414
8833.65,13.297
8848.72,13.211
8863.85,13.08
8879.03,12.954
8894.26,12.857
8909.54,12.814
8924.88,12.78
8940.27,12.722
8955.71,12.656
8971.2,12.622
8986.75,12.587
9002.35,12.545
9018.0,12.523
9033.71,12.545
9049.48,12.551
9065.3,12.57
9081.18,12.604
9097.1,12.68
9113.09,12.765
9129.14,12.829
9145.24,12.924
9161.39,13.091
9177.61,13.234
9193.88,13.327
9210.21,13.397
9226.6,13.494
9243.04,13.635
9259.55,13.824
9276.11,13.987
9292.73,14.16
9309.42,14.432
9326.17,14.668
9342.97,14.876
9359.83,15.171
9376.76,15.469
9393.75,15.767
9410.79,16.069
9427.91,16.363
9445.08,16.692
9462.31,17.055
9479.61,17.408
9496.97,17.74
9514.4,18.046
9531.88,18.331
9549.44,18.634
9567.06,18.966
9584.74,19.268
9602.49,19.516
9620.31,19.756
9638.19,19.998
9656.14,20.219
9674.15,20.393
9692.23,20.566
9710.38,20.714
9728.6,20.785
9746.89,20.873
9765.24,20.965
9783.67,21.044
9802.16,21.128
9820.73,21.168
9839.36,21.211
9858.07,21.297
9876.85,21.337
9895.69,21.404
9914.61,21.455
9933.61,21.44
9952.67,21.466
9971.81,21.548
9991.03,21.637
10010.31,21.652
10029.68,21.657
10049.11,21.7
10068.63,21.73
10088.22,21.74
10107.88,21.755
10127.62,21.8
10147.44,21.882
10167.34,21.895
10187.31,21.865
10207.37,21.909
10227.5,21.974
10247.71,21.97
10268.0,22.015
10288.38,22.102
10308.83,22.154
10329.37,22.24
10349.98,22.357
10370.69,22.48
10391.48,22.584
10412.34,22.711
10433.29,22.831
10454.33,22.959
10475.45,23.009
10496.65,23.111
10517.94,23.276
10539.32,23.454
10560.79,23.636
10582.34,23.701
10603.98,23.795
10625.71,23.932
10647.53,24.103
10669.44,24.322
10691.44,24.48
10713.53,24.643
10735.71,24.909
10757.98,25.241
10780.34,25.543
10802.8,25.848
10825.36,26.145
10848.0,26.544
10870.75,26.974
10893.58,27.364
10916.52,27.761
10939.55,28.23
10962.68,28.74
10985.9,29.226
11009.23,29.702
11032.65,30.231
11056.17,30.703
11079.8,31.152
11103.52,31.628
11127.35,32.029
11151.28,32.401
11175.32,32.804
11199.46,33.16
11223.7,33.421
11248.05,33.574
11272.5,33.687
11297.06,33.681
11321.72,33.619
11346.5,33.61
11371.38,33.661
11396.37,33.655
11421.48,33.659
11446.69,33.788
11472.01,33.966
11497.45,34.139
11523.0,34.296
11548.66,34.43
11574.44,34.512
11600.34,34.572
11626.34,34.666
11652.47,34.626
11678.71,34.445
11705.08,34.212
11731.56,34.004
11758.16,33.788
11784.88,33.511
11811.73,33.344
11838.7,33.213
11865.79,33.008
11893.0,32.759
11920.34,32.479
11947.81,32.176
11975.4,31.958
12003.12,31.739
12030.97,31.364
12058.95,31.054
12087.06,30.717
12115.31,30.433
12143.69,30.162
12172.19,29.845
12200.83,29.492
12229.61,29.093
12258.52,28.74
12287.57,28.446
12316.76,28.191
12346.08,27.827
12375.55,27.42
12405.15,27.028
12434.9,26.67
12464.79,26.36
12494.83,26.04
12525.01,25.693
12555.34,25.308
12585.81,24.898
12616.43,24.478
12647.2,24.125
12678.13,23.78
12709.2,23.478
12740.43,23.193
12771.81,22.835
12803.34,22.544
12835.03,22.19
12866.88,21.805
12898.89,21.421
12931.06,20.992
12963.38,20.676
12995.87,20.513
13028.52,20.283
13061.34,19.981
13094.33,19.739
13127.48,19.465
13160.79,19.163
13194.28,18.942
13227.95,18.743
13261.78,18.499
13295.78,18.196
13329.96,17.882
13364.32,17.637
13398.85,17.389
13433.57,17.1
13468.46,16.806
13503.54,16.585
13538.8,16.444
13574.24,16.225
13609.87,15.915
13645.68,15.615
13681.69,15.388
13717.89,15.143
13754.28,14.983
13790.86,14.865
13827.63,14.651
13864.61,14.471
13901.78,14.297
13939.15,14.057
13976.71,13.864
14014.48,13.794
14052.46,13.746
14090.65,13.764
14129.04,13.669
14167.65,13.521
14206.46,13.389
14245.5,13.331
14284.74,13.299
14324.2,13.191
14363.88,13.091
14403.78,13.014
14443.91,13.065
14484.25,12.99
14524.83,12.889
14565.63,13.07
14606.66,13.38
14647.92,13.504
14689.42,13.522
14731.15,13.659
14773.12,13.813
14815.32,13.987
14857.77,14.211
14900.46,14.458
14943.4,14.687
14986.59,14.841
15030.03,14.996
15073.73,15.223
15117.68,15.48
15161.88,15.683
15206.35,15.782
15251.07,15.958
15296.06,16.183
15341.32,16.343
15386.84,16.542
15432.64,16.804
15478.71,16.971
15525.05,17.112
15571.68,17.232
15618.58,17.325
15665.77,17.348
15713.24,17.406
15760.98,17.475
15809.04,17.646
15857.38,17.86
15906.03,17.888
15954.97,17.929
16004.21,17.873
16053.76,17.813
16103.63,17.935
16153.79,18.016
16204.28,18.061
16255.07,18.072
16306.19,18.115
16357.63,18.164
16409.39,18.104
16461.5,17.993
16513.92,18.027
16566.68,17.972
16619.78,17.918
16673.22,17.974
16727.01,17.837
16781.14,17.74
16835.61,17.648
16890.45,17.415
16945.64,17.348
17001.21,17.168
17057.13,17.044
17113.43,16.84
17170.09,16.633
17227.15,16.538
17284.57,16.348
17342.38,16.298
17400.58,16.125
17459.17,15.94
17518.15,15.707
17577.53,15.467
17637.33,15.471
17697.53,15.553
17758.14,15.332
17819.16,15.058
17880.61,15.088
17942.48,15.088
18004.78,15.122
18067.53,15.154
18130.7,15.062
18194.32,14.993
18258.38,14.927
18322.9,14.783
18387.88,14.852
18453.32,14.801
18519.2,14.803
18585.58,15.028
18652.43,15.107
18719.77,15.145
18787.6,15.214
18855.92,15.398
18924.73,15.647
18994.07,15.91
19063.9,16.352
19134.25,16.992
19205.12,17.459
19276.51,18.077
19348.44,19.086
19420.91,19.784
19493.92,20.38
19567.48,21.22
19641.6,22.017
19716.28,22.574
19791.54,23.212
19867.37,23.812
19943.78,24.346
20020.78,24.77
20098.38,25.036
20176.59,25.503
20255.4,26.062
20334.83,26.3
20414.89,26.606
20495.58,27.135
20576.91,27.724
20658.89,27.99
20741.53,28.164
20824.83,28.478
20908.8,28.419
20993.45,28.444
21078.79,28.982
21164.83,29.447
21251.57,29.132
21339.02,28.879
21427.2,29.006
21516.11,28.967
21605.76,29.278
21696.16,29.393
21787.32,28.918
21879.25,29.185
21971.96,29.593
22065.46,29.269
22159.76,28.787
22254.86,28.928
22350.79,29.042
22447.54,28.824
22545.14,28.869
22643.6,28.929
22742.91,28.631
22843.1,28.541
22944.17,28.47
23046.15,28.134
23149.03,28.102
23252.84,27.791
23357.58,27.234
23463.27,26.882
23569.92,26.37
23677.55,26.066
23786.16,25.706
23895.78,25.434
24006.41,25.162
24118.06,24.639
24230.77,24.217
24344.52,23.304
24459.36,22.345
24575.28,21.97
24692.3,21.655
24810.45,20.772
24929.73,19.803
25050.16,19.726
