Composition,
Date Added,2006-03-10
Formula,
Grain Size Description,<0.0um
Grain Size,0.0 - 0.0
Locality,
Minimum Wavelength,320
Sample Name,"3C-3 plate (0.07"" thick)"
Maximum Wavelength,25050
Database of Origin,ReLab
Other Information,
References,
Resolution,4.0
Material Class,Other
Sample Description,
Sample ID,BKT1YS029
Original Sample ID,YS-YGS-029
Viewing Geometry,
Wavelength,Response
320.0,3.25
330.0,32.06
340.0,159.17
350.0,347.04
360.0,510.84
370.0,614.46
380.0,657.95
390.0,650.56
400.0,577.57
410.0,475.08
420.0,367.24
430.0,285.06
440.0,235.72
450.0,222.26
460.0,237.19
470.0,265.2
480.0,304.72
490.0,361.76
500.0,419.73
510.0,463.46
520.0,478.89
530.0,459.43
540.0,408.58
550.0,337.46
560.0,260.34
570.0,187.77
580.0,127.6
590.0,82.29
600.0,49.81
610.0,29.88
620.0,18.28
630.0,11.27
640.0,8.47
650.0,6.28
660.0,4.97
670.0,4.43
680.0,3.78
690.0,3.27
700.0,3.37
710.0,3.52
720.0,3.67
730.0,3.56
740.0,3.47
750.0,3.75
760.0,4.07
770.0,4.33
780.0,4.58
790.0,4.91
800.0,5.1
810.0,5.53
820.0,5.95
830.0,4.91
840.0,4.5
850.0,4.66
860.0,4.47
870.0,4.32
880.0,3.85
890.0,3.8
900.0,3.89
910.0,3.94
920.0,4.09
930.0,4.36
940.0,4.82
950.0,5.14
960.0,5.77
970.0,6.57
980.0,7.13
990.0,7.94
1000.0,9.02
1010.0,9.72
1020.0,11.09
1030.0,12.6
1040.0,13.85
1050.0,15.5
1060.0,17.18
1070.0,19.06
1080.0,20.84
1090.0,23.18
1100.0,25.63
1110.0,28.15
1120.0,30.97
1130.0,33.67
1140.0,36.99
1150.0,40.09
1160.0,43.9
1170.0,47.44
1180.0,51.67
1190.0,55.66
1200.0,60.3
1210.0,66.71
1220.0,70.43
1230.0,75.55
1240.0,80.92
1250.0,86.25
1260.0,91.85
1270.0,97.55
1280.0,102.96
1290.0,108.47
1300.0,114.18
1310.0,120.12
1320.0,126.23
1330.0,132.75
1340.0,138.68
1350.0,146.13
1360.0,155.18
1370.0,159.14
1380.0,170.37
1390.0,170.43
1400.0,181.28
1410.0,186.68
1420.0,195.57
1430.0,202.24
1440.0,209.62
1450.0,217.89
1460.0,226.42
1470.0,235.16
1480.0,242.63
1490.0,250.06
1500.0,257.09
1510.0,264.81
1520.0,272.59
1530.0,279.93
1540.0,286.89
1550.0,294.11
1560.0,300.45
1570.0,307.87
1580.0,314.44
1590.0,321.8
1600.0,329.85
1610.0,336.78
1620.0,344.83
1630.0,351.65
1640.0,359.01
1650.0,366.78
1660.0,374.84
1670.0,382.08
1680.0,389.34
1690.0,396.63
1700.0,404.32
1710.0,413.28
1720.0,419.82
1730.0,426.11
1740.0,432.83
1750.0,439.16
1750.6,439.49
1751.2,439.86
1751.8,440.15
1752.4,440.46
1753.0,440.86
1753.6,441.25
1754.2,441.7
1754.7,442.13
1755.3,442.54
1755.9,442.9
1756.5,443.25
1757.1,443.49
1757.7,443.88
1758.3,444.34
1758.9,444.64
1759.5,444.93
1760.1,445.35
1760.7,445.82
1761.3,446.22
1761.9,446.51
1762.5,446.87
1763.1,447.29
1763.7,447.63
1764.3,447.94
1764.9,448.34
1765.5,448.69
1766.1,449.0
1766.7,449.39
1767.3,449.77
1767.9,450.08
1768.5,450.47
1769.1,450.85
1769.7,451.26
1770.3,451.62
1770.9,451.97
1771.5,452.29
1772.1,452.66
1772.7,453.03
1773.3,453.45
1773.9,453.77
1774.6,454.08
1775.2,454.4
1775.8,454.81
1776.4,455.28
1777.0,455.65
1777.6,455.89
1778.2,456.32
1778.8,456.73
1779.4,457.08
1780.0,457.37
1780.7,457.75
1781.3,458.11
1781.9,458.51
1782.5,458.84
1783.1,459.18
1783.7,459.57
1784.3,459.97
1784.9,460.3
1785.6,460.59
1786.2,460.98
1786.8,461.43
1787.4,461.8
1788.0,462.16
1788.6,462.52
1789.3,462.83
1789.9,463.19
1790.5,463.61
1791.1,463.97
1791.7,464.26
1792.3,464.57
1793.0,464.95
1793.6,465.31
1794.2,465.68
1794.8,466.04
1795.4,466.43
1796.1,466.83
1796.7,467.18
1797.3,467.46
1797.9,467.88
1798.6,468.23
1799.2,468.58
1799.8,468.94
1800.4,469.26
1801.1,469.55
1801.7,469.96
1802.3,470.37
1802.9,470.74
1803.6,471.01
1804.2,471.36
1804.8,471.71
1805.5,472.04
1806.1,472.37
1806.7,472.84
1807.3,473.24
1808.0,473.57
1808.6,473.88
1809.2,474.29
1809.9,474.63
1810.5,474.99
1811.1,475.29
1811.8,475.62
1812.4,476.02
1813.0,476.49
1813.7,476.81
1814.3,477.17
1814.9,477.48
1815.6,477.83
1816.2,478.22
1816.8,478.64
1817.5,478.97
1818.1,479.31
1818.8,479.6
1819.4,479.92
1820.0,480.24
1820.7,480.56
1821.3,480.89
1821.9,481.26
1822.6,481.68
1823.2,482.07
1823.9,482.37
1824.5,482.79
1825.2,483.21
1825.8,483.53
1826.4,483.83
1827.1,484.2
1827.7,484.55
1828.4,484.92
1829.0,485.25
1829.7,485.66
1830.3,486.01
1831.0,486.41
1831.6,486.73
1832.3,487.09
1832.9,487.4
1833.6,487.73
1834.2,488.03
1834.8,488.37
1835.5,488.69
1836.2,489.09
1836.8,489.51
1837.4,489.83
1838.1,490.14
1838.8,490.53
1839.4,490.89
1840.1,491.31
1840.7,491.61
1841.4,491.92
1842.0,492.29
1842.7,492.67
1843.3,493.07
1844.0,493.5
1844.6,493.75
1845.3,494.01
1845.9,494.38
1846.6,494.76
1847.3,495.12
1847.9,495.48
1848.6,495.74
1849.3,496.11
1849.9,496.49
1850.6,496.85
1851.2,497.15
1851.9,497.59
1852.6,498.04
1853.2,498.33
1853.9,498.54
1854.5,498.88
1855.2,499.28
1855.9,499.69
1856.5,500.01
1857.2,500.33
1857.9,500.74
1858.5,501.14
1859.2,501.43
1859.9,501.76
1860.5,502.08
1861.2,502.46
1861.9,502.78
1862.5,503.06
1863.2,503.29
1863.9,503.63
1864.5,504.03
1865.2,504.47
1865.9,504.78
1866.6,505.13
1867.2,505.53
1867.9,505.93
1868.6,506.19
1869.3,506.49
1869.9,506.81
1870.6,507.14
1871.3,507.49
1871.9,507.92
1872.6,508.29
1873.3,508.62
1874.0,508.92
1874.7,509.33
1875.3,509.71
1876.0,509.97
1876.7,510.29
1877.4,510.76
1878.1,511.08
1878.7,511.38
1879.4,511.68
1880.1,512.05
1880.8,512.43
1881.5,512.77
1882.1,513.05
1882.8,513.4
1883.5,513.79
1884.2,514.17
1884.9,514.43
1885.6,514.74
1886.3,515.09
1886.9,515.44
1887.6,515.7
1888.3,516.07
1889.0,516.39
1889.7,516.72
1890.4,517.09
1891.1,517.44
1891.8,517.72
1892.4,518.03
1893.1,518.37
1893.8,518.78
1894.5,519.15
1895.2,519.45
1895.9,519.81
1896.6,520.18
1897.3,520.48
1898.0,520.81
1898.7,521.03
1899.4,521.38
1900.1,521.83
1900.8,522.22
1901.5,522.46
1902.2,522.75
1902.9,523.12
1903.6,523.48
1904.3,523.72
1905.0,524.06
1905.7,524.4
1906.4,524.7
1907.1,525.01
1907.8,525.39
1908.5,525.76
1909.2,526.11
1909.9,526.39
1910.6,526.72
1911.3,527.05
1912.0,527.43
1912.7,527.78
1913.4,528.2
1914.1,528.42
1914.8,528.59
1915.5,528.91
1916.2,529.35
1916.9,529.68
1917.6,530.01
1918.3,530.32
1919.1,530.67
1919.8,531.05
1920.5,531.42
1921.2,531.68
1921.9,531.96
1922.6,532.36
1923.3,532.76
1924.1,532.99
1924.8,533.3
1925.5,533.64
1926.2,533.99
1926.9,534.31
1927.6,534.6
1928.3,534.87
1929.1,535.22
1929.8,535.56
1930.5,535.98
1931.2,536.26
1931.9,536.52
1932.7,536.86
1933.4,537.27
1934.1,537.56
1934.8,537.84
1935.5,538.2
1936.3,538.64
1937.0,538.94
1937.7,539.19
1938.4,539.43
1939.2,539.82
1939.9,540.13
1940.6,540.44
1941.3,540.65
1942.1,540.95
1942.8,541.29
1943.5,541.69
1944.3,542.03
1945.0,542.33
1945.7,542.67
1946.4,543.04
1947.2,543.36
1947.9,543.71
1948.6,543.94
1949.4,544.2
1950.1,544.51
1950.8,544.86
1951.6,545.14
1952.3,545.48
1953.0,545.83
1953.8,546.16
1954.5,546.37
1955.3,546.67
1956.0,547.01
1956.7,547.37
1957.5,547.63
1958.2,547.89
1958.9,548.18
1959.7,548.58
1960.4,548.89
1961.2,549.18
1961.9,549.47
1962.7,549.83
1963.4,550.16
1964.1,550.49
1964.9,550.76
1965.6,551.04
1966.4,551.35
1967.1,551.7
1967.9,552.04
1968.6,552.34
1969.4,552.56
1970.1,552.92
1970.8,553.23
1971.6,553.53
1972.3,553.82
1973.1,554.2
1973.8,554.49
1974.6,554.77
1975.4,555.08
1976.1,555.41
1976.9,555.67
1977.6,555.96
1978.4,556.26
1979.1,556.59
1979.9,556.9
1980.6,557.31
1981.4,557.62
1982.2,557.86
1982.9,558.12
1983.7,558.51
1984.4,558.83
1985.2,559.15
1985.9,559.41
1986.7,559.74
1987.5,560.05
1988.2,560.33
1989.0,560.58
1989.8,560.87
1990.5,561.18
1991.3,561.6
1992.1,561.9
1992.8,562.18
1993.6,562.45
1994.3,562.84
1995.1,563.11
1995.9,563.39
1996.7,563.65
1997.4,563.9
1998.2,564.25
1999.0,564.66
1999.7,564.95
2000.5,565.21
2001.3,565.48
2002.1,565.81
2002.8,566.09
2003.6,566.44
2004.4,566.77
2005.2,567.04
2005.9,567.33
2006.7,567.65
2007.5,567.93
2008.3,568.23
2009.0,568.47
2009.8,568.79
2010.6,569.1
2011.4,569.45
2012.2,569.72
2012.9,570.05
2013.7,570.37
2014.5,570.67
2015.3,570.93
2016.1,571.25
2016.8,571.56
2017.6,571.83
2018.4,572.11
2019.2,572.47
2020.0,572.76
2020.8,573.1
2021.6,573.34
2022.4,573.6
2023.2,573.89
2023.9,574.24
2024.7,574.52
2025.5,574.82
2026.3,575.1
2027.1,575.43
2027.9,575.76
2028.7,576.07
2029.5,576.3
2030.3,576.62
2031.1,576.93
2031.9,577.25
2032.7,577.54
2033.5,577.82
2034.3,578.11
2035.1,578.47
2035.9,578.71
2036.7,578.94
2037.5,579.21
2038.3,579.61
2039.1,579.91
2039.9,580.19
2040.7,580.43
2041.5,580.78
2042.3,581.1
2043.1,581.41
2043.9,581.66
2044.7,581.97
2045.5,582.26
2046.3,582.57
2047.1,582.82
2047.9,583.05
2048.7,583.33
2049.5,583.72
2050.4,584.06
2051.2,584.35
2052.0,584.64
2052.8,585.01
2053.6,585.31
2054.4,585.59
2055.2,585.79
2056.0,586.08
2056.9,586.34
2057.7,586.64
2058.5,586.96
2059.3,587.33
2060.1,587.57
2060.9,587.83
2061.8,588.12
2062.6,588.45
2063.4,588.71
2064.2,589.07
2065.1,589.33
2065.9,589.59
2066.7,589.81
2067.5,590.15
2068.3,590.43
2069.2,590.76
2070.0,591.0
2070.8,591.24
2071.6,591.56
2072.5,591.91
2073.3,592.17
2074.1,592.42
2075.0,592.67
2075.8,593.0
2076.6,593.33
2077.5,593.63
2078.3,593.81
2079.1,594.09
2080.0,594.4
2080.8,594.69
2081.6,594.9
2082.5,595.22
2083.3,595.53
2084.1,595.89
2085.0,596.13
2085.8,596.33
2086.7,596.55
2087.5,596.89
2088.3,597.18
2089.2,597.44
2090.0,597.62
2090.9,597.95
2091.7,598.3
2092.6,598.57
2093.4,598.77
2094.2,599.09
2095.1,599.36
2095.9,599.6
2096.8,599.77
2097.6,600.11
2098.5,600.46
2099.3,600.75
2100.2,600.93
2101.0,601.19
2101.9,601.5
2102.7,601.87
2103.6,602.12
2104.4,602.31
2105.3,602.51
2106.1,602.87
2107.0,603.26
2107.9,603.55
2108.7,603.66
2109.6,603.97
2110.4,604.27
2111.3,604.54
2112.2,604.79
2113.0,605.07
2113.9,605.29
2114.7,605.59
2115.6,605.85
2116.5,606.06
2117.3,606.23
2118.2,606.58
2119.1,606.87
2119.9,607.1
2120.8,607.27
2121.7,607.54
2122.5,607.8
2123.4,608.14
2124.3,608.33
2125.1,608.51
2126.0,608.71
2126.9,608.99
2127.8,609.23
2128.6,609.46
2129.5,609.67
2130.4,609.98
2131.3,610.23
2132.1,610.45
2133.0,610.66
2133.9,610.97
2134.8,611.25
2135.6,611.49
2136.5,611.66
2137.4,611.91
2138.3,612.15
2139.2,612.39
2140.1,612.58
2140.9,612.88
2141.8,613.16
2142.7,613.38
2143.6,613.56
2144.5,613.75
2145.4,613.9
2146.3,614.15
2147.1,614.44
2148.0,614.7
2148.9,614.87
2149.8,615.11
2150.7,615.35
2151.6,615.59
2152.5,615.74
2153.4,615.93
2154.3,616.11
2155.2,616.4
2156.1,616.61
2157.0,616.78
2157.9,616.94
2158.8,617.23
2159.7,617.43
2160.6,617.55
2161.5,617.69
2162.4,618.0
2163.3,618.22
2164.2,618.43
2165.1,618.55
2166.0,618.76
2166.9,618.97
2167.8,619.24
2168.7,619.39
2169.6,619.52
2170.5,619.62
2171.4,619.87
2172.3,620.05
2173.3,620.19
2174.2,620.28
2175.1,620.52
2176.0,620.71
2176.9,620.84
2177.8,620.91
2178.7,621.03
2179.6,621.14
2180.6,621.29
2181.5,621.32
2182.4,621.42
2183.3,621.58
2184.2,621.74
2185.1,621.79
2186.1,621.87
2187.0,621.92
2187.9,622.06
2188.8,622.11
2189.8,622.16
2190.7,622.24
2191.6,622.38
2192.6,622.5
2193.5,622.62
2194.4,622.63
2195.3,622.77
2196.3,622.92
2197.2,623.05
2198.1,623.05
2199.1,623.17
2200.0,623.27
2200.9,623.51
2201.9,623.63
2202.8,623.68
2203.7,623.73
2204.7,623.95
2205.6,624.12
2206.5,624.27
2207.5,624.33
2208.4,624.48
2209.4,624.66
2210.3,624.9
2211.3,625.0
2212.2,625.13
2213.1,625.32
2214.1,625.56
2215.0,625.71
2216.0,625.89
2216.9,626.05
2217.9,626.3
2218.8,626.44
2219.8,626.62
2220.7,626.85
2221.7,627.15
2222.6,627.3
2223.6,627.46
2224.5,627.62
2225.5,627.95
2226.4,628.2
2227.4,628.38
2228.4,628.56
2229.3,628.86
2230.3,629.11
2231.2,629.42
2232.2,629.58
2233.1,629.81
2234.1,630.04
2235.1,630.34
2236.0,630.59
2237.0,630.84
2238.0,631.02
2238.9,631.33
2239.9,631.63
2240.9,631.92
2241.8,632.14
2242.8,632.43
2243.8,632.69
2244.8,633.01
2245.7,633.21
2246.7,633.41
2247.7,633.66
2248.6,634.07
2249.6,634.32
2250.6,634.54
2251.6,634.77
2252.6,635.12
2253.5,635.44
2254.5,635.74
2255.5,635.92
2256.5,636.22
2257.5,636.54
2258.4,636.83
2259.4,637.01
2260.4,637.32
2261.4,637.62
2262.4,637.89
2263.4,638.11
2264.4,638.4
2265.4,638.69
2266.3,639.02
2267.3,639.28
2268.3,639.54
2269.3,639.77
2270.3,640.14
2271.3,640.42
2272.3,640.66
2273.3,640.85
2274.3,641.18
2275.3,641.5
2276.3,641.76
2277.3,641.91
2278.3,642.21
2279.3,642.48
2280.3,642.79
2281.3,643.01
2282.3,643.27
2283.3,643.54
2284.3,643.89
2285.3,644.11
2286.3,644.35
2287.3,644.48
2288.4,644.79
2289.4,645.14
2290.4,645.41
2291.4,645.6
2292.4,645.91
2293.4,646.15
2294.4,646.43
2295.4,646.6
2296.5,646.88
2297.5,647.16
2298.5,647.43
2299.5,647.68
2300.5,647.94
2301.6,648.14
2302.6,648.41
2303.6,648.63
2304.6,648.89
2305.6,649.12
2306.7,649.43
2307.7,649.66
2308.7,649.93
2309.8,650.12
2310.8,650.39
2311.8,650.65
2312.9,650.91
2313.9,651.11
2314.9,651.36
2315.9,651.55
2317.0,651.85
2318.0,652.06
2319.1,652.31
2320.1,652.48
2321.1,652.71
2322.2,652.95
2323.2,653.26
2324.3,653.45
2325.3,653.66
2326.3,653.87
2327.4,654.16
2328.4,654.35
2329.5,654.59
2330.5,654.8
2331.6,655.05
2332.6,655.24
2333.7,655.5
2334.7,655.73
2335.8,656.01
2336.8,656.17
2337.9,656.36
2338.9,656.53
2340.0,656.77
2341.0,656.98
2342.1,657.2
2343.2,657.38
2344.2,657.66
2345.3,657.83
2346.3,658.04
2347.4,658.21
2348.5,658.48
2349.5,658.71
2350.6,658.93
2351.7,659.07
2352.7,659.27
2353.8,659.48
2354.9,659.76
2355.9,659.91
2357.0,660.12
2358.1,660.28
2359.1,660.51
2360.2,660.68
2361.3,660.92
2362.4,661.12
2363.4,661.36
2364.5,661.5
2365.6,661.68
2366.7,661.82
2367.8,662.07
2368.9,662.32
2369.9,662.55
2371.0,662.69
2372.1,662.92
2373.2,663.06
2374.3,663.2
2375.4,663.36
2376.4,663.62
2377.5,663.78
2378.6,663.98
2379.7,664.14
2380.8,664.39
2381.9,664.52
2383.0,664.71
2384.1,664.92
2385.2,665.12
2386.3,665.22
2387.4,665.47
2388.5,665.64
2389.6,665.86
2390.7,665.98
2391.8,666.13
2392.9,666.27
2394.0,666.48
2395.1,666.58
2396.2,666.76
2397.3,666.91
2398.4,667.13
2399.6,667.28
2400.7,667.46
2401.8,667.54
2402.9,667.66
2404.0,667.8
2405.1,668.02
2406.2,668.15
2407.4,668.32
2408.5,668.41
2409.6,668.53
2410.7,668.65
2411.8,668.84
2412.9,668.96
2414.1,669.1
2415.2,669.18
2416.3,669.33
2417.4,669.43
2418.6,669.59
2419.7,669.67
2420.8,669.8
2422.0,669.9
2423.1,670.03
2424.2,670.1
2425.4,670.21
2426.5,670.31
2427.6,670.48
2428.8,670.56
2429.9,670.67
2431.1,670.71
2432.2,670.79
2433.3,670.89
2434.5,671.07
2435.6,671.15
2436.8,671.3
2437.9,671.38
2439.1,671.47
2440.2,671.49
2441.4,671.61
2442.5,671.68
2443.6,671.87
2444.8,671.91
2446.0,672.03
2447.1,672.14
2448.3,672.27
2449.4,672.33
2450.6,672.43
2451.7,672.46
2452.9,672.59
2454.1,672.72
2455.2,672.9
2456.4,672.97
2457.6,673.06
2458.7,673.12
2459.9,673.25
2461.1,673.3
2462.2,673.46
2463.4,673.54
2464.6,673.67
2465.7,673.79
2466.9,673.94
2468.1,674.04
2469.3,674.15
2470.4,674.2
2471.6,674.3
2472.8,674.42
2474.0,674.62
2475.1,674.72
2476.3,674.87
2477.5,674.91
2478.7,675.04
2479.9,675.12
2481.1,675.27
2482.3,675.38
2483.4,675.51
2484.6,675.66
2485.8,675.82
2487.0,675.88
2488.2,676.05
2489.4,676.16
2490.6,676.27
2491.8,676.33
2493.0,676.52
2494.2,676.66
2495.4,676.85
2496.6,676.96
2497.8,677.12
2499.0,677.19
2500.2,677.3
2501.4,677.36
2502.6,677.51
2503.8,677.62
2505.0,677.79
2506.3,677.87
2507.5,678.04
2508.7,678.15
2509.9,678.32
2511.1,678.43
2512.3,678.58
2513.5,678.67
2514.8,678.8
2516.0,678.84
2517.2,679.03
2518.4,679.15
2519.6,679.31
2520.9,679.4
2522.1,679.53
2523.3,679.62
2524.6,679.75
2525.8,679.82
2527.0,680.0
2528.3,680.12
2529.5,680.31
2530.7,680.43
2531.9,680.57
2533.2,680.63
2534.4,680.78
2535.7,680.88
2536.9,681.0
2538.1,681.06
2539.4,681.19
2540.6,681.3
2541.9,681.48
2543.1,681.63
2544.4,681.81
2545.6,681.84
2546.9,681.92
2548.1,682.05
2549.4,682.19
2550.6,682.29
2551.9,682.47
2553.1,682.57
2554.4,682.7
2555.7,682.73
2556.9,682.85
2558.2,682.92
2559.4,683.11
2560.7,683.26
2562.0,683.5
2563.2,683.55
2564.5,683.68
2565.8,683.7
2567.1,683.79
2568.3,683.92
2569.6,684.13
2570.9,684.15
2572.1,684.27
2573.4,684.42
2574.7,684.49
2576.0,684.56
2577.3,684.82
2578.5,684.76
2579.8,684.85
2581.1,684.99
2582.4,685.07
2583.7,685.21
2585.0,685.31
2586.3,685.32
2587.5,685.6
2588.8,685.61
2590.1,685.7
2591.4,685.71
2592.7,685.83
2594.0,686.11
2595.3,686.45
2596.6,686.24
2597.9,686.13
2599.2,686.14
2600.5,686.39
2601.8,686.48
2603.1,686.56
2604.4,686.6
2605.8,686.83
2607.1,686.84
2608.4,686.8
2609.7,686.81
2611.0,686.96
2612.3,687.01
2613.6,687.14
2614.9,687.09
2616.3,687.27
2617.6,687.33
2618.9,687.29
2620.2,687.37
2621.6,687.41
2622.9,687.3
2624.2,687.39
2625.5,687.34
2626.9,687.53
2628.2,687.44
2629.5,687.54
2630.9,687.61
2632.2,687.48
2633.5,687.41
2634.9,687.52
2636.2,687.38
2637.6,687.36
2638.9,687.38
2640.2,687.44
2641.6,687.34
2642.9,687.38
2644.3,687.34
2645.6,687.49
2647.0,687.43
2648.3,687.37
2649.7,687.22
2651.0,687.22
2652.4,687.17
2653.8,687.1
2655.1,686.97
2656.5,686.91
2657.8,686.71
2659.2,686.68
2660.6,686.55
2661.9,686.55
2663.3,686.39
2664.7,686.43
2666.0,686.26
2667.4,686.07
2668.8,685.76
2670.1,685.89
2671.5,685.58
2672.9,685.07
2674.3,684.79
2675.7,684.69
2677.0,684.43
2678.4,684.01
2679.8,683.5
2681.2,683.06
2682.6,682.7
2684.0,682.45
2685.4,681.94
2686.8,681.5
2688.1,680.9
2689.5,680.38
2690.9,679.74
2692.3,679.23
2693.7,678.55
2695.1,677.73
2696.5,676.58
2697.9,675.47
2699.3,674.21
2700.8,673.01
2702.1,671.51
2703.6,669.81
2705.0,667.88
2706.4,665.9
2707.8,663.59
2709.2,661.2
2710.6,658.43
2712.1,655.21
2713.5,651.5
2714.9,647.87
2716.3,643.86
2717.7,639.69
2719.2,635.18
2720.6,630.43
2722.0,624.81
2723.4,619.61
2724.9,613.83
2726.3,607.64
2727.7,601.42
2729.2,595.1
2730.6,588.4
2732.1,581.74
2733.5,574.95
2734.9,568.07
2736.4,560.75
2737.8,553.94
2739.3,546.95
2740.7,539.67
2742.2,532.2
2743.6,525.06
2745.1,517.89
2746.5,510.96
2748.0,504.03
2749.4,497.34
2750.9,490.67
2752.4,484.19
2753.8,477.88
2755.3,471.83
2756.7,465.26
2758.2,459.42
2759.7,453.78
2761.1,448.45
2762.6,443.11
2764.1,437.88
2765.6,432.87
2767.0,428.24
2768.5,423.54
2770.0,419.2
2771.5,414.87
2773.0,410.74
2774.4,406.82
2775.9,403.21
2777.4,399.61
2778.9,396.26
2780.4,392.99
2781.9,389.95
2783.4,386.89
2784.9,384.16
2786.4,381.53
2787.9,378.98
2789.4,376.48
2790.9,374.27
2792.4,372.01
2793.9,369.96
2795.4,367.98
2796.9,366.2
2798.4,364.38
2799.9,362.74
2801.4,361.16
2802.9,359.7
2804.4,358.21
2806.0,356.92
2807.5,355.6
2809.0,354.42
2810.5,353.24
2812.1,352.21
2813.6,351.17
2815.1,350.29
2816.6,349.37
2818.2,348.56
2819.7,347.75
2821.2,347.06
2822.8,346.3
2824.3,345.7
2825.9,345.07
2827.4,344.54
2828.9,343.97
2830.5,343.53
2832.0,343.06
2833.6,342.67
2835.1,342.25
2836.7,341.9
2838.2,341.57
2839.8,341.33
2841.3,341.0
2842.9,340.75
2844.4,340.52
2846.0,340.39
2847.6,340.18
2849.1,340.03
2850.7,339.86
2852.3,339.76
2853.8,339.69
2855.4,339.67
2857.0,339.56
2858.6,339.54
2860.1,339.46
2861.7,339.49
2863.3,339.47
2864.9,339.51
2866.5,339.54
2868.1,339.63
2869.6,339.69
2871.2,339.81
2872.8,339.86
2874.4,339.96
2876.0,340.04
2877.6,340.18
2879.2,340.28
2880.8,340.47
2882.4,340.6
2884.0,340.77
2885.6,340.91
2887.2,341.1
2888.8,341.3
2890.4,341.5
2892.0,341.66
2893.6,341.89
2895.3,342.07
2896.9,342.31
2898.5,342.5
2900.1,342.73
2901.8,342.94
2903.4,343.2
2905.0,343.44
2906.6,343.69
2908.3,343.9
2909.9,344.18
2911.5,344.39
2913.2,344.65
2914.8,344.88
2916.4,345.14
2918.1,345.36
2919.7,345.65
2921.4,345.92
2923.0,346.19
2924.7,346.4
2926.3,346.67
2928.0,346.93
2929.6,347.22
2931.3,347.45
2932.9,347.7
2934.6,347.92
2936.3,348.18
2937.9,348.4
2939.6,348.67
2941.3,348.95
2942.9,349.22
2944.6,349.42
2946.3,349.63
2947.9,349.8
2949.6,350.03
2951.3,350.24
2953.0,350.46
2954.7,350.66
2956.3,350.91
2958.0,351.08
2959.7,351.26
2961.4,351.42
2963.1,351.62
2964.8,351.75
2966.5,351.9
2968.2,352.03
2969.9,352.2
2971.6,352.31
2973.3,352.47
2975.0,352.58
2976.7,352.72
2978.4,352.82
2980.1,352.92
2981.8,352.97
2983.6,353.03
2985.3,353.07
2987.0,353.16
2988.7,353.21
2990.4,353.25
2992.2,353.24
2993.9,353.27
2995.6,353.27
2997.4,353.3
2999.1,353.28
3000.8,353.27
3002.6,353.21
3004.3,353.16
3006.1,353.11
3007.8,353.04
3009.5,352.92
3011.3,352.84
3013.0,352.74
3014.8,352.64
3016.5,352.49
3018.3,352.37
3020.1,352.22
3021.8,352.08
3023.6,351.9
3025.3,351.69
3027.1,351.46
3028.9,351.28
3030.6,351.03
3032.4,350.8
3034.2,350.54
3036.0,350.28
3037.7,349.98
3039.5,349.72
3041.3,349.41
3043.1,349.12
3044.9,348.77
3046.7,348.45
3048.5,348.1
3050.3,347.74
3052.1,347.35
3053.8,347.0
3055.6,346.56
3057.4,346.15
3059.3,345.72
3061.1,345.32
3062.9,344.87
3064.7,344.4
3066.5,343.9
3068.3,343.43
3070.1,342.93
3071.9,342.45
3073.8,341.94
3075.6,341.41
3077.4,340.84
3079.2,340.3
3081.1,339.71
3082.9,339.16
3084.7,338.58
3086.6,338.01
3088.4,337.39
3090.2,336.79
3092.1,336.13
3093.9,335.48
3095.8,334.83
3097.6,334.2
3099.5,333.51
3101.3,332.84
3103.2,332.16
3105.1,331.48
3106.9,330.76
3108.8,330.06
3110.6,329.32
3112.5,328.61
3114.4,327.85
3116.2,327.11
3118.1,326.35
3120.0,325.62
3121.9,324.86
3123.8,324.08
3125.6,323.27
3127.5,322.49
3129.4,321.67
3131.3,320.88
3133.2,320.05
3135.1,319.23
3137.0,318.39
3138.9,317.55
3140.8,316.68
3142.7,315.85
3144.6,314.99
3146.5,314.15
3148.4,313.28
3150.3,312.42
3152.2,311.51
3154.1,310.65
3156.1,309.76
3158.0,308.88
3159.9,307.97
3161.8,307.07
3163.8,306.16
3165.7,305.26
3167.6,304.34
3169.6,303.44
3171.5,302.51
3173.5,301.6
3175.4,300.68
3177.3,299.77
3179.3,298.82
3181.2,297.91
3183.2,296.96
3185.1,296.02
3187.1,295.06
3189.1,294.14
3191.0,293.21
3193.0,292.28
3195.0,291.32
3196.9,290.38
3198.9,289.42
3200.9,288.49
3202.9,287.51
3204.8,286.56
3206.8,285.6
3208.8,284.66
3210.8,283.7
3212.8,282.77
3214.8,281.82
3216.8,280.89
3218.8,279.93
3220.8,279.01
3222.8,278.08
3224.8,277.14
3226.8,276.17
3228.8,275.24
3230.8,274.29
3232.8,273.35
3234.8,272.4
3236.8,271.49
3238.9,270.56
3240.9,269.63
3242.9,268.67
3244.9,267.74
3247.0,266.78
3249.0,265.88
3251.1,264.97
3253.1,264.08
3255.1,263.15
3257.2,262.24
3259.2,261.33
3261.3,260.44
3263.3,259.51
3265.4,258.62
3267.4,257.74
3269.5,256.86
3271.6,255.95
3273.6,255.05
3275.7,254.15
3277.8,253.29
3279.8,252.4
3281.9,251.53
3284.0,250.63
3286.1,249.74
3288.2,248.87
3290.2,248.05
3292.3,247.19
3294.4,246.33
3296.5,245.45
3298.6,244.62
3300.7,243.77
3302.8,242.93
3304.9,242.07
3307.0,241.25
3309.1,240.41
3311.3,239.6
3313.4,238.76
3315.5,237.95
3317.6,237.1
3319.7,236.29
3321.9,235.49
3324.0,234.7
3326.1,233.89
3328.3,233.1
3330.4,232.3
3332.5,231.54
3334.7,230.73
3336.8,229.95
3339.0,229.17
3341.1,228.41
3343.3,227.61
3345.4,226.88
3347.6,226.13
3349.8,225.39
3351.9,224.63
3354.1,223.88
3356.3,223.13
3358.4,222.41
3360.6,221.66
3362.8,220.95
3365.0,220.23
3367.2,219.5
3369.4,218.74
3371.5,218.02
3373.7,217.28
3375.9,216.57
3378.1,215.85
3380.3,215.17
3382.5,214.49
3384.7,213.86
3386.9,213.23
3389.2,212.6
3391.4,211.95
3393.6,211.32
3395.8,210.65
3398.1,210.02
3400.3,209.37
3402.5,208.73
3404.7,208.06
3407.0,207.41
3409.2,206.73
3411.5,206.07
3413.7,205.39
3416.0,204.74
3418.2,204.05
3420.5,203.35
3422.7,202.64
3425.0,202.01
3427.3,201.44
3429.5,201.04
3431.8,200.72
3434.1,200.47
3436.3,200.17
3438.6,199.85
3440.9,199.45
3443.2,199.05
3445.5,198.63
3447.8,198.22
3450.1,197.8
3452.4,197.41
3454.6,197.01
3456.9,196.62
3459.3,196.22
3461.6,195.86
3463.9,195.5
3466.2,195.15
3468.5,194.79
3470.8,194.45
3473.2,194.1
3475.5,193.77
3477.8,193.43
3480.1,193.1
3482.5,192.79
3484.8,192.52
3487.2,192.21
3489.5,191.91
3491.9,191.61
3494.2,191.33
3496.6,191.02
3498.9,190.73
3501.3,190.39
3503.7,190.04
3506.0,189.66
3508.4,189.39
3510.8,189.27
3513.2,189.29
3515.5,189.32
3517.9,189.31
3520.3,189.23
3522.7,189.15
3525.1,189.06
3527.5,188.99
3529.9,188.88
3532.3,188.79
3534.7,188.69
3537.1,188.63
3539.5,188.55
3541.9,188.49
3544.4,188.44
3546.8,188.4
3549.2,188.35
3551.7,188.33
3554.1,188.3
3556.5,188.3
3559.0,188.29
3561.4,188.31
3563.9,188.33
3566.3,188.35
3568.8,188.37
3571.2,188.42
3573.7,188.44
3576.1,188.48
3578.6,188.54
3581.1,188.62
3583.6,188.68
3586.0,188.76
3588.5,188.85
3591.0,188.94
3593.5,189.03
3596.0,189.16
3598.5,189.26
3601.0,189.37
3603.5,189.48
3606.0,189.62
3608.5,189.75
3611.0,189.9
3613.5,190.02
3616.1,190.18
3618.6,190.33
3621.1,190.51
3623.6,190.67
3626.2,190.82
3628.7,190.98
3631.3,191.18
3633.8,191.35
3636.3,191.55
3638.9,191.73
3641.4,191.93
3644.0,192.13
3646.6,192.35
3649.1,192.56
3651.7,192.79
3654.3,193.01
3656.9,193.25
3659.4,193.46
3662.0,193.7
3664.6,193.93
3667.2,194.18
3669.8,194.41
3672.4,194.68
3675.0,194.95
3677.6,195.22
3680.2,195.48
3682.8,195.76
3685.4,196.04
3688.1,196.33
3690.7,196.61
3693.3,196.91
3695.9,197.2
3698.6,197.51
3701.2,197.81
3703.9,198.12
3706.5,198.44
3709.2,198.78
3711.8,199.09
3714.5,199.42
3717.1,199.76
3719.8,200.12
3722.5,200.46
3725.2,200.83
3727.8,201.18
3730.5,201.56
3733.2,201.93
3735.9,202.32
3738.6,202.69
3741.3,203.09
3744.0,203.47
3746.7,203.87
3749.4,204.27
3752.1,204.72
3754.8,205.14
3757.6,205.57
3760.3,206.0
3763.0,206.44
3765.7,206.87
3768.5,207.34
3771.2,207.79
3774.0,208.26
3776.7,208.73
3779.5,209.22
3782.2,209.68
3785.0,210.17
3787.7,210.65
3790.5,211.15
3793.3,211.65
3796.1,212.18
3798.8,212.69
3801.6,213.2
3804.4,213.71
3807.2,214.24
3810.0,214.76
3812.8,215.31
3815.6,215.84
3818.4,216.39
3821.2,216.91
3824.1,217.48
3826.9,218.02
3829.7,218.56
3832.5,219.1
3835.4,219.68
3838.2,220.24
3841.1,220.8
3843.9,221.34
3846.8,221.91
3849.6,222.46
3852.5,223.02
3855.3,223.56
3858.2,224.12
3861.1,224.66
3863.9,225.2
3866.8,225.72
3869.7,226.27
3872.6,226.79
3875.5,227.33
3878.4,227.84
3881.3,228.35
3884.2,228.86
3887.1,229.38
3890.0,229.85
3893.0,230.33
3895.9,230.79
3898.8,231.27
3901.7,231.71
3904.7,232.16
3907.6,232.58
3910.6,233.0
3913.5,233.39
3916.5,233.79
3919.4,234.13
3922.4,234.49
3925.4,234.83
3928.4,235.16
3931.3,235.45
3934.3,235.75
3937.3,236.0
3940.3,236.25
3943.3,236.45
3946.3,236.67
3949.3,236.85
3952.3,237.01
3955.3,237.13
3958.3,237.25
3961.4,237.33
3964.4,237.39
3967.4,237.41
3970.5,237.43
3973.5,237.41
3976.6,237.37
3979.6,237.28
3982.6,237.18
3985.7,237.02
3988.8,236.85
3991.9,236.65
3994.9,236.44
3998.0,236.16
4001.1,235.88
4004.2,235.54
4007.3,235.18
4010.4,234.77
4013.5,234.36
4016.6,233.89
4019.7,233.39
4022.8,232.86
4025.9,232.31
4029.1,231.7
4032.2,231.09
4035.3,230.42
4038.5,229.72
4041.6,228.98
4044.8,228.23
4047.9,227.43
4051.1,226.61
4054.3,225.73
4057.4,224.85
4060.6,223.92
4063.8,222.97
4067.0,221.98
4070.2,220.98
4073.4,219.93
4076.6,218.88
4079.8,217.78
4083.0,216.69
4086.2,215.53
4089.4,214.37
4092.7,213.18
4095.9,211.98
4099.1,210.74
4102.4,209.51
4105.6,208.22
4108.9,206.95
4112.1,205.65
4115.4,204.35
4118.7,203.0
4122.0,201.66
4125.2,200.3
4128.5,198.95
4131.8,197.54
4135.1,196.16
4138.4,194.75
4141.7,193.37
4145.0,191.95
4148.3,190.55
4151.6,189.12
4155.0,187.71
4158.3,186.27
4161.6,184.85
4165.0,183.4
4168.3,181.97
4171.7,180.52
4175.0,179.1
4178.4,177.63
4181.8,176.2
4185.2,174.75
4188.5,173.32
4191.9,171.85
4195.3,170.37
4198.7,168.84
4202.1,167.3
4205.5,165.69
4208.9,164.03
4212.4,162.29
4215.8,160.53
4219.2,158.74
4222.6,156.99
4226.1,155.25
4229.5,153.61
4233.0,152.05
4236.5,150.6
4239.9,149.24
4243.4,148.0
4246.9,146.84
4250.3,145.77
4253.8,144.7
4257.3,143.42
4260.8,141.71
4264.3,139.85
4267.8,138.02
4271.3,136.3
4274.9,134.64
4278.4,133.03
4281.9,131.43
4285.5,129.88
4289.0,128.32
4292.6,126.77
4296.1,125.2
4299.7,123.65
4303.3,122.05
4306.8,120.45
4310.4,118.81
4314.0,117.16
4317.6,115.47
4321.2,113.76
4324.8,112.0
4328.4,110.23
4332.0,108.42
4335.6,106.6
4339.3,104.73
4342.9,102.86
4346.5,100.96
4350.2,99.04
4353.8,97.09
4357.5,95.14
4361.1,93.18
4364.8,91.22
4368.5,89.23
4372.2,87.24
4375.9,85.23
4379.6,83.23
4383.3,81.21
4387.0,79.19
4390.7,77.16
4394.4,75.16
4398.1,73.14
4401.9,71.14
4405.6,69.13
4409.4,67.15
4413.1,65.17
4416.9,63.21
4420.6,61.25
4424.4,59.3
4428.2,57.38
4432.0,55.49
4435.8,53.61
4439.6,51.76
4443.4,49.92
4447.2,48.12
4451.0,46.34
4454.8,44.61
4458.6,42.89
4462.5,41.21
4466.3,39.57
4470.2,37.97
4474.0,36.41
4477.9,34.88
4481.8,33.38
4485.6,31.93
4489.5,30.52
4493.4,29.15
4497.3,27.82
4501.2,26.52
4505.1,25.27
4509.0,24.08
4513.0,22.92
4516.9,21.8
4520.8,20.72
4524.8,19.67
4528.7,18.66
4532.7,17.7
4536.7,16.79
4540.6,15.91
4544.6,15.07
4548.6,14.26
4552.6,13.49
4556.6,12.75
4560.6,12.05
4564.6,11.37
4568.6,10.73
4572.7,10.14
4576.7,9.56
4580.8,9.01
4584.8,8.49
4588.9,8.0
4592.9,7.54
4597.0,7.09
4601.1,6.67
4605.2,6.28
4609.3,5.9
4613.4,5.56
4617.5,5.22
4621.6,4.91
4625.7,4.62
4629.8,4.34
4634.0,4.07
4638.1,3.83
4642.3,3.61
4646.4,3.39
4650.6,3.18
4654.8,2.99
4659.0,2.81
4663.1,2.64
4667.3,2.49
4671.5,2.35
4675.8,2.22
4680.0,2.11
4684.2,1.99
4688.4,1.87
4692.7,1.77
4696.9,1.68
4701.2,1.58
4705.5,1.5
4709.7,1.42
4714.0,1.36
4718.3,1.29
4722.6,1.23
4726.9,1.18
4731.2,1.13
4735.5,1.09
4739.9,1.04
4744.2,1.01
4748.5,0.97
4752.9,0.93
4757.3,0.91
4761.6,0.88
4766.0,0.85
4770.4,0.83
4774.8,0.82
4779.2,0.81
4783.6,0.79
4788.0,0.78
4792.4,0.76
4796.9,0.75
4801.3,0.73
4805.8,0.72
4810.2,0.72
4814.7,0.7
4819.1,0.7
4823.6,0.7
4828.1,0.71
4832.6,0.71
4837.1,0.72
4841.6,0.72
4846.2,0.71
4850.7,0.7
4855.3,0.72
4859.8,0.72
4864.4,0.73
4868.9,0.72
4873.5,0.72
4878.1,0.73
4882.7,0.75
4887.3,0.75
4891.9,0.75
4896.5,0.74
4901.1,0.74
4905.8,0.74
4910.4,0.73
4915.1,0.72
4919.7,0.72
4924.4,0.71
4929.1,0.71
4933.8,0.69
4938.5,0.67
4943.2,0.66
4947.9,0.64
4952.6,0.61
4957.4,0.6
4962.1,0.57
4966.9,0.54
4971.6,0.51
4976.4,0.49
4981.2,0.47
4986.0,0.44
4990.8,0.42
4995.6,0.39
5000.4,0.36
5005.2,0.34
5010.0,0.32
5014.9,0.29
5019.8,0.26
5024.6,0.24
5029.5,0.22
5034.4,0.21
5039.3,0.2
5044.2,0.18
5049.1,0.16
5054.0,0.16
5058.9,0.15
5063.9,0.14
5068.8,0.13
5073.8,0.11
5078.8,0.11
5083.7,0.11
5088.7,0.1
5093.7,0.09
5098.7,0.07
5103.7,0.07
5108.8,0.06
5113.8,0.07
5118.9,0.06
5123.9,0.07
5129.0,0.07
5134.1,0.07
5139.1,0.07
5144.3,0.06
5149.4,0.07
5154.5,0.07
5159.6,0.07
5164.7,0.07
5169.9,0.07
5175.0,0.08
5180.2,0.08
5185.4,0.07
5190.6,0.07
5195.8,0.08
5201.0,0.07
5206.2,0.07
5211.5,0.07
5216.7,0.08
5222.0,0.07
5227.2,0.07
5232.5,0.08
5237.8,0.08
5243.1,0.08
5248.4,0.08
5253.7,0.09
5259.0,0.08
5264.4,0.08
5269.7,0.08
5275.1,0.08
5280.5,0.08
5285.8,0.09
5291.2,0.08
5296.6,0.09
5302.0,0.09
5307.5,0.07
5312.9,0.06
5318.4,0.06
5323.8,0.07
5329.3,0.09
5334.8,0.08
5340.3,0.07
5351.3,0.07
5356.8,0.08
5362.4,0.08
5367.9,0.06
5373.5,0.06
5379.0,0.06
5384.6,0.06
5390.2,0.05
5395.8,0.05
5401.5,0.06
5412.7,0.05
5418.4,0.06
5424.0,0.06
5429.7,0.06
5435.4,0.05
5441.1,0.05
5446.8,0.05
5452.6,0.04
5458.3,0.04
5464.1,0.05
5475.6,0.05
5481.4,0.04
5487.2,0.03
5493.0,0.04
5498.8,0.05
5504.7,0.05
5510.5,0.04
5516.4,0.03
5522.3,0.04
5528.1,0.03
5540.0,0.03
5545.9,0.03
5551.8,0.03
5557.8,0.03
5563.7,0.03
5569.7,0.02
5575.7,0.02
5581.7,0.02
5587.7,0.02
5593.7,0.03
5605.8,0.03
5611.9,0.03
5618.0,0.04
5624.1,0.02
5630.2,0.02
5636.3,0.02
5642.4,0.02
5648.6,0.03
5654.7,0.03
5660.9,0.02
5673.3,0.02
5679.5,0.02
5685.7,0.01
5692.0,0.02
5698.2,0.02
5704.5,0.02
5710.8,0.03
5717.1,0.03
5723.4,0.02
5729.7,0.02
5748.8,0.01
5755.1,0.02
5761.5,0.01
5768.0,0.01
5774.4,0.01
5780.8,0.0
5787.3,0.01
5793.7,0.02
5800.2,0.01
5806.7,0.01
5819.8,0.01
5826.3,0.01
5832.8,0.01
5839.4,0.0
5846.0,0.0
5852.6,0.0
5859.2,0.0
5865.8,0.01
5872.5,0.01
5879.1,0.01
5892.5,0.02
5899.2,0.02
5905.9,0.01
5912.6,0.01
5919.4,0.0
5926.2,0.0
5932.9,0.01
5939.7,0.02
5946.5,0.02
5953.4,0.03
5967.1,0.01
5974.0,0.01
5980.8,0.02
5987.8,0.02
5994.7,0.02
6001.6,0.03
6008.6,0.03
6015.5,0.03
6022.5,0.03
6029.5,0.03
6043.6,0.03
6050.6,0.03
6057.7,0.04
6064.8,0.04
6071.9,0.03
6079.0,0.03
6086.1,0.03
6093.3,0.04
6100.5,0.05
6107.6,0.04
6122.1,0.04
6129.3,0.03
6136.5,0.03
6143.8,0.03
6151.1,0.04
6158.4,0.04
6165.7,0.03
6173.1,0.03
6180.4,0.04
6187.8,0.04
6202.6,0.05
6210.0,0.06
6217.5,0.05
6225.0,0.05
6232.4,0.05
6239.9,0.05
6247.5,0.04
6255.0,0.05
6262.5,0.06
6270.1,0.06
6285.3,0.06
6293.0,0.05
6300.6,0.05
6308.3,0.06
6315.9,0.06
6323.6,0.05
6331.4,0.05
6339.1,0.05
6346.9,0.05
6354.6,0.05
6370.3,0.05
6378.1,0.05
6385.9,0.07
6393.8,0.07
6401.7,0.07
6409.6,0.07
6417.6,0.07
6425.5,0.07
6433.5,0.06
6441.5,0.06
6457.5,0.07
6465.6,0.07
6473.6,0.06
6481.7,0.07
6489.8,0.07
6498.0,0.07
6506.1,0.07
6514.3,0.08
6522.5,0.08
6530.7,0.08
6547.2,0.07
6555.5,0.08
6563.8,0.08
6572.1,0.07
6580.4,0.07
6588.8,0.08
6597.2,0.08
6605.6,0.08
6614.0,0.08
6622.5,0.08
6630.9,0.08
6639.4,0.09
6647.9,0.09
6656.5,0.08
6665.0,0.07
6673.6,0.08
6682.2,0.07
6690.8,0.07
6699.5,0.07
6708.1,0.07
6725.5,0.07
6734.3,0.08
6743.0,0.09
6751.8,0.09
6760.6,0.09
6769.4,0.08
6778.3,0.08
6787.1,0.07
6796.0,0.08
6805.0,0.07
6822.9,0.07
6831.9,0.08
6840.9,0.09
6849.9,0.09
6859.0,0.08
6868.0,0.09
6877.2,0.08
6886.3,0.07
6895.5,0.07
6904.6,0.08
6923.1,0.07
6932.3,0.07
6941.6,0.07
6950.9,0.08
6960.2,0.08
6969.6,0.08
6979.0,0.07
6988.4,0.07
6997.8,0.07
7007.3,0.07
7026.3,0.09
7035.8,0.09
7045.4,0.08
7054.9,0.08
7064.5,0.07
7074.2,0.07
7083.9,0.07
7093.5,0.07
7103.3,0.07
7113.0,0.07
7132.6,0.08
7142.4,0.08
7152.2,0.07
7162.1,0.07
7172.0,0.08
7182.0,0.07
7191.9,0.06
7201.9,0.06
7211.9,0.06
7222.0,0.07
7242.1,0.07
7252.3,0.07
7262.4,0.07
7272.6,0.07
7282.8,0.07
7293.1,0.07
7303.3,0.07
7313.6,0.06
7324.0,0.06
7334.3,0.05
7355.1,0.06
7365.6,0.06
7376.1,0.05
7386.6,0.06
7397.1,0.06
7407.7,0.06
7418.3,0.06
7428.9,0.06
7439.6,0.07
7450.3,0.06
7471.7,0.05
7482.5,0.05
7493.3,0.05
7504.2,0.05
7515.0,0.04
7525.9,0.05
7536.9,0.05
7547.9,0.05
7558.9,0.04
7569.9,0.04
7592.0,0.04
7603.2,0.03
7614.4,0.03
7625.5,0.05
7636.8,0.04
7648.0,0.04
7659.3,0.03
7670.7,0.04
7682.0,0.04
7693.4,0.04
7716.3,0.03
7727.8,0.04
7739.4,0.04
7750.9,0.03
7762.5,0.03
7774.2,0.03
7785.8,0.04
7797.5,0.04
7809.3,0.04
7821.1,0.03
7844.7,0.03
7856.6,0.02
7868.5,0.02
7880.5,0.02
7892.5,0.02
7904.5,0.01
7916.6,0.01
7928.7,0.0
7940.8,-0.01
7953.0,-0.01
7977.5,0.0
7989.8,0.0
8002.1,0.0
8014.5,0.0
8026.9,-0.01
8039.3,-0.01
8051.8,-0.01
8064.3,0.0
8076.9,0.0
8089.5,0.0
8127.5,0.01
8140.3,0.01
8153.1,0.01
8165.9,0.0
8178.8,0.01
8191.7,0.01
8204.7,0.01
8217.7,0.01
8230.7,0.01
8243.8,0.01
8270.1,0.01
8283.3,0.02
8296.6,0.01
8309.9,0.02
8323.2,0.03
8336.6,0.02
8350.0,0.02
8363.5,0.01
8377.0,0.01
8390.5,0.01
8417.8,0.02
8431.5,0.01
8445.2,0.01
8459.0,0.0
8472.8,0.01
8486.7,0.01
8500.6,0.01
8514.5,0.03
8528.5,0.03
8542.6,0.01
8570.8,0.0
8585.0,0.0
8599.3,0.01
8613.5,0.02
8627.9,0.02
8642.3,0.01
8656.7,0.0
8671.2,0.01
8685.7,0.02
8700.3,0.0
8729.5,0.01
8744.3,0.01
8759.0,0.01
8773.9,0.01
8788.7,0.03
8803.7,0.02
8818.6,0.0
8833.7,0.01
8848.7,0.02
8863.8,0.01
8894.3,0.01
8909.5,0.01
8924.9,0.02
8940.3,0.01
8955.7,0.03
8971.2,0.03
8986.8,0.01
9002.3,0.01
9018.0,0.01
9033.7,0.02
9065.3,0.04
9081.2,0.02
9097.1,0.01
9113.1,0.03
9129.1,0.04
9145.2,0.03
9161.4,0.04
9177.6,0.04
9193.9,0.04
9210.2,0.04
9243.0,0.04
9259.5,0.03
9276.1,0.02
9292.7,0.03
9309.4,0.04
9326.2,0.04
9343.0,0.04
9359.8,0.04
9376.8,0.04
9393.8,0.04
9427.9,0.04
9445.1,0.02
9462.3,0.04
9479.6,0.04
9497.0,0.05
9514.4,0.05
9531.9,0.05
9549.4,0.06
9567.1,0.05
9584.7,0.04
9620.3,0.06
9638.2,0.05
9656.1,0.05
9674.2,0.04
9692.2,0.03
9710.4,0.05
9728.6,0.05
9746.9,0.05
9765.2,0.03
9783.7,0.02
9820.7,0.04
9839.4,0.05
9858.1,0.04
9876.8,0.06
9895.7,0.06
9914.6,0.05
9933.6,0.05
9952.7,0.06
9971.8,0.08
9991.0,0.07
10029.7,0.08
10049.1,0.08
10068.6,0.08
10088.2,0.07
10107.9,0.08
10127.6,0.08
10147.5,0.06
10167.3,0.05
10187.3,0.06
10207.4,0.07
10227.5,0.07
10247.7,0.07
10268.0,0.08
10288.4,0.09
10308.8,0.08
10329.4,0.07
10350.0,0.06
10370.7,0.07
10391.5,0.08
10412.3,0.1
10433.3,0.1
10454.3,0.09
10475.5,0.09
10496.7,0.09
10517.9,0.1
10539.3,0.09
10560.8,0.09
10582.3,0.09
10604.0,0.09
10625.7,0.08
10647.5,0.08
10669.4,0.09
10691.4,0.08
10713.5,0.09
10735.7,0.09
10758.0,0.09
10780.3,0.08
10802.8,0.09
10825.4,0.1
10848.0,0.1
10870.8,0.1
10893.6,0.09
10916.5,0.08
10939.5,0.08
10962.7,0.09
10985.9,0.11
11009.2,0.1
11032.7,0.08
11056.2,0.09
11079.8,0.1
11103.5,0.09
11127.4,0.07
11151.3,0.07
11175.3,0.07
11199.5,0.07
11223.7,0.06
11248.0,0.05
11272.5,0.07
11321.7,0.08
11346.5,0.06
11371.4,0.07
11396.4,0.05
11421.5,0.03
11446.7,0.06
11472.0,0.07
11497.5,0.04
11523.0,0.05
11548.7,0.08
11574.4,0.07
11600.3,0.07
11626.3,0.09
11652.5,0.1
11678.7,0.11
11705.1,0.09
11731.6,0.07
11758.2,0.08
11784.9,0.08
11811.7,0.08
11865.8,0.05
11893.0,0.07
11920.3,0.07
11947.8,0.07
11975.4,0.07
12003.1,0.08
12031.0,0.06
12059.0,0.06
12087.1,0.1
12115.3,0.12
12172.2,0.09
12200.8,0.1
12229.6,0.1
12258.5,0.07
12287.6,0.07
12316.8,0.09
12346.1,0.11
12375.5,0.11
12405.2,0.08
12434.9,0.09
12464.8,0.08
12494.8,0.08
12525.0,0.11
12555.3,0.13
12585.8,0.13
12616.4,0.14
12647.2,0.13
12678.1,0.12
12709.2,0.12
12740.4,0.11
12771.8,0.11
12803.3,0.13
12835.0,0.13
12866.9,0.1
12898.9,0.12
12931.1,0.13
12963.4,0.12
12995.9,0.12
13028.5,0.15
13061.3,0.17
13094.3,0.15
13127.5,0.12
13160.8,0.11
13194.3,0.13
13228.0,0.15
13261.8,0.16
13295.8,0.16
13330.0,0.15
13364.3,0.16
13398.9,0.16
13433.6,0.16
13468.5,0.19
13503.5,0.21
13538.8,0.2
13574.2,0.19
13609.9,0.2
13645.7,0.23
13681.7,0.21
13717.9,0.18
13754.3,0.17
13790.8,0.2
13827.6,0.21
13864.6,0.2
13901.8,0.21
13939.2,0.21
13976.7,0.2
14014.5,0.15
14052.5,0.13
14090.7,0.19
14129.0,0.22
14167.6,0.24
14206.5,0.23
14245.5,0.22
14284.7,0.2
14324.2,0.2
14363.9,0.23
14403.8,0.23
14443.9,0.23
14484.3,0.25
14524.8,0.26
14565.6,0.24
14606.7,0.25
14647.9,0.25
14689.4,0.24
14731.1,0.26
14773.1,0.29
14815.3,0.28
14857.8,0.26
14900.5,0.26
14943.4,0.29
14986.6,0.31
15030.0,0.32
15073.7,0.3
15117.7,0.27
15161.9,0.25
15206.3,0.25
15251.1,0.25
15296.1,0.24
15341.3,0.25
15386.8,0.27
15432.6,0.25
15478.7,0.23
15525.1,0.24
15571.7,0.26
15618.6,0.25
15665.8,0.29
15713.2,0.31
15761.0,0.3
15809.0,0.28
15857.4,0.25
15906.0,0.22
15955.0,0.22
16004.2,0.2
16053.8,0.26
16103.6,0.27
16153.8,0.24
16204.3,0.25
16255.1,0.25
16306.2,0.24
16357.6,0.27
16409.4,0.26
16461.5,0.22
16513.9,0.22
16566.7,0.24
16619.8,0.24
16673.2,0.26
16727.0,0.31
16781.1,0.26
16835.6,0.21
16890.5,0.21
16945.7,0.21
17001.2,0.18
17057.2,0.18
17113.4,0.24
17170.1,0.26
17227.2,0.27
17284.6,0.2
17342.4,0.14
17400.6,0.14
17459.2,0.13
17518.2,0.18
17577.5,0.17
17637.3,0.1
17697.5,0.03
17758.1,0.01
17819.2,0.05
17880.6,0.09
17942.5,0.09
18004.8,0.06
18067.5,0.01
18130.7,0.01
18194.3,-0.01
18258.4,-0.04
18322.9,-0.07
18387.9,-0.08
18453.3,-0.07
18519.2,-0.03
18585.6,-0.08
18652.4,-0.16
18719.8,-0.11
18787.6,-0.08
18855.9,-0.06
18924.8,-0.02
18994.1,-0.02
19063.9,-0.04
19134.3,-0.04
19205.1,-0.01
19276.5,0.01
19348.4,0.0
19420.9,-0.01
19493.9,0.03
19567.5,0.0
19641.6,0.11
19716.3,0.11
19791.5,0.08
19867.4,0.16
19943.8,0.25
20020.8,0.25
20098.4,0.25
20176.6,0.33
20255.4,0.33
20334.8,0.26
20414.9,0.35
20495.6,0.47
20576.9,0.56
20658.9,0.58
20741.5,0.35
20824.8,0.34
20908.8,0.65
20993.4,0.67
21078.8,0.67
21164.8,0.7
21251.6,0.67
21339.0,0.63
21427.2,0.68
21516.1,0.7
21605.8,0.79
21696.2,0.9
21787.3,1.06
21879.3,0.95
21972.0,0.98
22065.5,1.15
22159.8,1.2
22254.9,1.19
22350.8,1.32
22447.5,1.31
22545.1,1.27
22643.6,1.27
22742.9,1.5
22843.1,1.5
22944.2,1.54
23046.2,1.66
23149.0,1.77
23252.8,1.92
23357.6,2.07
23463.3,1.92
23569.9,2.01
23677.6,2.38
23786.2,2.87
23895.8,2.82
24006.4,2.94
24118.1,3.36
24230.8,1.27
24344.5,1.25
24459.4,1.45
24575.3,1.49
24692.3,1.51
24810.4,1.84
24929.7,2.24
25050.2,2.58
